2,9844523518E+4	-8,0646899900E-5
2,9845074311E+4	-8,0593169100E-5
2,9845624529E+4	-8,0788237200E-5
2,9846198775E+4	-8,0647038200E-5
2,9846748898E+4	-8,0625107800E-5
2,9847310839E+4	-8,0649920800E-5
2,9847862377E+4	-8,0822320500E-5
2,9848446437E+4	-8,0491449500E-5
2,9848997618E+4	-8,0274658500E-5
2,9849556457E+4	-7,9880763300E-5
2,9850107807E+4	-7,9579525000E-5
2,9850668840E+4	-7,9011039400E-5
2,9851219646E+4	-7,8564612600E-5
2,9851774678E+4	-7,7968800300E-5
2,9852324656E+4	-7,7281691900E-5
2,9852875682E+4	-7,6552705700E-5
2,9853435221E+4	-7,5683396800E-5
2,9853986624E+4	-7,4804817600E-5
2,9854541165E+4	-7,4304936700E-5
2,9855092425E+4	-7,3458111800E-5
2,9855649294E+4	-7,2987725200E-5
2,9856200452E+4	-7,2285074000E-5
2,9856758971E+4	-7,1825087700E-5
2,9857309631E+4	-7,1006534800E-5
2,9857867011E+4	-7,0405211100E-5
2,9858417771E+4	-6,9582046100E-5
2,9858974755E+4	-6,9265149700E-5
2,9859525369E+4	-6,8439102200E-5
2,9860084195E+4	-6,7824841600E-5
2,9860635573E+4	-6,6962704500E-5
2,9861192384E+4	-6,6354416600E-5
2,9861743274E+4	-6,5729801900E-5
2,9862295090E+4	-6,5151238900E-5
2,9862849714E+4	-6,4641050000E-5
2,9863402834E+4	-6,3968561800E-5
2,9863958427E+4	-6,3300109300E-5
2,9864511543E+4	-6,2839638700E-5
2,9865065694E+4	-6,2332655200E-5
2,9865617167E+4	-6,1702413800E-5
2,9866177552E+4	-6,0954287400E-5
2,9866729049E+4	-6,0196475700E-5
2,9867285758E+4	-5,9499197600E-5
2,9867835722E+4	-5,9035521600E-5
2,9868385684E+4	-5,8328904000E-5
2,9868944722E+4	-5,7516738800E-5
2,9869495718E+4	-5,7067913800E-5
2,9870053878E+4	-5,6410968300E-5
2,9870604725E+4	-5,5893769100E-5
2,9871167041E+4	-5,5107339400E-5
2,9871719499E+4	-5,4642533400E-5
2,9872276502E+4	-5,3900564200E-5
2,9872826766E+4	-5,3121836700E-5
2,9873383824E+4	-5,2511934500E-5
2,9873935432E+4	-5,2002852500E-5
2,9874487756E+4	-5,1324391700E-5
2,9875042666E+4	-5,0629327400E-5
2,9875593335E+4	-5,0209973600E-5
2,9876148546E+4	-4,9511980600E-5
2,9876698955E+4	-4,8809929000E-5
2,9877259268E+4	-4,8224678400E-5
2,9877810016E+4	-4,7618858000E-5
2,9878368641E+4	-4,6876312200E-5
2,9878918677E+4	-4,6156227400E-5
2,9879477420E+4	-4,5450393800E-5
2,9880029387E+4	-4,4621994100E-5
2,9880579673E+4	-4,4246201400E-5
2,9881134717E+4	-4,3459495000E-5
2,9881686997E+4	-4,2873160600E-5
2,9882246602E+4	-4,2161008500E-5
2,9882799570E+4	-4,1680337000E-5
2,9883357377E+4	-4,1017257500E-5
2,9883907642E+4	-4,0444113600E-5
2,9884467512E+4	-3,9823534500E-5
2,9885018712E+4	-3,9091273700E-5
2,9885576533E+4	-3,8278278400E-5
2,9886128931E+4	-3,7550629700E-5
2,9886683631E+4	-3,6767313100E-5
2,9887234617E+4	-3,6127939800E-5
2,9887795857E+4	-3,5572829200E-5
2,9888348123E+4	-3,4961151400E-5
2,9888908814E+4	-3,4260252800E-5
2,9889459871E+4	-3,3625952700E-5
2,9890019335E+4	-3,2784085700E-5
2,9890570182E+4	-3,2182992600E-5
2,9891129832E+4	-3,1519013800E-5
2,9891681777E+4	-3,1051394400E-5
2,9892240545E+4	-3,0276587200E-5
2,9892792537E+4	-2,9782655900E-5
2,9893351177E+4	-2,9020278200E-5
2,9893901856E+4	-2,8430853700E-5
2,9894462719E+4	-2,7652172300E-5
2,9895013789E+4	-2,7058689200E-5
2,9895574828E+4	-2,6506138300E-5
2,9896125971E+4	-2,6081826500E-5
2,9896685831E+4	-2,5385309300E-5
2,9897237434E+4	-2,4754560600E-5
2,9897797166E+4	-2,4367929400E-5
2,9898347753E+4	-2,3327304700E-5
2,9898909043E+4	-2,2980106900E-5
2,9899459401E+4	-2,2291176600E-5
2,9900019605E+4	-2,1743076400E-5
2,9900572554E+4	-2,1097499800E-5
2,9901126218E+4	-2,0414749700E-5
2,9901677563E+4	-1,9763200500E-5
2,9902235306E+4	-1,9046920600E-5
2,9902785728E+4	-1,8181531900E-5
2,9903344777E+4	-1,7632486200E-5
2,9903895492E+4	-1,6875712200E-5
2,9904453809E+4	-1,6282505800E-5
2,9905004869E+4	-1,5588986600E-5
2,9905556190E+4	-1,5112834900E-5
2,9906111827E+4	-1,4451784700E-5
2,9906662770E+4	-1,3723167500E-5
2,9907222417E+4	-1,3071387600E-5
2,9907775435E+4	-1,2449517100E-5
2,9908327961E+4	-1,1691843700E-5
2,9908878686E+4	-1,1002221600E-5
2,9909438633E+4	-1,0377929800E-5
2,9909990418E+4	-9,8025260300E-6
2,9910545864E+4	-9,2869410200E-6
2,9911097485E+4	-8,5584621500E-6
2,9911655065E+4	-7,8972966600E-6
2,9912205731E+4	-7,2525502000E-6
2,9912766230E+4	-6,7421999100E-6
2,9913316640E+4	-6,0485422900E-6
2,9913873579E+4	-5,3092942000E-6
2,9914425566E+4	-4,8510374100E-6
2,9914982418E+4	-4,0959468100E-6
2,9915532687E+4	-3,2151768800E-6
2,9916089413E+4	-2,8242796000E-6
2,9916641242E+4	-2,2708524200E-6
2,9917196428E+4	-1,5243864200E-6
2,9917746691E+4	-7,4831083500E-7
2,9918299549E+4	-3,6246378100E-7
2,9918854648E+4	3,2134704100E-7
2,9919406256E+4	1,0811419700E-6
2,9919965794E+4	1,8968353700E-6
2,9920516633E+4	2,5553719600E-6
2,9921076879E+4	3,2585535400E-6
2,9921627853E+4	3,8320663500E-6
2,9922187821E+4	4,6044983900E-6
2,9922739743E+4	5,1650281700E-6
2,9923296663E+4	5,9272905600E-6
2,9923848249E+4	6,3612647300E-6
2,9924398598E+4	6,8399530600E-6
2,9924954715E+4	7,6921280500E-6
2,9925506995E+4	8,1681874900E-6
2,9926063121E+4	8,8937146300E-6
2,9926615632E+4	9,7502711000E-6
2,9927171689E+4	1,0276071900E-5
2,9927723695E+4	1,0744613600E-5
2,9928282238E+4	1,1547047300E-5
2,9928833602E+4	1,2082787100E-5
2,9929388435E+4	1,2515170100E-5
2,9929940435E+4	1,3247315600E-5
2,9930491584E+4	1,3896581900E-5
2,9931050102E+4	1,4427801900E-5
2,9931602554E+4	1,4954963200E-5
2,9932154866E+4	1,5741300700E-5
2,9932706050E+4	1,6273696800E-5
2,9933264689E+4	1,6924969300E-5
2,9933816475E+4	1,7511326800E-5
2,9934375848E+4	1,8162668500E-5
2,9934928132E+4	1,8991644700E-5
2,9935485354E+4	1,9593129800E-5
2,9936035725E+4	2,0115402400E-5
2,9936594548E+4	2,0750855500E-5
2,9937146558E+4	2,1361564700E-5
2,9937703748E+4	2,2074201100E-5
2,9938256534E+4	2,2612546700E-5
2,9938812567E+4	2,3322508100E-5
2,9939362528E+4	2,4001891300E-5
2,9939913608E+4	2,4701244900E-5
2,9940471361E+4	2,5331301800E-5
2,9941022876E+4	2,5947453400E-5
2,9941579245E+4	2,6534387300E-5
2,9942131371E+4	2,7391750900E-5
2,9942687216E+4	2,8076438000E-5
2,9943238712E+4	2,8759995200E-5
2,9943797597E+4	2,9218390400E-5
2,9944347729E+4	2,9626721300E-5
2,9944906684E+4	3,0414972800E-5
2,9945457769E+4	3,0991552700E-5
2,9946009642E+4	3,1639320000E-5
2,9946562353E+4	3,2097438500E-5
2,9947115824E+4	3,2894845000E-5
2,9947666640E+4	3,3508529000E-5
2,9948223920E+4	3,4255594600E-5
2,9948774723E+4	3,4878941000E-5
2,9949331094E+4	3,5620080000E-5
2,9949883670E+4	3,5856587800E-5
2,9950439756E+4	3,6504493500E-5
2,9950989759E+4	3,7132867000E-5
2,9951552213E+4	3,7822097100E-5
2,9952103846E+4	3,8271037500E-5
2,9952658653E+4	3,8716657100E-5
2,9953211946E+4	3,9599733100E-5
2,9953766665E+4	3,9959199000E-5
2,9954318253E+4	4,0700614800E-5
2,9954879332E+4	4,1258262000E-5
2,9955429823E+4	4,1654970500E-5
2,9955984704E+4	4,2318857200E-5
2,9956534667E+4	4,3004582000E-5
2,9957093823E+4	4,3550583700E-5
2,9957645791E+4	4,4003790300E-5
2,9958205531E+4	4,4711860700E-5
2,9958757091E+4	4,5390782700E-5
2,9959312603E+4	4,5917575000E-5
2,9959864143E+4	4,6600578800E-5
2,9960419568E+4	4,7297580100E-5
2,9960970997E+4	4,7807353900E-5
2,9961531831E+4	4,8416794900E-5
2,9962082880E+4	4,9029602600E-5
2,9962640188E+4	4,9616513600E-5
2,9963192219E+4	5,0164429300E-5
2,9963746727E+4	5,1064247100E-5
2,9964297872E+4	5,1516577400E-5
2,9964856469E+4	5,2160793500E-5
2,9965406769E+4	5,2916437500E-5
2,9965961648E+4	5,3415326800E-5
2,9966512134E+4	5,4239252700E-5
2,9967071778E+4	5,4624408000E-5
2,9967623254E+4	5,5458826500E-5
2,9968182708E+4	5,5927276000E-5
2,9968734258E+4	5,6733676000E-5
2,9969291498E+4	5,7347360100E-5
2,9969842106E+4	5,7832413100E-5
2,9970393063E+4	5,8743784200E-5
2,9970950613E+4	5,9244887300E-5
2,9971501675E+4	5,9862630000E-5
2,9972057837E+4	6,0543189300E-5
2,9972610246E+4	6,1049158100E-5
2,9973160650E+4	6,1558147800E-5
2,9973719389E+4	6,2135650100E-5
2,9974269617E+4	6,2861269400E-5
2,9974824604E+4	6,3300893400E-5
2,9975374705E+4	6,4076092700E-5
2,9975934822E+4	6,4815502200E-5
2,9976485614E+4	6,5426534300E-5
2,9977046564E+4	6,5964856900E-5
2,9977598072E+4	6,6578448700E-5
2,9978154775E+4	6,7153276000E-5
2,9978704771E+4	6,7644739800E-5
2,9979256662E+4	6,8468250700E-5
2,9979813467E+4	6,9050365000E-5
2,9980363687E+4	6,9599641300E-5
2,9980919794E+4	7,0344078000E-5
2,9981472098E+4	7,1033261900E-5
2,9982029400E+4	7,1749242000E-5
2,9982580738E+4	7,2262290400E-5
2,9983137603E+4	7,2943841300E-5
2,9983689177E+4	7,3453638100E-5
2,9984246768E+4	7,4155159400E-5
2,9984796563E+4	7,4884260900E-5
2,9985348368E+4	7,5416380200E-5
2,9985904448E+4	7,5970983500E-5
2,9986456846E+4	7,6697686700E-5
2,9987011810E+4	7,7246340400E-5
2,9987563664E+4	7,7871301000E-5
2,9988120367E+4	7,8304491100E-5
2,9988671675E+4	7,9050288300E-5
2,9989229793E+4	7,9550422900E-5
2,9989780858E+4	8,0294006300E-5
2,9990338764E+4	8,0759942200E-5
2,9990889748E+4	8,1476844800E-5
2,9991440850E+4	8,2089076000E-5
2,9991996515E+4	8,2696141700E-5
2,9992546464E+4	8,3311785900E-5
2,9993107176E+4	8,3934832500E-5
2,9993657604E+4	8,4490888600E-5
2,9994219355E+4	8,5142391800E-5
2,9994769970E+4	8,5660697900E-5
2,9995328764E+4	8,6195446100E-5
2,9995879766E+4	8,6576104600E-5
2,9996436600E+4	8,7355685400E-5
2,9996987744E+4	8,8059097600E-5
2,9997544273E+4	8,8486084400E-5
2,9998094755E+4	8,9147365200E-5
2,9998655824E+4	8,9887028400E-5
2,9999207235E+4	9,0316943900E-5
2,9999764848E+4	9,1141746200E-5
3,0000317635E+4	9,1494962700E-5
3,0000873359E+4	9,2209628400E-5
3,0001424140E+4	9,2635254700E-5
3,0001984623E+4	9,3057583300E-5
3,0002536706E+4	9,3932588200E-5
3,0003090788E+4	9,4382427900E-5
3,0003642331E+4	9,5063863500E-5
3,0004199455E+4	9,5725790000E-5
3,0004750757E+4	9,6463493000E-5
3,0005309741E+4	9,6979170300E-5
3,0005859923E+4	9,7622164100E-5
3,0006417590E+4	9,8079752200E-5
3,0006969066E+4	9,8736559200E-5
3,0007525671E+4	9,9316183100E-5
3,0008076477E+4	1,0001858100E-4
3,0008636623E+4	1,0074182500E-4
3,0009186903E+4	1,0126898600E-4
3,0009746019E+4	1,0179884600E-4
3,0010297094E+4	1,0260280100E-4
3,0010847608E+4	1,0328333700E-4
3,0011403848E+4	1,0396244400E-4
3,0011955325E+4	1,0473697400E-4
3,0012511929E+4	1,0530518300E-4
3,0013062744E+4	1,0604337100E-4
3,0013622861E+4	1,0680496400E-4
3,0014173771E+4	1,0731038000E-4
3,0014733339E+4	1,0802523000E-4
3,0015283677E+4	1,0853154500E-4
3,0015839560E+4	1,0897121500E-4
3,0016390712E+4	1,0980461800E-4
3,0016950458E+4	1,1033226400E-4
3,0017501252E+4	1,1106205700E-4
3,0018059229E+4	1,1174681400E-4
3,0018609720E+4	1,1236953700E-4
3,0019170880E+4	1,1277789100E-4
3,0019721899E+4	1,1346852800E-4
3,0020283026E+4	1,1405048100E-4
3,0020833650E+4	1,1449372600E-4
3,0021393201E+4	1,1506038900E-4
3,0021944818E+4	1,1587836600E-4
3,0022504811E+4	1,1651063700E-4
3,0023056290E+4	1,1699942500E-4
3,0023617093E+4	1,1755271400E-4
3,0024167787E+4	1,1822402600E-4
3,0024728173E+4	1,1896987000E-4
3,0025279215E+4	1,1953157500E-4
3,0025837852E+4	1,2033779100E-4
3,0026389713E+4	1,2086273900E-4
3,0026949821E+4	1,2150215800E-4
3,0027502320E+4	1,2208053700E-4
3,0028061126E+4	1,2269583500E-4
3,0028613452E+4	1,2333922100E-4
3,0029173389E+4	1,2377418700E-4
3,0029723835E+4	1,2461540800E-4
3,0030284331E+4	1,2513975600E-4
3,0030834697E+4	1,2590547700E-4
3,0031394114E+4	1,2636168200E-4
3,0031945603E+4	1,2700119300E-4
3,0032507650E+4	1,2746770600E-4
3,0033059486E+4	1,2804278700E-4
3,0033612528E+4	1,2872431500E-4
3,0034162604E+4	1,2908361900E-4
3,0034721827E+4	1,2996111500E-4
3,0035272048E+4	1,3054712600E-4
3,0035832580E+4	1,3103801300E-4
3,0036385472E+4	1,3155378300E-4
3,0036944811E+4	1,3217865100E-4
3,0037495658E+4	1,3264551000E-4
3,0038054458E+4	1,3341005500E-4
3,0038604948E+4	1,3389042700E-4
3,0039163815E+4	1,3463562400E-4
3,0039714420E+4	1,3519769900E-4
3,0040271757E+4	1,3572380000E-4
3,0040822558E+4	1,3650746200E-4
3,0041379997E+4	1,3696553500E-4
3,0041930746E+4	1,3765912300E-4
3,0042487770E+4	1,3809766300E-4
3,0043040683E+4	1,3880718600E-4
3,0043594726E+4	1,3926242200E-4
3,0044145996E+4	1,3966514900E-4
3,0044704381E+4	1,4028017100E-4
3,0045257404E+4	1,4103493900E-4
3,0045814815E+4	1,4142362200E-4
3,0046366183E+4	1,4217636100E-4
3,0046924214E+4	1,4285343800E-4
3,0047474678E+4	1,4338484200E-4
3,0048026087E+4	1,4391977500E-4
3,0048582762E+4	1,4453163700E-4
3,0049133054E+4	1,4523302000E-4
3,0049693254E+4	1,4578444100E-4
3,0050243570E+4	1,4649295000E-4
3,0050804801E+4	1,4693079800E-4
3,0051355361E+4	1,4777054300E-4
3,0051915494E+4	1,4826696500E-4
3,0052466486E+4	1,4894943900E-4
3,0053026526E+4	1,4942690500E-4
3,0053576776E+4	1,5001792000E-4
3,0054138618E+4	1,5072559900E-4
3,0054689642E+4	1,5162108100E-4
3,0055250654E+4	1,5218643100E-4
3,0055801896E+4	1,5265421100E-4
3,0056360849E+4	1,5312095400E-4
3,0056912871E+4	1,5380176700E-4
3,0057471672E+4	1,5431197900E-4
3,0058022984E+4	1,5494588700E-4
3,0058577694E+4	1,5563325000E-4
3,0059128756E+4	1,5636456500E-4
3,0059686856E+4	1,5695788700E-4
3,0060237790E+4	1,5732464000E-4
3,0060796520E+4	1,5798896400E-4
3,0061347783E+4	1,5863152000E-4
3,0061905240E+4	1,5907898500E-4
3,0062457558E+4	1,5989435500E-4
3,0063008007E+4	1,6017633800E-4
3,0063562915E+4	1,6076126600E-4
3,0064115625E+4	1,6149770000E-4
3,0064673574E+4	1,6201665200E-4
3,0065224482E+4	1,6271944200E-4
3,0065784629E+4	1,6333195000E-4
3,0066334649E+4	1,6380378900E-4
3,0066895791E+4	1,6435140500E-4
3,0067446613E+4	1,6458551500E-4
3,0068002751E+4	1,6507614800E-4
3,0068553083E+4	1,6555774200E-4
3,0069111178E+4	1,6623034600E-4
3,0069662604E+4	1,6692517900E-4
3,0070221718E+4	1,6756093200E-4
3,0070774147E+4	1,6797562800E-4
3,0071328809E+4	1,6862417900E-4
3,0071880486E+4	1,6922640200E-4
3,0072438597E+4	1,6973278600E-4
3,0072990091E+4	1,7031404700E-4
3,0073550394E+4	1,7076619300E-4
3,0074100687E+4	1,7117655300E-4
3,0074659772E+4	1,7189832200E-4
3,0075210628E+4	1,7256499900E-4
3,0075770308E+4	1,7318769900E-4
3,0076322569E+4	1,7355113200E-4
3,0076879602E+4	1,7427665900E-4
3,0077429766E+4	1,7444938100E-4
3,0077987401E+4	1,7505072800E-4
3,0078538397E+4	1,7587539200E-4
3,0079095631E+4	1,7624560400E-4
3,0079646175E+4	1,7706535600E-4
3,0080207358E+4	1,7746589300E-4
3,0080757608E+4	1,7794239000E-4
3,0081317568E+4	1,7864808500E-4
3,0081867813E+4	1,7905323400E-4
3,0082429415E+4	1,7969233100E-4
3,0082980076E+4	1,8018799200E-4
3,0083538527E+4	1,8074969700E-4
3,0084089571E+4	1,8124153000E-4
3,0084645909E+4	1,8174934400E-4
3,0085197037E+4	1,8247302600E-4
3,0085753746E+4	1,8312918800E-4
3,0086304938E+4	1,8384786600E-4
3,0086863934E+4	1,8427512900E-4
3,0087416437E+4	1,8480067600E-4
3,0087971750E+4	1,8528888900E-4
3,0088523871E+4	1,8587363200E-4
3,0089081887E+4	1,8660603100E-4
3,0089633277E+4	1,8699014900E-4
3,0090192703E+4	1,8763957600E-4
3,0090744558E+4	1,8836275100E-4
3,0091300213E+4	1,8871273900E-4
3,0091851692E+4	1,8931487000E-4
3,0092404228E+4	1,8999097900E-4
3,0092961184E+4	1,9033822300E-4
3,0093512441E+4	1,9098753500E-4
3,0094068557E+4	1,9146786100E-4
3,0094619464E+4	1,9199755900E-4
3,0095176488E+4	1,9249370400E-4
3,0095728662E+4	1,9333743900E-4
3,0096288821E+4	1,9384209300E-4
3,0096838819E+4	1,9440935700E-4
3,0097395757E+4	1,9490886800E-4
3,0097946630E+4	1,9560176500E-4
3,0098499122E+4	1,9621099800E-4
3,0099055801E+4	1,9664243600E-4
3,0099607367E+4	1,9722706400E-4
3,0100162506E+4	1,9782269200E-4
3,0100713336E+4	1,9823623400E-4
3,0101274316E+4	1,9921351200E-4
3,0101826771E+4	1,9971069500E-4
3,0102382604E+4	2,0004193500E-4
3,0102932547E+4	2,0069048600E-4
3,0103490779E+4	2,0152522800E-4
3,0104042454E+4	2,0189742300E-4
3,0104592648E+4	2,0260570100E-4
3,0105151777E+4	2,0291934600E-4
3,0105701538E+4	2,0364731700E-4
3,0106258370E+4	2,0410248400E-4
3,0106809686E+4	2,0469389200E-4
3,0107367260E+4	2,0518833000E-4
3,0107918784E+4	2,0580093000E-4
3,0108478443E+4	2,0636088400E-4
3,0109029732E+4	2,0703828400E-4
3,0109585531E+4	2,0773297900E-4
3,0110135581E+4	2,0813349300E-4
3,0110685802E+4	2,0879574200E-4
3,0111243421E+4	2,0936980800E-4
3,0111793928E+4	2,0999594500E-4
3,0112354535E+4	2,1048846900E-4
3,0112904807E+4	2,1134777000E-4
3,0113464471E+4	2,1191768600E-4
3,0114015340E+4	2,1227380800E-4
3,0114576653E+4	2,1268548200E-4
3,0115128788E+4	2,1334595600E-4
3,0115686725E+4	2,1409920200E-4
3,0116238563E+4	2,1445550900E-4
3,0116797834E+4	2,1503324100E-4
3,0117350511E+4	2,1557343200E-4
3,0117909374E+4	2,1629716000E-4
3,0118459914E+4	2,1686340900E-4
3,0119019681E+4	2,1746814600E-4
3,0119570462E+4	2,1803024400E-4
3,0120129350E+4	2,1862702400E-4
3,0120679780E+4	2,1917069700E-4
3,0121234424E+4	2,1981210000E-4
3,0121784759E+4	2,2050538800E-4
3,0122345828E+4	2,2111582100E-4
3,0122897861E+4	2,2182638200E-4
3,0123455582E+4	2,2238100800E-4
3,0124007257E+4	2,2293217500E-4
3,0124562633E+4	2,2351246800E-4
3,0125114829E+4	2,2420239000E-4
3,0125674318E+4	2,2473462400E-4
3,0126226233E+4	2,2534911600E-4
3,0126781819E+4	2,2600036500E-4
3,0127334544E+4	2,2662212000E-4
3,0127886210E+4	2,2697238500E-4
3,0128440915E+4	2,2769597500E-4
3,0128992813E+4	2,2834245100E-4
3,0129549563E+4	2,2889770000E-4
3,0130100747E+4	2,2971231000E-4
3,0130657726E+4	2,2991046800E-4
3,0131209269E+4	2,3044138800E-4
3,0131768132E+4	2,3107229800E-4
3,0132319151E+4	2,3176457200E-4
3,0132876790E+4	2,3226929600E-4
3,0133427596E+4	2,3289596300E-4
3,0133984255E+4	2,3344927500E-4
3,0134534942E+4	2,3378724900E-4
3,0135096441E+4	2,3452559700E-4
3,0135646705E+4	2,3491815500E-4
3,0136202631E+4	2,3543816800E-4
3,0136752854E+4	2,3615267200E-4
3,0137305259E+4	2,3645815300E-4
3,0137861766E+4	2,3705165900E-4
3,0138412406E+4	2,3779238300E-4
3,0138968618E+4	2,3822665700E-4
3,0139519899E+4	2,3894561200E-4
3,0140079813E+4	2,3934211300E-4
3,0140630741E+4	2,3987554700E-4
3,0141188428E+4	2,4026994900E-4
3,0141738979E+4	2,4073816800E-4
3,0142296860E+4	2,4149694900E-4
3,0142847632E+4	2,4195852600E-4
3,0143398644E+4	2,4260193500E-4
3,0143955693E+4	2,4326337700E-4
3,0144508176E+4	2,4391266700E-4
3,0145064501E+4	2,4450121500E-4
3,0145616140E+4	2,4508243000E-4
3,0146167582E+4	2,4561268100E-4
3,0146723537E+4	2,4621372800E-4
3,0147275277E+4	2,4662351200E-4
3,0147831476E+4	2,4733271200E-4
3,0148382503E+4	2,4794489800E-4
3,0148939760E+4	2,4856690600E-4
3,0149491846E+4	2,4918326600E-4
3,0150049717E+4	2,4979270600E-4
3,0150601104E+4	2,5057512400E-4
3,0151156848E+4	2,5092960900E-4
3,0151707507E+4	2,5125835800E-4
3,0152267217E+4	2,5188878400E-4
3,0152818791E+4	2,5234169100E-4
3,0153373548E+4	2,5297942700E-4
3,0153924761E+4	2,5349316700E-4
3,0154480407E+4	2,5403202000E-4
3,0155031661E+4	2,5525415300E-4
3,0155583205E+4	2,5513151800E-4
3,0156137728E+4	2,5591312800E-4
3,0156688931E+4	2,5622589700E-4
3,0157244774E+4	2,5654699000E-4
3,0157795677E+4	2,5673195800E-4
3,0158355171E+4	2,5671791400E-4
3,0158906632E+4	2,5668191700E-4
3,0159464946E+4	2,5661714000E-4
3,0160017638E+4	2,5690449600E-4
3,0160578664E+4	2,5684647600E-4
3,0161129558E+4	2,5670465400E-4
3,0161690399E+4	2,5683496900E-4
3,0162240602E+4	2,5663148300E-4
3,0162799440E+4	2,5652146200E-4
3,0163349680E+4	2,5642080300E-4
3,0163906641E+4	2,5643600000E-4
3,0164457726E+4	2,5635411300E-4
3,0165016178E+4	2,5636681900E-4
3,0165568624E+4	2,5642606100E-4
3,0166126563E+4	2,5616577800E-4
3,0166676577E+4	2,5617698600E-4
3,0167232971E+4	2,5605940000E-4
3,0167785085E+4	2,5604049100E-4
3,0168342563E+4	2,5592502700E-4
3,0168893206E+4	2,5592758700E-4
3,0169451637E+4	2,5577688700E-4
3,0170002408E+4	2,5576231300E-4
3,0170559663E+4	2,5570314000E-4
3,0171110804E+4	2,5560690900E-4
3,0171667665E+4	2,5555970400E-4
3,0172218711E+4	2,5550569700E-4
3,0172772888E+4	2,5543653800E-4
3,0173323719E+4	2,5548860900E-4
3,0173874779E+4	2,5522000100E-4
3,0174432823E+4	2,5507979300E-4
3,0174984644E+4	2,5481395300E-4
3,0175544366E+4	2,5474438000E-4
3,0176095915E+4	2,5457458600E-4
3,0176655783E+4	2,5458173400E-4
3,0177207316E+4	2,5442181000E-4
3,0177765801E+4	2,5453676700E-4
3,0178316559E+4	2,5443739900E-4
3,0178876713E+4	2,5434566500E-4
3,0179428940E+4	2,5418749300E-4
3,0179983634E+4	2,5406269000E-4
3,0180535945E+4	2,5396735900E-4
3,0181092797E+4	2,5395841100E-4
3,0181643846E+4	2,5384769800E-4
3,0182205094E+4	2,5356908200E-4
3,0182756213E+4	2,5352501300E-4
3,0183311808E+4	2,5328931300E-4
3,0183863831E+4	2,5333303500E-4
3,0184414727E+4	2,5313967400E-4
3,0184971028E+4	2,5312846600E-4
3,0185523020E+4	2,5302206600E-4
3,0186080800E+4	2,5284454600E-4
3,0186632289E+4	2,5283795100E-4
3,0187192080E+4	2,5279764100E-4
3,0187743177E+4	2,5296884200E-4
3,0188302757E+4	2,5276000700E-4
3,0188853572E+4	2,5247332000E-4
3,0189409403E+4	2,5247754000E-4
3,0189959754E+4	2,5221183700E-4
3,0190516545E+4	2,5228231000E-4
3,0191067457E+4	2,5205417300E-4
3,0191629807E+4	2,5221347500E-4
3,0192180584E+4	2,5212487700E-4
3,0192736231E+4	2,5196700500E-4
3,0193287743E+4	2,5216463300E-4
3,0193842935E+4	2,5214487000E-4
3,0194393789E+4	2,5206694900E-4
3,0194950549E+4	2,5196264600E-4
3,0195500783E+4	2,5178033100E-4
3,0196057959E+4	2,5170955800E-4
3,0196609335E+4	2,5164777900E-4
3,0197168765E+4	2,5156199500E-4
3,0197720536E+4	2,5149458900E-4
3,0198280628E+4	2,5143995900E-4
3,0198832747E+4	2,5146105900E-4
3,0199391111E+4	2,5129714600E-4
3,0199941976E+4	2,5125206200E-4
3,0200502566E+4	2,5118809300E-4
3,0201054562E+4	2,5108303000E-4
3,0201615506E+4	2,5108978600E-4
3,0202165703E+4	2,5110062500E-4
3,0202724776E+4	2,5099307100E-4
3,0203275386E+4	2,5088881500E-4
3,0203835821E+4	2,5067262300E-4
3,0204386621E+4	2,5081744300E-4
3,0204942936E+4	2,5078834000E-4
3,0205493626E+4	2,5061877700E-4
3,0206043516E+4	2,5073015900E-4
3,0206602843E+4	2,5058757600E-4
3,0207154184E+4	2,5051611200E-4
3,0207709677E+4	2,5038856500E-4
3,0208260724E+4	2,5020883200E-4
3,0208818704E+4	2,5005287400E-4
3,0209370886E+4	2,4974912200E-4
3,0209930428E+4	2,4973450200E-4
3,0210481618E+4	2,4960234300E-4
3,0211037683E+4	2,4952292300E-4
3,0211589323E+4	2,4957222600E-4
3,0212141229E+4	2,4943483200E-4
3,0212697501E+4	2,4935402800E-4
3,0213248601E+4	2,4929930600E-4
3,0213804793E+4	2,4920392800E-4
3,0214355670E+4	2,4922424400E-4
3,0214912312E+4	2,4896647400E-4
3,0215462706E+4	2,4880941000E-4
3,0216023108E+4	2,4888657000E-4
3,0216573860E+4	2,4869503000E-4
3,0217130627E+4	2,4887455600E-4
3,0217682904E+4	2,4868174700E-4
3,0218235548E+4	2,4855902000E-4
3,0218788884E+4	2,4855606800E-4
3,0219339804E+4	2,4865479000E-4
3,0219897291E+4	2,4852604300E-4
3,0220447702E+4	2,4841851300E-4
3,0221005941E+4	2,4829869100E-4
3,0221558321E+4	2,4825081700E-4
3,0222114431E+4	2,4824911100E-4
3,0222665780E+4	2,4811296200E-4
3,0223224825E+4	2,4807659600E-4
3,0223775637E+4	2,4792721000E-4
3,0224331525E+4	2,4803278100E-4
3,0224882193E+4	2,4765961700E-4
3,0225442790E+4	2,4777033000E-4
3,0225993069E+4	2,4764734900E-4
3,0226549892E+4	2,4757597700E-4
3,0227101364E+4	2,4759866800E-4
3,0227659565E+4	2,4745211900E-4
3,0228210351E+4	2,4757270200E-4
3,0228766712E+4	2,4724911800E-4
3,0229318565E+4	2,4699305500E-4
3,0229874185E+4	2,4673321100E-4
3,0230424708E+4	2,4667703500E-4
3,0230975626E+4	2,4646771600E-4
3,0231532533E+4	2,4652001700E-4
3,0232082866E+4	2,4641647600E-4
3,0232638537E+4	2,4619119800E-4
3,0233188751E+4	2,4609042400E-4
3,0233748663E+4	2,4599995800E-4
3,0234299235E+4	2,4576799300E-4
3,0234859735E+4	2,4554460700E-4
3,0235411246E+4	2,4561579400E-4
3,0235967351E+4	2,4530459400E-4
3,0236518165E+4	2,4522577300E-4
3,0237068746E+4	2,4503898400E-4
3,0237626485E+4	2,4478746400E-4
3,0238176779E+4	2,4460950700E-4
3,0238733119E+4	2,4442382400E-4
3,0239285189E+4	2,4430524700E-4
3,0239842700E+4	2,4424238500E-4
3,0240393937E+4	2,4394848000E-4
3,0240954368E+4	2,4399197100E-4
3,0241505792E+4	2,4368566000E-4
3,0242060783E+4	2,4355458400E-4
3,0242611733E+4	2,4358216500E-4
3,0243161463E+4	2,4352555100E-4
3,0243719821E+4	2,4319832400E-4
3,0244272113E+4	2,4331484800E-4
3,0244829243E+4	2,4320618700E-4
3,0245380462E+4	2,4315162600E-4
3,0245938572E+4	2,4300487000E-4
3,0246491665E+4	2,4311193900E-4
3,0247046784E+4	2,4285359400E-4
3,0247597841E+4	2,4257991200E-4
3,0248155357E+4	2,4244828300E-4
3,0248705775E+4	2,4259480900E-4
3,0249257042E+4	2,4252120100E-4
3,0249815704E+4	2,4252772700E-4
3,0250366686E+4	2,4252809600E-4
3,0250923563E+4	2,4225939600E-4
3,0251474862E+4	2,4231672400E-4
3,0252031614E+4	2,4220079900E-4
3,0252581820E+4	2,4207548900E-4
3,0253140759E+4	2,4194503600E-4
3,0253692486E+4	2,4171267900E-4
3,0254250572E+4	2,4166266100E-4
3,0254801445E+4	2,4185533100E-4
3,0255353677E+4	2,4153426000E-4
3,0255909481E+4	2,4161271200E-4
3,0256460388E+4	2,4152067800E-4
3,0257016428E+4	2,4153811200E-4
3,0257566569E+4	2,4151209900E-4
3,0258123487E+4	2,4153073200E-4
3,0258673642E+4	2,4139290000E-4
3,0259233592E+4	2,4124985600E-4
3,0259785589E+4	2,4096900300E-4
3,0260344568E+4	2,4121044600E-4
3,0260895765E+4	2,4101443200E-4
3,0261452532E+4	2,4103387200E-4
3,0262002793E+4	2,4097610600E-4
3,0262562634E+4	2,4075903800E-4
3,0263113586E+4	2,4082519800E-4
3,0263670027E+4	2,4069430700E-4
3,0264220195E+4	2,4072728400E-4
3,0264779490E+4	2,4054028700E-4
3,0265329815E+4	2,4068480700E-4
3,0265887511E+4	2,4056768300E-4
3,0266439454E+4	2,4042122600E-4
3,0266992685E+4	2,4038128500E-4
3,0267544147E+4	2,4016089700E-4
3,0268102585E+4	2,3998971900E-4
3,0268653658E+4	2,3985087200E-4
3,0269213341E+4	2,3983507600E-4
3,0269765370E+4	2,3979043100E-4
3,0270320063E+4	2,3949249000E-4
3,0270870743E+4	2,3969692100E-4
3,0271430782E+4	2,3981291500E-4
3,0271981503E+4	2,3967658200E-4
3,0272540469E+4	2,3957055000E-4
3,0273092535E+4	2,3951250700E-4
3,0273648898E+4	2,3948255100E-4
3,0274200543E+4	2,3920827100E-4
3,0274752276E+4	2,3934905400E-4
3,0275309119E+4	2,3929290200E-4
3,0275860050E+4	2,3920354300E-4
3,0276416653E+4	2,3917992900E-4
3,0276968986E+4	2,3929345600E-4
3,0277525626E+4	2,3932938400E-4
3,0278076499E+4	2,3914972000E-4
3,0278636747E+4	2,3899729100E-4
3,0279188233E+4	2,3895769600E-4
3,0279743275E+4	2,3887534700E-4
3,0280293904E+4	2,3867040900E-4
3,0280853632E+4	2,3876970700E-4
3,0281405433E+4	2,3885261000E-4
3,0281963560E+4	2,3880489800E-4
3,0282514305E+4	2,3876767800E-4
3,0283072739E+4	2,3864070700E-4
3,0283624192E+4	2,3872497000E-4
3,0284175365E+4	2,3861557100E-4
3,0284731832E+4	2,3865622700E-4
3,0285282845E+4	2,3867483700E-4
3,0285839434E+4	2,3883768900E-4
3,0286391712E+4	2,3863858600E-4
3,0286947460E+4	2,3867227700E-4
3,0287499382E+4	2,3859806900E-4
3,0288058497E+4	2,3865705700E-4
3,0288608592E+4	2,3873341000E-4
3,0289168605E+4	2,3865299800E-4
3,0289719794E+4	2,3878086900E-4
3,0290275803E+4	2,3860221900E-4
3,0290826660E+4	2,3858580000E-4
3,0291385812E+4	2,3839011000E-4
3,0291937439E+4	2,3833061400E-4
3,0292495365E+4	2,3824369900E-4
3,0293045958E+4	2,3821455100E-4
3,0293596624E+4	2,3819340400E-4
3,0294154344E+4	2,3802545500E-4
3,0294705878E+4	2,3814138000E-4
3,0295262081E+4	2,3821865500E-4
3,0295814472E+4	2,3790461800E-4
3,0296371439E+4	2,3773653100E-4
3,0296922896E+4	2,3753689700E-4
3,0297479783E+4	2,3731235800E-4
3,0298032338E+4	2,3744926700E-4
3,0298588512E+4	2,3734067600E-4
3,0299140572E+4	2,3716670800E-4
3,0299697723E+4	2,3710716600E-4
3,0300248817E+4	2,3702959100E-4
3,0300808046E+4	2,3698330800E-4
3,0301359477E+4	2,3713140200E-4
3,0301914907E+4	2,3695812600E-4
3,0302466794E+4	2,3696670500E-4
3,0303022653E+4	2,3693621900E-4
3,0303574197E+4	2,3659391000E-4
3,0304128656E+4	2,3661886100E-4
3,0304680505E+4	2,3675826200E-4
3,0305235740E+4	2,3661574800E-4
3,0305787752E+4	2,3651174600E-4
3,0306346855E+4	2,3631889100E-4
3,0306898744E+4	2,3634956200E-4
3,0307456780E+4	2,3645794600E-4
3,0308007632E+4	2,3624751900E-4
3,0308564875E+4	2,3620107600E-4
3,0309116145E+4	2,3616570100E-4
3,0309668058E+4	2,3599060300E-4
3,0310224769E+4	2,3586296400E-4
3,0310775375E+4	2,3573050500E-4
3,0311332611E+4	2,3575596300E-4
3,0311883712E+4	2,3571724500E-4
3,0312441916E+4	2,3560351100E-4
3,0312993096E+4	2,3566755000E-4
3,0313551706E+4	2,3563678700E-4
3,0314102548E+4	2,3575603200E-4
3,0314661807E+4	2,3549577200E-4
3,0315214550E+4	2,3531585500E-4
3,0315770873E+4	2,3526925000E-4
3,0316323322E+4	2,3520864700E-4
3,0316880766E+4	2,3507877100E-4
3,0317431800E+4	2,3485478500E-4
3,0317989422E+4	2,3498530700E-4
3,0318540085E+4	2,3463299000E-4
3,0319096618E+4	2,3457822100E-4
3,0319646551E+4	2,3466820300E-4
3,0320203824E+4	2,3447615600E-4
3,0320755587E+4	2,3445733800E-4
3,0321307240E+4	2,3424375300E-4
3,0321857647E+4	2,3433767800E-4
3,0322415190E+4	2,3417035100E-4
3,0322967267E+4	2,3414154900E-4
3,0323521479E+4	2,3390714000E-4
3,0324071743E+4	2,3397809700E-4
3,0324629739E+4	2,3399133300E-4
3,0325180841E+4	2,3394602000E-4
3,0325738453E+4	2,3395183100E-4
3,0326289495E+4	2,3372473200E-4
3,0326839620E+4	2,3381607400E-4
3,0327397256E+4	2,3372830600E-4
3,0327948518E+4	2,3353921100E-4
3,0328508058E+4	2,3346495600E-4
3,0329057549E+4	2,3336111500E-4
3,0329619614E+4	2,3335867000E-4
3,0330171308E+4	2,3341078700E-4
3,0330730050E+4	2,3313085700E-4
3,0331280821E+4	2,3318673200E-4
3,0331837303E+4	2,3315285600E-4
3,0332388779E+4	2,3299752100E-4
3,0332946619E+4	2,3292478900E-4
3,0333497668E+4	2,3272665300E-4
3,0334056797E+4	2,3257710700E-4
3,0334608613E+4	2,3252418300E-4
3,0335165973E+4	2,3272437000E-4
3,0335718777E+4	2,3255653700E-4
3,0336272692E+4	2,3259278800E-4
3,0336823778E+4	2,3251811800E-4
3,0337379768E+4	2,3226309300E-4
3,0337931209E+4	2,3229602300E-4
3,0338487542E+4	2,3228131000E-4
3,0339040207E+4	2,3226505300E-4
3,0339596369E+4	2,3213107200E-4
3,0340147467E+4	2,3211456000E-4
3,0340705428E+4	2,3222188400E-4
3,0341255773E+4	2,3206583400E-4
3,0341814776E+4	2,3209980200E-4
3,0342364652E+4	2,3198002600E-4
3,0342915883E+4	2,3182725100E-4
3,0343472627E+4	2,3177458100E-4
3,0344023762E+4	2,3178433500E-4
3,0344580607E+4	2,3154125500E-4
3,0345130684E+4	2,3160321900E-4
3,0345688280E+4	2,3152769600E-4
3,0346239739E+4	2,3166718800E-4
3,0346797455E+4	2,3175431000E-4
3,0347347767E+4	2,3158569300E-4
3,0347907820E+4	2,3151771100E-4
3,0348459371E+4	2,3143243300E-4
3,0349009793E+4	2,3132905300E-4
3,0349564942E+4	2,3139182400E-4
3,0350116590E+4	2,3119804700E-4
3,0350678541E+4	2,3130414800E-4
3,0351230506E+4	2,3098450700E-4
3,0351788990E+4	2,3109695000E-4
3,0352339744E+4	2,3104504100E-4
3,0352900832E+4	2,3088615500E-4
3,0353452477E+4	2,3063343500E-4
3,0354009532E+4	2,3077767800E-4
3,0354559749E+4	2,3084337800E-4
3,0355119668E+4	2,3074297200E-4
3,0355671962E+4	2,3061242700E-4
3,0356224323E+4	2,3042734400E-4
3,0356777730E+4	2,3067877200E-4
3,0357329595E+4	2,3046657000E-4
3,0357885961E+4	2,3039789600E-4
3,0358436675E+4	2,3007064600E-4
3,0358994035E+4	2,2999510000E-4
3,0359546025E+4	2,2980510500E-4
3,0360105712E+4	2,2979539600E-4
3,0360656536E+4	2,2968032500E-4
3,0361212485E+4	2,2957025800E-4
3,0361763550E+4	2,2942977300E-4
3,0362315285E+4	2,2947933000E-4
3,0362869775E+4	2,2956451500E-4
3,0363420392E+4	2,2940475300E-4
3,0363978620E+4	2,2953935700E-4
3,0364529274E+4	2,2937405900E-4
3,0365087675E+4	2,2916130400E-4
3,0365637574E+4	2,2900368600E-4
3,0366197176E+4	2,2891566400E-4
3,0366748765E+4	2,2906281300E-4
3,0367304620E+4	2,2900606100E-4
3,0367855613E+4	2,2897073300E-4
3,0368406656E+4	2,2916660800E-4
3,0368964595E+4	2,2875354900E-4
3,0369515605E+4	2,2852566600E-4
3,0370071530E+4	2,2863294300E-4
3,0370621719E+4	2,2840114000E-4
3,0371178686E+4	2,2837189900E-4
3,0371730464E+4	2,2816728400E-4
3,0372288562E+4	2,2801806000E-4
3,0372839905E+4	2,2821910100E-4
3,0373396948E+4	2,2807737200E-4
3,0373948727E+4	2,2783313900E-4
3,0374499865E+4	2,2758706100E-4
3,0375056407E+4	2,2751820200E-4
3,0375607822E+4	2,2740864200E-4
3,0376164282E+4	2,2735318200E-4
3,0376714806E+4	2,2719166700E-4
3,0377272401E+4	2,2692162900E-4
3,0377823235E+4	2,2682161600E-4
3,0378382753E+4	2,2696807300E-4
3,0378933851E+4	2,2680720300E-4
3,0379492022E+4	2,2676433400E-4
3,0380044531E+4	2,2692580300E-4
3,0380600584E+4	2,2673691500E-4
3,0381151782E+4	2,2670098700E-4
3,0381710594E+4	2,2671666800E-4
3,0382260884E+4	2,2664990800E-4
3,0382820292E+4	2,2655215500E-4
3,0383371610E+4	2,2672522400E-4
3,0383928155E+4	2,2662442600E-4
3,0384478547E+4	2,2649729400E-4
3,0385039786E+4	2,2660461700E-4
3,0385591672E+4	2,2623329800E-4
3,0386145834E+4	2,2622252900E-4
3,0386697855E+4	2,2623738000E-4
3,0387250208E+4	2,2616746100E-4
3,0387803437E+4	2,2618138900E-4
3,0388356658E+4	2,2593722600E-4
3,0388907672E+4	2,2593897800E-4
3,0389466757E+4	2,2582346900E-4
3,0390018066E+4	2,2606295100E-4
3,0390575189E+4	2,2598413100E-4
3,0391128624E+4	2,2586852900E-4
3,0391684250E+4	2,2575463300E-4
3,0392236536E+4	2,2559869900E-4
3,0392794943E+4	2,2585197100E-4
3,0393345669E+4	2,2549822400E-4
3,0393906462E+4	2,2556422300E-4
3,0394456772E+4	2,2553800400E-4
3,0395019214E+4	2,2549760200E-4
3,0395570183E+4	2,2537259100E-4
3,0396130772E+4	2,2555483800E-4
3,0396681831E+4	2,2549019900E-4
3,0397242854E+4	2,2534408800E-4
3,0397792961E+4	2,2549679500E-4
3,0398355891E+4	2,2501125700E-4
3,0398907705E+4	2,2517602400E-4
3,0399465607E+4	2,2506817000E-4
3,0400016657E+4	2,2479834000E-4
3,0400573452E+4	2,2480795700E-4
3,0401124333E+4	2,2482444500E-4
3,0401680600E+4	2,2456736700E-4
3,0402233277E+4	2,2461069800E-4
3,0402794307E+4	2,2473153400E-4
3,0403344788E+4	2,2432816100E-4
3,0403899679E+4	2,2430355600E-4
3,0404452073E+4	2,2435505000E-4
3,0405007905E+4	2,2424470600E-4
3,0405558574E+4	2,2400485400E-4
3,0406116569E+4	2,2395292200E-4
3,0406667192E+4	2,2377076800E-4
3,0407223949E+4	2,2383732000E-4
3,0407774687E+4	2,2357304800E-4
3,0408334080E+4	2,2369307700E-4
3,0408885455E+4	2,2390140500E-4
3,0409445456E+4	2,2383464500E-4
3,0409998556E+4	2,2372095700E-4
3,0410554415E+4	2,2361400300E-4
3,0411106312E+4	2,2356497700E-4
3,0411662076E+4	2,2341750500E-4
3,0412213124E+4	2,2342958900E-4
3,0412774439E+4	2,2364121400E-4
3,0413324754E+4	2,2338171500E-4
3,0413880679E+4	2,2342246300E-4
3,0414431266E+4	2,2321113700E-4
3,0414987819E+4	2,2332955300E-4
3,0415539485E+4	2,2295329900E-4
3,0416099733E+4	2,2312401500E-4
3,0416650674E+4	2,2305900800E-4
3,0417205866E+4	2,2287415500E-4
3,0417757961E+4	2,2304164300E-4
3,0418314584E+4	2,2307715600E-4
3,0418864847E+4	2,2313247800E-4
3,0419422445E+4	2,2293662600E-4
3,0419974069E+4	2,2263328900E-4
3,0420528636E+4	2,2262531000E-4
3,0421079708E+4	2,2250834800E-4
3,0421630737E+4	2,2240665100E-4
3,0422188135E+4	2,2242791300E-4
3,0422740630E+4	2,2227663700E-4
3,0423296844E+4	2,2213094100E-4
3,0423849484E+4	2,2215344800E-4
3,0424408556E+4	2,2205816200E-4
3,0424958937E+4	2,2195618900E-4
3,0425520524E+4	2,2181026300E-4
3,0426072452E+4	2,2175408700E-4
3,0426626015E+4	2,2174728500E-4
3,0427178949E+4	2,2149779400E-4
3,0427734993E+4	2,2158819100E-4
3,0428285579E+4	2,2152092300E-4
3,0428841828E+4	2,2131317200E-4
3,0429393673E+4	2,2139665100E-4
3,0429949811E+4	2,2123834100E-4
3,0430500660E+4	2,2135053000E-4
3,0431056729E+4	2,2118523300E-4
3,0431608261E+4	2,2099666800E-4
3,0432168238E+4	2,2101299400E-4
3,0432718767E+4	2,2098103300E-4
3,0433276192E+4	2,2081626600E-4
3,0433828380E+4	2,2083524500E-4
3,0434379629E+4	2,2073481700E-4
3,0434935457E+4	2,2052902500E-4
3,0435485804E+4	2,2057678300E-4
3,0436042772E+4	2,2032830700E-4
3,0436595126E+4	2,2026406100E-4
3,0437150987E+4	2,2032708500E-4
3,0437701586E+4	2,1991047500E-4
3,0438262806E+4	2,1974091200E-4
3,0438813834E+4	2,1979007700E-4
3,0439369877E+4	2,1961878400E-4
3,0439921155E+4	2,1961223500E-4
3,0440473916E+4	2,1945141200E-4
3,0441029401E+4	2,1934844700E-4
3,0441579851E+4	2,1928387800E-4
3,0442139785E+4	2,1904398000E-4
3,0442691874E+4	2,1892464200E-4
3,0443249829E+4	2,1866931700E-4
3,0443800911E+4	2,1864005400E-4
3,0444361553E+4	2,1859842900E-4
3,0444913545E+4	2,1869609000E-4
3,0445467628E+4	2,1867607400E-4
3,0446018824E+4	2,1846587800E-4
3,0446576651E+4	2,1848557200E-4
3,0447126953E+4	2,1823068500E-4
3,0447688635E+4	2,1801253300E-4
3,0448239380E+4	2,1796016300E-4
3,0448795662E+4	2,1803605500E-4
3,0449347197E+4	2,1768498300E-4
3,0449904059E+4	2,1776622500E-4
3,0450454552E+4	2,1782041700E-4
3,0451013192E+4	2,1782523600E-4
3,0451564433E+4	2,1762744700E-4
3,0452118957E+4	2,1752346800E-4
3,0452671010E+4	2,1734350400E-4
3,0453229532E+4	2,1739257700E-4
3,0453779724E+4	2,1738775700E-4
3,0454339252E+4	2,1740507500E-4
3,0454890465E+4	2,1740182400E-4
3,0455446062E+4	2,1735840100E-4
3,0455996658E+4	2,1712715100E-4
3,0456554554E+4	2,1717712300E-4
3,0457105870E+4	2,1708269100E-4
3,0457663889E+4	2,1695507400E-4
3,0458216144E+4	2,1703045900E-4
3,0458768803E+4	2,1671121000E-4
3,0459320781E+4	2,1692368900E-4
3,0459880573E+4	2,1679634900E-4
3,0460432069E+4	2,1695071600E-4
3,0460989838E+4	2,1684332300E-4
3,0461540565E+4	2,1678509600E-4
3,0462097477E+4	2,1666402900E-4
3,0462649159E+4	2,1663584900E-4
3,0463199751E+4	2,1648415700E-4
3,0463755619E+4	2,1644816000E-4
3,0464306201E+4	2,1650869400E-4
3,0464866585E+4	2,1655336200E-4
3,0465416846E+4	2,1631863000E-4
3,0465978093E+4	2,1631918300E-4
3,0466530552E+4	2,1632241100E-4
3,0467087724E+4	2,1614890500E-4
3,0467638829E+4	2,1619087500E-4
3,0468198705E+4	2,1608274400E-4
3,0468749711E+4	2,1622680300E-4
3,0469309600E+4	2,1618181200E-4
3,0469859780E+4	2,1592455000E-4
3,0470421952E+4	2,1565626500E-4
3,0470974376E+4	2,1577311200E-4
3,0471532702E+4	2,1581545100E-4
3,0472082599E+4	2,1576949200E-4
3,0472641440E+4	2,1587158000E-4
3,0473192242E+4	2,1575934500E-4
3,0473749370E+4	2,1564678700E-4
3,0474299796E+4	2,1546071300E-4
3,0474858525E+4	2,1538076200E-4
3,0475409380E+4	2,1542280100E-4
3,0475968965E+4	2,1542213200E-4
3,0476521936E+4	2,1544980500E-4
3,0477072552E+4	2,1519554100E-4
3,0477627700E+4	2,1525346800E-4
3,0478179354E+4	2,1532680100E-4
3,0478735755E+4	2,1522971600E-4
3,0479287634E+4	2,1522443500E-4
3,0479842464E+4	2,1539593600E-4
3,0480392938E+4	2,1511254600E-4
3,0480955330E+4	2,1511568200E-4
3,0481505606E+4	2,1493113000E-4
3,0482064088E+4	2,1473108100E-4
3,0482614638E+4	2,1493057600E-4
3,0483175503E+4	2,1493299800E-4
3,0483726971E+4	2,1483928000E-4
3,0484286865E+4	2,1462943000E-4
3,0484837763E+4	2,1448191300E-4
3,0485398223E+4	2,1441001000E-4
3,0485948871E+4	2,1455960300E-4
3,0486509278E+4	2,1438838000E-4
3,0487059806E+4	2,1439559800E-4
3,0487621048E+4	2,1435941600E-4
3,0488171439E+4	2,1448970700E-4
3,0488726740E+4	2,1447434900E-4
3,0489277759E+4	2,1413589100E-4
3,0489834049E+4	2,1420142900E-4
3,0490385004E+4	2,1398987200E-4
3,0490944666E+4	2,1393342000E-4
3,0491494674E+4	2,1393215200E-4
3,0492056527E+4	2,1403461000E-4
3,0492608833E+4	2,1406327400E-4
3,0493166965E+4	2,1390182800E-4
3,0493717864E+4	2,1367193800E-4
3,0494279621E+4	2,1365342100E-4
3,0494829814E+4	2,1354522100E-4
3,0495391727E+4	2,1353486700E-4
3,0495942508E+4	2,1348434200E-4
3,0496502071E+4	2,1340084000E-4
3,0497053856E+4	2,1368722700E-4
3,0497614085E+4	2,1339860300E-4
3,0498164983E+4	2,1326732000E-4
3,0498718888E+4	2,1326808100E-4
3,0499270468E+4	2,1319020600E-4
3,0499828280E+4	2,1320298100E-4
3,0500378725E+4	2,1294184500E-4
3,0500940416E+4	2,1281063100E-4
3,0501490798E+4	2,1290882300E-4
3,0502048793E+4	2,1287759900E-4
3,0502599737E+4	2,1313802000E-4
3,0503156794E+4	2,1284526800E-4
3,0503707567E+4	2,1298642100E-4
3,0504267808E+4	2,1263440400E-4
3,0504818673E+4	2,1257832100E-4
3,0505381107E+4	2,1268981800E-4
3,0505932071E+4	2,1253303000E-4
3,0506485188E+4	2,1262098200E-4
3,0507035634E+4	2,1278907000E-4
3,0507596499E+4	2,1262829300E-4
3,0508147575E+4	2,1251548100E-4
3,0508708378E+4	2,1251767200E-4
3,0509258720E+4	2,1238348300E-4
3,0509815379E+4	2,1237663400E-4
3,0510367202E+4	2,1215802100E-4
3,0510921078E+4	2,1219215100E-4
3,0511472408E+4	2,1213383100E-4
3,0512032617E+4	2,1218989100E-4
3,0512585070E+4	2,1208651100E-4
3,0513139634E+4	2,1214400100E-4
3,0513690390E+4	2,1184638300E-4
3,0514246666E+4	2,1164702500E-4
3,0514798526E+4	2,1174789200E-4
3,0515354739E+4	2,1160863000E-4
3,0515906264E+4	2,1163369600E-4
3,0516461926E+4	2,1144476200E-4
3,0517013659E+4	2,1117733100E-4
3,0517570484E+4	2,1137839400E-4
3,0518122870E+4	2,1114998100E-4
3,0518681274E+4	2,1106641000E-4
3,0519232057E+4	2,1095475100E-4
3,0519789991E+4	2,1081745000E-4
3,0520340703E+4	2,1088314900E-4
3,0520897615E+4	2,1075435600E-4
3,0521449078E+4	2,1097158500E-4
3,0522007756E+4	2,1076623200E-4
3,0522560148E+4	2,1094287500E-4
3,0523115729E+4	2,1088653900E-4
3,0523668253E+4	2,1082856500E-4
3,0524222584E+4	2,1067456700E-4
3,0524774366E+4	2,1050631800E-4
3,0525334285E+4	2,1055716700E-4
3,0525885252E+4	2,1056057900E-4
3,0526444815E+4	2,1059198800E-4
3,0526995537E+4	2,1016237200E-4
3,0527555822E+4	2,1049928500E-4
3,0528106469E+4	2,1003208100E-4
3,0528665381E+4	2,1012559100E-4
3,0529215383E+4	2,1004868400E-4
3,0529772875E+4	2,0992694800E-4
3,0530324922E+4	2,0990681600E-4
3,0530876700E+4	2,1004649300E-4
3,0531433776E+4	2,0984711300E-4
3,0531985760E+4	2,0997609000E-4
3,0532542822E+4	2,0987570800E-4
3,0533094528E+4	2,0987231800E-4
3,0533651169E+4	2,0977071400E-4
3,0534204063E+4	2,0962458000E-4
3,0534762337E+4	2,0922676400E-4
3,0535313139E+4	2,0950784800E-4
3,0535869308E+4	2,0940748900E-4
3,0536420326E+4	2,0920488000E-4
3,0536973346E+4	2,0923857100E-4
3,0537527177E+4	2,0914098000E-4
3,0538077746E+4	2,0889580100E-4
3,0538636164E+4	2,0906262000E-4
3,0539187633E+4	2,0877821600E-4
3,0539743766E+4	2,0879871700E-4
3,0540294647E+4	2,0859680000E-4
3,0540853520E+4	2,0853266900E-4
3,0541403873E+4	2,0847494800E-4
3,0541962429E+4	2,0846099700E-4
3,0542514306E+4	2,0831142700E-4
3,0543070456E+4	2,0841365400E-4
3,0543620960E+4	2,0814836700E-4
3,0544181929E+4	2,0790572500E-4
3,0544734252E+4	2,0771909700E-4
3,0545290337E+4	2,0769119400E-4
3,0545842850E+4	2,0775255700E-4
3,0546398304E+4	2,0754284600E-4
3,0546950139E+4	2,0728528400E-4
3,0547509810E+4	2,0709289100E-4
3,0548061549E+4	2,0688553200E-4
3,0548620134E+4	2,0688140400E-4
3,0549171033E+4	2,0691011400E-4
3,0549730531E+4	2,0657423900E-4
3,0550280712E+4	2,0645047400E-4
3,0550842285E+4	2,0640456000E-4
3,0551393177E+4	2,0628612200E-4
3,0551951513E+4	2,0615241800E-4
3,0552502077E+4	2,0615025000E-4
3,0553060497E+4	2,0600365500E-4
3,0553611993E+4	2,0625538200E-4
3,0554169617E+4	2,0603338000E-4
3,0554720872E+4	2,0610890200E-4
3,0555280669E+4	2,0593244400E-4
3,0555832336E+4	2,0587216400E-4
3,0556388866E+4	2,0577579500E-4
3,0556939609E+4	2,0571466100E-4
3,0557497890E+4	2,0554350700E-4
3,0558048650E+4	2,0533769300E-4
3,0558608273E+4	2,0541948800E-4
3,0559159732E+4	2,0548131300E-4
3,0559718645E+4	2,0534193600E-4
3,0560270349E+4	2,0514790500E-4
3,0560829597E+4	2,0520765500E-4
3,0561380623E+4	2,0513695200E-4
3,0561941266E+4	2,0510462100E-4
3,0562492492E+4	2,0496660400E-4
3,0563050077E+4	2,0487588500E-4
3,0563600608E+4	2,0475894500E-4
3,0564159617E+4	2,0471181000E-4
3,0564709607E+4	2,0460776100E-4
3,0565266784E+4	2,0456240100E-4
3,0565817703E+4	2,0467576600E-4
3,0566380381E+4	2,0485379300E-4
3,0566930765E+4	2,0469232400E-4
3,0567484439E+4	2,0458453900E-4
3,0568035246E+4	2,0430055000E-4
3,0568595978E+4	2,0432453300E-4
3,0569146603E+4	2,0427827400E-4
3,0569706417E+4	2,0423153000E-4
3,0570256727E+4	2,0424598900E-4
3,0570818178E+4	2,0448270400E-4
3,0571370483E+4	2,0430645300E-4
3,0571927249E+4	2,0446386400E-4
3,0572478898E+4	2,0452972400E-4
3,0573037952E+4	2,0437632700E-4
3,0573589517E+4	2,0442858100E-4
3,0574144362E+4	2,0441292300E-4
3,0574697760E+4	2,0432762300E-4
3,0575249140E+4	2,0444661500E-4
3,0575802875E+4	2,0455979500E-4
3,0576354685E+4	2,0440379100E-4
3,0576911447E+4	2,0435762500E-4
3,0577461732E+4	2,0412492200E-4
3,0578023346E+4	2,0407160600E-4
3,0578574965E+4	2,0387893600E-4
3,0579130770E+4	2,0375676200E-4
3,0579682058E+4	2,0376506400E-4
3,0580239004E+4	2,0356872700E-4
3,0580790020E+4	2,0363523400E-4
3,0581351813E+4	2,0350780200E-4
3,0581902640E+4	2,0336270500E-4
3,0582456863E+4	2,0343352400E-4
3,0583008029E+4	2,0325685800E-4
3,0583566572E+4	2,0324525900E-4
3,0584116818E+4	2,0311397600E-4
3,0584679584E+4	2,0293929300E-4
3,0585229792E+4	2,0289241100E-4
3,0585786331E+4	2,0294099900E-4
3,0586336898E+4	2,0277478000E-4
3,0586892792E+4	2,0261958300E-4
3,0587443746E+4	2,0252196800E-4
3,0587999767E+4	2,0241757400E-4
3,0588550481E+4	2,0225728100E-4
3,0589107114E+4	2,0224944000E-4
3,0589659167E+4	2,0236008400E-4
3,0590210587E+4	2,0216155700E-4
3,0590768383E+4	2,0218415600E-4
3,0591319715E+4	2,0194739500E-4
3,0591875965E+4	2,0192403500E-4
3,0592428362E+4	2,0228975000E-4
3,0592983444E+4	2,0211080100E-4
3,0593536367E+4	2,0206869300E-4
3,0594094264E+4	2,0224049300E-4
3,0594646266E+4	2,0195078500E-4
3,0595201433E+4	2,0201394700E-4
3,0595751793E+4	2,0166972400E-4
3,0596313517E+4	2,0151099900E-4
3,0596866001E+4	2,0170551400E-4
3,0597422419E+4	2,0144142600E-4
3,0597974138E+4	2,0157370100E-4
3,0598529212E+4	2,0148699300E-4
3,0599079381E+4	2,0127082500E-4
3,0599640181E+4	2,0130806800E-4
3,0600191013E+4	2,0108862500E-4
3,0600749531E+4	2,0107854700E-4
3,0601300654E+4	2,0092810100E-4
3,0601858037E+4	2,0080899400E-4
3,0602409976E+4	2,0074995900E-4
3,0602965530E+4	2,0057165600E-4
3,0603517503E+4	2,0052811800E-4
3,0604077738E+4	2,0046742300E-4
3,0604628296E+4	2,0039552000E-4
3,0605183435E+4	2,0048873100E-4
3,0605733970E+4	2,0020363500E-4
3,0606295091E+4	2,0008586500E-4
3,0606845827E+4	1,9989706900E-4
3,0607405273E+4	1,9979410400E-4
3,0607956058E+4	1,9969692800E-4
3,0608512270E+4	1,9944201800E-4
3,0609062953E+4	1,9936006100E-4
3,0609619688E+4	1,9930976600E-4
3,0610170773E+4	1,9925506700E-4
3,0610728077E+4	1,9906896900E-4
3,0611278570E+4	1,9884636700E-4
3,0611835597E+4	1,9894266700E-4
3,0612387785E+4	1,9874335600E-4
3,0612942707E+4	1,9868688100E-4
3,0613492761E+4	1,9872283200E-4
3,0614054497E+4	1,9860640000E-4
3,0614605785E+4	1,9830075700E-4
3,0615165394E+4	1,9807674800E-4
3,0615717010E+4	1,9804457900E-4
3,0616277347E+4	1,9793815500E-4
3,0616829120E+4	1,9786316300E-4
3,0617387006E+4	1,9773872900E-4
3,0617938622E+4	1,9759342500E-4
3,0618499753E+4	1,9759455500E-4
3,0619051186E+4	1,9738452100E-4
3,0619612073E+4	1,9730498500E-4
3,0620162938E+4	1,9704606300E-4
3,0620723172E+4	1,9672095700E-4
3,0621273985E+4	1,9679452000E-4
3,0621832411E+4	1,9657759000E-4
3,0622384872E+4	1,9655374600E-4
3,0622940702E+4	1,9660553900E-4
3,0623492182E+4	1,9633333400E-4
3,0624047704E+4	1,9629106400E-4
3,0624598709E+4	1,9601323200E-4
3,0625158473E+4	1,9596473600E-4
3,0625709609E+4	1,9569665900E-4
3,0626267427E+4	1,9585812800E-4
3,0626819790E+4	1,9568014700E-4
3,0627374549E+4	1,9570592900E-4
3,0627925791E+4	1,9559440900E-4
3,0628487758E+4	1,9571067900E-4
3,0629039190E+4	1,9563402700E-4
3,0629593091E+4	1,9555336100E-4
3,0630143716E+4	1,9557222500E-4
3,0630702835E+4	1,9561481700E-4
3,0631253802E+4	1,9568565900E-4
3,0631814202E+4	1,9549282800E-4
3,0632365308E+4	1,9535126000E-4
3,0632921464E+4	1,9551353600E-4
3,0633472794E+4	1,9528756700E-4
3,0634029108E+4	1,9531807600E-4
3,0634579936E+4	1,9543358500E-4
3,0635140824E+4	1,9543835900E-4
3,0635693425E+4	1,9556807400E-4
3,0636248523E+4	1,9551293600E-4
3,0636799835E+4	1,9551072300E-4
3,0637357636E+4	1,9552836400E-4
3,0637907976E+4	1,9551618800E-4
3,0638467626E+4	1,9518291900E-4
3,0639017885E+4	1,9528535300E-4
3,0639575545E+4	1,9523718000E-4
3,0640126842E+4	1,9487453100E-4
3,0640683809E+4	1,9503090400E-4
3,0641235914E+4	1,9505191200E-4
3,0641795257E+4	1,9517293300E-4
3,0642347793E+4	1,9490278100E-4
3,0642902770E+4	1,9492932300E-4
3,0643455523E+4	1,9505599400E-4
3,0644005817E+4	1,9505200500E-4
3,0644562479E+4	1,9471209400E-4
3,0645112686E+4	1,9468658900E-4
3,0645668626E+4	1,9464339700E-4
3,0646220606E+4	1,9491147400E-4
3,0646778539E+4	1,9474193400E-4
3,0647330784E+4	1,9496310700E-4
3,0647890151E+4	1,9472367000E-4
3,0648441024E+4	1,9459997400E-4
3,0648997180E+4	1,9462665500E-4
3,0649547566E+4	1,9460188800E-4
3,0650100324E+4	1,9449380400E-4
3,0650654591E+4	1,9466117600E-4
3,0651205776E+4	1,9439676600E-4
3,0651762017E+4	1,9456204000E-4
3,0652314556E+4	1,9445068100E-4
3,0652871704E+4	1,9454170000E-4
3,0653422381E+4	1,9428167100E-4
3,0653981082E+4	1,9432112700E-4
3,0654532023E+4	1,9431852200E-4
3,0655089717E+4	1,9424435900E-4
3,0655639764E+4	1,9415696000E-4
3,0656190762E+4	1,9425279900E-4
3,0656748766E+4	1,9415140300E-4
3,0657299283E+4	1,9419258900E-4
3,0657855935E+4	1,9399795900E-4
3,0658408354E+4	1,9399060200E-4
3,0658964231E+4	1,9402895200E-4
3,0659514568E+4	1,9381315200E-4
3,0660071693E+4	1,9375596200E-4
3,0660623445E+4	1,9382399100E-4
3,0661178552E+4	1,9368772700E-4
3,0661728915E+4	1,9368542100E-4
3,0662288307E+4	1,9349770900E-4
3,0662839076E+4	1,9348004400E-4
3,0663398922E+4	1,9344605300E-4
3,0663951456E+4	1,9340053200E-4
3,0664505815E+4	1,9319764600E-4
3,0665058637E+4	1,9295744900E-4
3,0665614472E+4	1,9311642800E-4
3,0666164584E+4	1,9315203300E-4
3,0666721671E+4	1,9289223400E-4
3,0667272745E+4	1,9299042500E-4
3,0667828797E+4	1,9297894100E-4
3,0668381137E+4	1,9280778700E-4
3,0668931859E+4	1,9297391400E-4
3,0669489766E+4	1,9276784600E-4
3,0670040720E+4	1,9271593700E-4
3,0670600250E+4	1,9273636900E-4
3,0671153303E+4	1,9265948500E-4
3,0671710008E+4	1,9268482900E-4
3,0672260838E+4	1,9256168600E-4
3,0672821531E+4	1,9265478100E-4
3,0673372692E+4	1,9262648600E-4
3,0673929806E+4	1,9250071400E-4
3,0674482182E+4	1,9221730200E-4
3,0675038105E+4	1,9215229400E-4
3,0675590490E+4	1,9207162900E-4
3,0676143992E+4	1,9212847300E-4
3,0676694764E+4	1,9217512400E-4
3,0677251640E+4	1,9197715000E-4
3,0677804540E+4	1,9196352200E-4
3,0678358784E+4	1,9189088100E-4
3,0678909163E+4	1,9169034800E-4
3,0679471138E+4	1,9175198800E-4
3,0680022100E+4	1,9158521500E-4
3,0680578365E+4	1,9165414300E-4
3,0681129358E+4	1,9154896400E-4
3,0681679682E+4	1,9141447600E-4
3,0682234829E+4	1,9128554500E-4
3,0682787570E+4	1,9115728300E-4
3,0683342807E+4	1,9107936200E-4
3,0683894154E+4	1,9100536100E-4
3,0684452571E+4	1,9120107500E-4
3,0685003780E+4	1,9089580100E-4
3,0685564341E+4	1,9094558800E-4
3,0686116135E+4	1,9085087900E-4
3,0686670648E+4	1,9056742000E-4
3,0687221607E+4	1,9064815500E-4
3,0687772875E+4	1,9036029200E-4
3,0688329634E+4	1,9036026900E-4
3,0688879613E+4	1,9040846500E-4
3,0689436269E+4	1,9028267000E-4
3,0689986580E+4	1,9038466600E-4
3,0690547208E+4	1,9011624300E-4
3,0691098413E+4	1,9012680500E-4
3,0691657280E+4	1,8998145500E-4
3,0692209486E+4	1,8989426300E-4
3,0692765611E+4	1,8981530500E-4
3,0693316642E+4	1,8979985400E-4
3,0693867764E+4	1,8995673400E-4
3,0694424985E+4	1,8987489300E-4
3,0694976710E+4	1,8982895600E-4
3,0695534331E+4	1,8971658300E-4
3,0696084675E+4	1,8934563300E-4
3,0696643845E+4	1,8948703900E-4
3,0697196510E+4	1,8927017900E-4
3,0697750528E+4	1,8920282000E-4
3,0698302781E+4	1,8919689300E-4
3,0698855627E+4	1,8895577300E-4
3,0699405896E+4	1,8888977400E-4
3,0699958365E+4	1,8885278500E-4
3,0700515824E+4	1,8894742500E-4
3,0701066904E+4	1,8894369000E-4
3,0701622683E+4	1,8875042000E-4
3,0702174209E+4	1,8867017000E-4
3,0702734620E+4	1,8853757200E-4
3,0703286416E+4	1,8825107000E-4
3,0703842806E+4	1,8826926400E-4
3,0704393456E+4	1,8818627000E-4
3,0704951970E+4	1,8813376100E-4
3,0705503659E+4	1,8824133800E-4
3,0706060319E+4	1,8806928400E-4
3,0706611714E+4	1,8822443500E-4
3,0707170800E+4	1,8788911300E-4
3,0707721743E+4	1,8784075600E-4
3,0708279645E+4	1,8775658500E-4
3,0708830697E+4	1,8753075400E-4
3,0709388189E+4	1,8749618700E-4
3,0709939658E+4	1,8745852900E-4
3,0710497455E+4	1,8731440100E-4
3,0711048586E+4	1,8716803700E-4
3,0711606473E+4	1,8700144800E-4
3,0712157800E+4	1,8682515100E-4
3,0712709597E+4	1,8670934200E-4
3,0713265759E+4	1,8654904900E-4
3,0713817252E+4	1,8661364100E-4
3,0714374548E+4	1,8642544500E-4
3,0714927335E+4	1,8621285100E-4
3,0715479758E+4	1,8634037500E-4
3,0716034216E+4	1,8609268300E-4
3,0716586627E+4	1,8610315200E-4
3,0717138339E+4	1,8613744300E-4
3,0717692803E+4	1,8602698400E-4
3,0718245199E+4	1,8587999700E-4
3,0718800756E+4	1,8577926900E-4
3,0719352540E+4	1,8539653500E-4
3,0719908965E+4	1,8543045700E-4
3,0720459637E+4	1,8535470300E-4
3,0721019192E+4	1,8537146800E-4
3,0721570676E+4	1,8537804000E-4
3,0722126838E+4	1,8559420900E-4
3,0722679220E+4	1,8543260100E-4
3,0723234606E+4	1,8529732900E-4
3,0723785588E+4	1,8515922000E-4
3,0724345235E+4	1,8468613500E-4
3,0724895952E+4	1,8479940800E-4
3,0725454669E+4	1,8473377800E-4
3,0726006606E+4	1,8492063700E-4
3,0726562466E+4	1,8473509300E-4
3,0727112645E+4	1,8455589000E-4
3,0727674831E+4	1,8449219700E-4
3,0728227103E+4	1,8433799200E-4
3,0728784625E+4	1,8435482600E-4
3,0729336058E+4	1,8424367500E-4
3,0729889625E+4	1,8419557100E-4
3,0730439999E+4	1,8426369100E-4
3,0731001485E+4	1,8429221700E-4
3,0731554032E+4	1,8419879900E-4
3,0732109656E+4	1,8412136200E-4
3,0732660642E+4	1,8403218800E-4
3,0733218806E+4	1,8405688500E-4
3,0733769263E+4	1,8402898200E-4
3,0734330654E+4	1,8404535500E-4
3,0734880600E+4	1,8417915200E-4
3,0735437640E+4	1,8403668500E-4
3,0735989577E+4	1,8404879100E-4
3,0736546509E+4	1,8418341800E-4
3,0737096761E+4	1,8400181700E-4
3,0737655868E+4	1,8415593000E-4
3,0738207313E+4	1,8406013700E-4
3,0738763767E+4	1,8389638500E-4
3,0739315421E+4	1,8399003300E-4
3,0739873273E+4	1,8394006100E-4
3,0740424030E+4	1,8407964600E-4
3,0740983187E+4	1,8404994400E-4
3,0741534643E+4	1,8404994400E-4
3,0742090978E+4	1,8401367000E-4
3,0742641889E+4	1,8394119100E-4
3,0743200497E+4	1,8384590600E-4
3,0743752375E+4	1,8376092800E-4
3,0744311152E+4	1,8362316500E-4
3,0744861747E+4	1,8375797600E-4
3,0745419095E+4	1,8352435100E-4
3,0745971469E+4	1,8375435600E-4
3,0746529381E+4	1,8364622500E-4
3,0747079580E+4	1,8352555000E-4
3,0747639509E+4	1,8360125800E-4
3,0748189588E+4	1,8347098900E-4
3,0748751560E+4	1,8330246400E-4
3,0749302556E+4	1,8347617800E-4
3,0749861675E+4	1,8320009800E-4
3,0750412329E+4	1,8314380800E-4
3,0750972736E+4	1,8311562800E-4
3,0751523160E+4	1,8300874300E-4
3,0752083944E+4	1,8288133400E-4
3,0752634630E+4	1,8291334200E-4
3,0753196872E+4	1,8302052700E-4
3,0753749047E+4	1,8293824700E-4
3,0754305818E+4	1,8301570700E-4
3,0754856983E+4	1,8290743800E-4
3,0755418292E+4	1,8300650600E-4
3,0755968909E+4	1,8275069700E-4
3,0756526221E+4	1,8271553000E-4
3,0757076751E+4	1,8251709500E-4
3,0757633350E+4	1,8254181500E-4
3,0758185442E+4	1,8253259100E-4
3,0758746652E+4	1,8256872700E-4
3,0759298211E+4	1,8272772900E-4
3,0759852262E+4	1,8268718800E-4
3,0760403668E+4	1,8247035100E-4
3,0760960732E+4	1,8271435400E-4
3,0761511630E+4	1,8232271800E-4
3,0762069767E+4	1,8236378900E-4
3,0762620787E+4	1,8231992800E-4
3,0763177574E+4	1,8220916900E-4
3,0763728832E+4	1,8243470000E-4
3,0764280583E+4	1,8219625500E-4
3,0764836605E+4	1,8199927300E-4
3,0765386492E+4	1,8239303000E-4
3,0765947713E+4	1,8214642100E-4
3,0766498718E+4	1,8220370300E-4
3,0767060028E+4	1,8214259300E-4
3,0767611094E+4	1,8218606200E-4
3,0768171780E+4	1,8195716400E-4
3,0768722747E+4	1,8205353400E-4