2,6939635537E+4	-7,6227576700E-5
2,6940188512E+4	-7,6328627500E-5
2,6940740820E+4	-7,6298856500E-5
2,6941326707E+4	-7,6074386300E-5
2,6941878125E+4	-7,6156089400E-5
2,6942435534E+4	-7,5670667400E-5
2,6942986580E+4	-7,4938960100E-5
2,6943576407E+4	-7,4217514700E-5
2,6944128050E+4	-7,3542904900E-5
2,6944685933E+4	-7,2878557100E-5
2,6945238335E+4	-7,2064155100E-5
2,6945796267E+4	-7,1363994400E-5
2,6946348169E+4	-7,0552198300E-5
2,6946906305E+4	-6,9852844700E-5
2,6947456988E+4	-6,9077507100E-5
2,6948018222E+4	-6,8343539800E-5
2,6948569644E+4	-6,7569885600E-5
2,6949127402E+4	-6,6715819600E-5
2,6949679335E+4	-6,5960590700E-5
2,6950233535E+4	-6,5158018600E-5
2,6950784258E+4	-6,4404334700E-5
2,6951340486E+4	-6,3737980600E-5
2,6951891238E+4	-6,2907505500E-5
2,6952449518E+4	-6,2364040400E-5
2,6953001362E+4	-6,1450824500E-5
2,6953553579E+4	-6,0678138800E-5
2,6954108489E+4	-5,9896044400E-5
2,6954660254E+4	-5,9002291500E-5
2,6955217366E+4	-5,8464868300E-5
2,6955769502E+4	-5,7686348300E-5
2,6956327466E+4	-5,6926737800E-5
2,6956878408E+4	-5,6251067300E-5
2,6957441069E+4	-5,5640427200E-5
2,6957992168E+4	-5,4966947500E-5
2,6958546657E+4	-5,4315951700E-5
2,6959098645E+4	-5,3570730900E-5
2,6959649422E+4	-5,2868933000E-5
2,6960205440E+4	-5,2297587900E-5
2,6960756281E+4	-5,1446081600E-5
2,6961312402E+4	-5,0837909000E-5
2,6961863425E+4	-5,0115379700E-5
2,6962414443E+4	-4,9332570500E-5
2,6962970488E+4	-4,8668222700E-5
2,6963522422E+4	-4,7929043700E-5
2,6964082126E+4	-4,7150823500E-5
2,6964634173E+4	-4,6394049500E-5
2,6965193480E+4	-4,5792495300E-5
2,6965745303E+4	-4,4931096100E-5
2,6966303514E+4	-4,4236654400E-5
2,6966855041E+4	-4,3449602100E-5
2,6967413367E+4	-4,2694672900E-5
2,6967966048E+4	-4,1929366500E-5
2,6968522725E+4	-4,0964333800E-5
2,6969074188E+4	-4,0455528500E-5
2,6969632883E+4	-3,9608242400E-5
2,6970183606E+4	-3,8970298700E-5
2,6970742235E+4	-3,8218551900E-5
2,6971293602E+4	-3,7439478400E-5
2,6971849130E+4	-3,6612277900E-5
2,6972401944E+4	-3,5830806200E-5
2,6972955703E+4	-3,5198950500E-5
2,6973506659E+4	-3,4425988100E-5
2,6974065173E+4	-3,3673480200E-5
2,6974615473E+4	-3,2934139900E-5
2,6975176258E+4	-3,2339918800E-5
2,6975726758E+4	-3,1531627800E-5
2,6976285396E+4	-3,0823534400E-5
2,6976837221E+4	-3,0163683300E-5
2,6977387761E+4	-2,9379052300E-5
2,6977946145E+4	-2,8695103100E-5
2,6978497539E+4	-2,7997502200E-5
2,6979052869E+4	-2,7258138800E-5
2,6979604493E+4	-2,6498620600E-5
2,6980160503E+4	-2,5708316700E-5
2,6980711096E+4	-2,5013805900E-5
2,6981272015E+4	-2,4315305600E-5
2,6981822713E+4	-2,3645100400E-5
2,6982380964E+4	-2,2955732000E-5
2,6982932214E+4	-2,2151960800E-5
2,6983491341E+4	-2,1362487100E-5
2,6984043452E+4	-2,0798313800E-5
2,6984600454E+4	-1,9886297000E-5
2,6985152733E+4	-1,9296780300E-5
2,6985710650E+4	-1,8488719900E-5
2,6986262807E+4	-1,7579516400E-5
2,6986818052E+4	-1,6982574300E-5
2,6987370419E+4	-1,6428247700E-5
2,6987926064E+4	-1,5574712200E-5
2,6988476345E+4	-1,5026219900E-5
2,6989036534E+4	-1,4266817000E-5
2,6989588625E+4	-1,3540644200E-5
2,6990148379E+4	-1,2823418800E-5
2,6990698526E+4	-1,1971336100E-5
2,6991260005E+4	-1,1265364200E-5
2,6991812536E+4	-1,0505776800E-5
2,6992369028E+4	-9,7301393500E-6
2,6992919279E+4	-8,9497745200E-6
2,6993479418E+4	-8,3955863600E-6
2,6994032030E+4	-7,6221857800E-6
2,6994590527E+4	-6,9209182100E-6
2,6995141251E+4	-6,1533519200E-6
2,6995702253E+4	-5,4681574800E-6
2,6996254209E+4	-4,6613423400E-6
2,6996809156E+4	-4,0607566000E-6
2,6997361593E+4	-3,4253265500E-6
2,6997916348E+4	-2,5886251000E-6
2,6998467689E+4	-1,8843596800E-6
2,6999025603E+4	-1,1650588600E-6
2,6999576623E+4	-5,6818584500E-7
2,7000131316E+4	1,4410460400E-7
2,7000681709E+4	9,4478566700E-7
2,7001238853E+4	1,7995664900E-6
2,7001789683E+4	2,6484438400E-6
2,7002347097E+4	3,3216238100E-6
2,7002899142E+4	4,3801435000E-6
2,7003454408E+4	4,9210258000E-6
2,7004005839E+4	5,6668461100E-6
2,7004557363E+4	6,3887066300E-6
2,7005115155E+4	7,0215539200E-6
2,7005667536E+4	7,9045376400E-6
2,7006223504E+4	8,7326144900E-6
2,7006773571E+4	9,4169326400E-6
2,7007335159E+4	1,0184867900E-5
2,7007885918E+4	1,0946023400E-5
2,7008445120E+4	1,1827669600E-5
2,7008996544E+4	1,2518352400E-5
2,7009555186E+4	1,3342532100E-5
2,7010107367E+4	1,3633877500E-5
2,7010664660E+4	1,4489949700E-5
2,7011217329E+4	1,5166127500E-5
2,7011775544E+4	1,5938398200E-5
2,7012327295E+4	1,6826455200E-5
2,7012886645E+4	1,7494354300E-5
2,7013437555E+4	1,8097223000E-5
2,7013994642E+4	1,9004420200E-5
2,7014546215E+4	1,9757965700E-5
2,7015102266E+4	2,0544418500E-5
2,7015653323E+4	2,1255394500E-5
2,7016212297E+4	2,1821735500E-5
2,7016763888E+4	2,2596911800E-5
2,7017318326E+4	2,3384679000E-5
2,7017868749E+4	2,4160431700E-5
2,7018420240E+4	2,4867602800E-5
2,7018977326E+4	2,5512418400E-5
2,7019529286E+4	2,6249821700E-5
2,7020084711E+4	2,7050364400E-5
2,7020636988E+4	2,7619841600E-5
2,7021188091E+4	2,8428017300E-5
2,7021744900E+4	2,9171808300E-5
2,7022295668E+4	2,9990038300E-5
2,7022852372E+4	3,0687408700E-5
2,7023404519E+4	3,1311885000E-5
2,7023955515E+4	3,1967054800E-5
2,7024512243E+4	3,2702544100E-5
2,7025063854E+4	3,3425857400E-5
2,7025621256E+4	3,4027550000E-5
2,7026172030E+4	3,4896213200E-5
2,7026729078E+4	3,5332055300E-5
2,7027279269E+4	3,6311062600E-5
2,7027838835E+4	3,6890502000E-5
2,7028389491E+4	3,7542258800E-5
2,7028949582E+4	3,8416502600E-5
2,7029502058E+4	3,9010677600E-5
2,7030056436E+4	3,9815924600E-5
2,7030607357E+4	4,0444205900E-5
2,7031164407E+4	4,1279431500E-5
2,7031716520E+4	4,1956831500E-5
2,7032272008E+4	4,2647514300E-5
2,7032823810E+4	4,3348482100E-5
2,7033378422E+4	4,3947338300E-5
2,7033929534E+4	4,4952450100E-5
2,7034485945E+4	4,5445366700E-5
2,7035036444E+4	4,6156481100E-5
2,7035592547E+4	4,7033192400E-5
2,7036145393E+4	4,7846418300E-5
2,7036697174E+4	4,8540675500E-5
2,7037250883E+4	4,9049734400E-5
2,7037802388E+4	4,9748995700E-5
2,7038361490E+4	5,0380459400E-5
2,7038912119E+4	5,1094041200E-5
2,7039471683E+4	5,1736735300E-5
2,7040022855E+4	5,2341656400E-5
2,7040582597E+4	5,3007802900E-5
2,7041133374E+4	5,3688108600E-5
2,7041690553E+4	5,4632179400E-5
2,7042241649E+4	5,5113012300E-5
2,7042800138E+4	5,5871492800E-5
2,7043350686E+4	5,6525786300E-5
2,7043907405E+4	5,7120145700E-5
2,7044460309E+4	5,7922717700E-5
2,7045016870E+4	5,8494293400E-5
2,7045568458E+4	5,9264281100E-5
2,7046127920E+4	5,9935616200E-5
2,7046679756E+4	6,0724328900E-5
2,7047240144E+4	6,1343985600E-5
2,7047791200E+4	6,1994635600E-5
2,7048348915E+4	6,2757682000E-5
2,7048901315E+4	6,3550983700E-5
2,7049458414E+4	6,4037512600E-5
2,7050008850E+4	6,4941204600E-5
2,7050569448E+4	6,5437349700E-5
2,7051119713E+4	6,6189119600E-5
2,7051678526E+4	6,6843436100E-5
2,7052229868E+4	6,7390014300E-5
2,7052782009E+4	6,8102258700E-5
2,7053337649E+4	6,8755537500E-5
2,7053889038E+4	6,9557325400E-5
2,7054444711E+4	7,0023284400E-5
2,7054996086E+4	7,0873476200E-5
2,7055553413E+4	7,1751640300E-5
2,7056106185E+4	7,2449172100E-5
2,7056664043E+4	7,3064424300E-5
2,7057214705E+4	7,3886759100E-5
2,7057773652E+4	7,4568517500E-5
2,7058325131E+4	7,5262106000E-5
2,7058879701E+4	7,6216853700E-5
2,7059430426E+4	7,6818753900E-5
2,7059987559E+4	7,7512895800E-5
2,7060538327E+4	7,8282583700E-5
2,7061097029E+4	7,8806839400E-5
2,7061647472E+4	7,9531928400E-5
2,7062199904E+4	8,0161501100E-5
2,7062757456E+4	8,0759365700E-5
2,7063310387E+4	8,1454891200E-5
2,7063866138E+4	8,2196191700E-5
2,7064417031E+4	8,2772540900E-5
2,7064976295E+4	8,3366508300E-5
2,7065529093E+4	8,4120123100E-5
2,7066089359E+4	8,4962820200E-5
2,7066641448E+4	8,5562967800E-5
2,7067197420E+4	8,6394826600E-5
2,7067749730E+4	8,7042248100E-5
2,7068309439E+4	8,7639236400E-5
2,7068861351E+4	8,8336537500E-5
2,7069420369E+4	8,8894323100E-5
2,7069972301E+4	8,9655870700E-5
2,7070526904E+4	9,0292430700E-5
2,7071077250E+4	9,1113796900E-5
2,7071627700E+4	9,1839508600E-5
2,7072186250E+4	9,2477336900E-5
2,7072737231E+4	9,3246240700E-5
2,7073293164E+4	9,3864190900E-5
2,7073845196E+4	9,4590064000E-5
2,7074396374E+4	9,5425012800E-5
2,7074952242E+4	9,5857672600E-5
2,7075504261E+4	9,6647446000E-5
2,7076059468E+4	9,7126803100E-5
2,7076610418E+4	9,7836925900E-5
2,7077161689E+4	9,8457528100E-5
2,7077720925E+4	9,9231205400E-5
2,7078272293E+4	1,0011566500E-4
2,7078829412E+4	1,0072395300E-4
2,7079381741E+4	1,0140382000E-4
2,7079940126E+4	1,0199548200E-4
2,7080492129E+4	1,0266135200E-4
2,7081050386E+4	1,0326705700E-4
2,7081600470E+4	1,0396876200E-4
2,7082159488E+4	1,0469140700E-4
2,7082712144E+4	1,0538522600E-4
2,7083264587E+4	1,0586912600E-4
2,7083821547E+4	1,0670455900E-4
2,7084373000E+4	1,0718855100E-4
2,7084932266E+4	1,0781794000E-4
2,7085485232E+4	1,0852010700E-4
2,7086038780E+4	1,0911388900E-4
2,7086589616E+4	1,0980228900E-4
2,7087146674E+4	1,1063098900E-4
2,7087700283E+4	1,1118158000E-4
2,7088253546E+4	1,1214038600E-4
2,7088804844E+4	1,1259211700E-4
2,7089357052E+4	1,1310242100E-4
2,7089912402E+4	1,1377975200E-4
2,7090462238E+4	1,1450569400E-4
2,7091021157E+4	1,1517064100E-4
2,7091571969E+4	1,1576885200E-4
2,7092128498E+4	1,1650394900E-4
2,7092680198E+4	1,1723401900E-4
2,7093238897E+4	1,1788616800E-4
2,7093791328E+4	1,1854246800E-4
2,7094349354E+4	1,1925325900E-4
2,7094899857E+4	1,1985580500E-4
2,7095450438E+4	1,2053239800E-4
2,7096008306E+4	1,2127141500E-4
2,7096561099E+4	1,2189808300E-4
2,7097116490E+4	1,2268942400E-4
2,7097667768E+4	1,2327451300E-4
2,7098228641E+4	1,2405589300E-4
2,7098779317E+4	1,2465062100E-4
2,7099338615E+4	1,2530117900E-4
2,7099889316E+4	1,2589653000E-4
2,7100448232E+4	1,2653744800E-4
2,7100999557E+4	1,2719063500E-4
2,7101550175E+4	1,2779112800E-4
2,7102107677E+4	1,2852562600E-4
2,7102658335E+4	1,2924667900E-4
2,7103217186E+4	1,2999365300E-4
2,7103767669E+4	1,3062299500E-4
2,7104329665E+4	1,3140781000E-4
2,7104880413E+4	1,3192501000E-4
2,7105438480E+4	1,3247483900E-4
2,7105989437E+4	1,3324579600E-4
2,7106547677E+4	1,3399627400E-4
2,7107100351E+4	1,3439819400E-4
2,7107660063E+4	1,3529819700E-4
2,7108210846E+4	1,3577513200E-4
2,7108771093E+4	1,3633081900E-4
2,7109322027E+4	1,3700056300E-4
2,7109880332E+4	1,3770201500E-4
2,7110431596E+4	1,3836645500E-4
2,7110988460E+4	1,3922160500E-4
2,7111538832E+4	1,3996106100E-4
2,7112096345E+4	1,4056190000E-4
2,7112648042E+4	1,4124810900E-4
2,7113203327E+4	1,4192825400E-4
2,7113754228E+4	1,4239163000E-4
2,7114304565E+4	1,4323601000E-4
2,7114861899E+4	1,4385186200E-4
2,7115413546E+4	1,4423900100E-4
2,7115971700E+4	1,4484472900E-4
2,7116525098E+4	1,4556926400E-4
2,7117083097E+4	1,4627638900E-4
2,7117633700E+4	1,4703985100E-4
2,7118195141E+4	1,4760697600E-4
2,7118746084E+4	1,4818357900E-4
2,7119300307E+4	1,4891261100E-4
2,7119851572E+4	1,4933466300E-4
2,7120403420E+4	1,5021718600E-4
2,7120960434E+4	1,5080536500E-4
2,7121513340E+4	1,5137636400E-4
2,7122069845E+4	1,5200849600E-4
2,7122620593E+4	1,5261212600E-4
2,7123180403E+4	1,5323890900E-4
2,7123732244E+4	1,5395511900E-4
2,7124293143E+4	1,5453859400E-4
2,7124844118E+4	1,5526751100E-4
2,7125399097E+4	1,5606722400E-4
2,7125951560E+4	1,5674573100E-4
2,7126502382E+4	1,5732828300E-4
2,7127054266E+4	1,5802929700E-4
2,7127612555E+4	1,5873070300E-4
2,7128163435E+4	1,5932944400E-4
2,7128722775E+4	1,6001680600E-4
2,7129274395E+4	1,6069814900E-4
2,7129832399E+4	1,6144189400E-4
2,7130383946E+4	1,6201245500E-4
2,7130943741E+4	1,6266451200E-4
2,7131494701E+4	1,6336070600E-4
2,7132054738E+4	1,6381105300E-4
2,7132605610E+4	1,6448347200E-4
2,7133164905E+4	1,6508355100E-4
2,7133715591E+4	1,6570971000E-4
2,7134274557E+4	1,6635037500E-4
2,7134825689E+4	1,6699938800E-4
2,7135380339E+4	1,6765619500E-4
2,7135931468E+4	1,6831048800E-4
2,7136487581E+4	1,6884408400E-4
2,7137039466E+4	1,6941390700E-4
2,7137595465E+4	1,7004184200E-4
2,7138147949E+4	1,7074509300E-4
2,7138703539E+4	1,7145671500E-4
2,7139254443E+4	1,7203532400E-4
2,7139813999E+4	1,7289700000E-4
2,7140364288E+4	1,7343968100E-4
2,7140921898E+4	1,7409579600E-4
2,7141472500E+4	1,7467203000E-4
2,7142031177E+4	1,7519130400E-4
2,7142581541E+4	1,7572665200E-4
2,7143136255E+4	1,7652032300E-4
2,7143687761E+4	1,7695261400E-4
2,7144246522E+4	1,7766907800E-4
2,7144798310E+4	1,7845085000E-4
2,7145356243E+4	1,7935034500E-4
2,7145908201E+4	1,7989060400E-4
2,7146466006E+4	1,8047126600E-4
2,7147016330E+4	1,8113137100E-4
2,7147574276E+4	1,8162112800E-4
2,7148126210E+4	1,8249689400E-4
2,7148676866E+4	1,8318077400E-4
2,7149232446E+4	1,8374045000E-4
2,7149782569E+4	1,8456034100E-4
2,7150341734E+4	1,8509707200E-4
2,7150894063E+4	1,8583131600E-4
2,7151454785E+4	1,8636544200E-4
2,7152007176E+4	1,8681608900E-4
2,7152566258E+4	1,8759497700E-4
2,7153117495E+4	1,8791141300E-4
2,7153672746E+4	1,8853365200E-4
2,7154224692E+4	1,8945164200E-4
2,7154777388E+4	1,8993743300E-4
2,7155332046E+4	1,9065590300E-4
2,7155882373E+4	1,9128946500E-4
2,7156443104E+4	1,9202735300E-4
2,7156993315E+4	1,9269320000E-4
2,7157552523E+4	1,9334177400E-4
2,7158104411E+4	1,9384299200E-4
2,7158664143E+4	1,9473045000E-4
2,7159214622E+4	1,9525230700E-4
2,7159770325E+4	1,9604867600E-4
2,7160320558E+4	1,9666065400E-4
2,7160871579E+4	1,9733378800E-4
2,7161431382E+4	1,9801222500E-4
2,7161982464E+4	1,9868127700E-4
2,7162538028E+4	1,9934069000E-4
2,7163090233E+4	1,9995163000E-4
2,7163646897E+4	2,0043324700E-4
2,7164198657E+4	2,0114431600E-4
2,7164756603E+4	2,0183829600E-4
2,7165307468E+4	2,0258061100E-4
2,7165862030E+4	2,0318657000E-4
2,7166413445E+4	2,0388848300E-4
2,7166965756E+4	2,0452253000E-4
2,7167525105E+4	2,0506299700E-4
2,7168077065E+4	2,0581469800E-4
2,7168630446E+4	2,0636533400E-4
2,7169182425E+4	2,0722802500E-4
2,7169740891E+4	2,0805451100E-4
2,7170293286E+4	2,0871258600E-4
2,7170850556E+4	2,0942236300E-4
2,7171402146E+4	2,1023584300E-4
2,7171959656E+4	2,1094684200E-4
2,7172511216E+4	2,1156407700E-4
2,7173063349E+4	2,1226961100E-4
2,7173620308E+4	2,1293995400E-4
2,7174171019E+4	2,1359809900E-4
2,7174729620E+4	2,1442382400E-4
2,7175280618E+4	2,1499989600E-4
2,7175839164E+4	2,1585970400E-4
2,7176392369E+4	2,1647788500E-4
2,7176952381E+4	2,1732761500E-4
2,7177502626E+4	2,1809333700E-4
2,7178062276E+4	2,1848711700E-4
2,7178612510E+4	2,1921725600E-4
2,7179172213E+4	2,2019490300E-4
2,7179722380E+4	2,2080409000E-4
2,7180282891E+4	2,2134847800E-4
2,7180834763E+4	2,2193571100E-4
2,7181395047E+4	2,2261348000E-4
2,7181946029E+4	2,2334954600E-4
2,7182504980E+4	2,2406229800E-4
2,7183056338E+4	2,2469150100E-4
2,7183615154E+4	2,2523948600E-4
2,7184167221E+4	2,2588633100E-4
2,7184726228E+4	2,2668948000E-4
2,7185276873E+4	2,2733353500E-4
2,7185833507E+4	2,2796301500E-4
2,7186386059E+4	2,2858654600E-4
2,7186942027E+4	2,2933794700E-4
2,7187492505E+4	2,2997021800E-4
2,7188049242E+4	2,3040107900E-4
2,7188600614E+4	2,3122562700E-4
2,7189158593E+4	2,3193561200E-4
2,7189708805E+4	2,3254835000E-4
2,7190259417E+4	2,3315082700E-4
2,7190817394E+4	2,3399170200E-4
2,7191369483E+4	2,3454353800E-4
2,7191926585E+4	2,3523572000E-4
2,7192478401E+4	2,3573117300E-4
2,7193037383E+4	2,3647503300E-4
2,7193588463E+4	2,3723206100E-4
2,7194149294E+4	2,3781422200E-4
2,7194700160E+4	2,3831998300E-4
2,7195258393E+4	2,3899071800E-4
2,7195809927E+4	2,3966235300E-4
2,7196361320E+4	2,4039293100E-4
2,7196918377E+4	2,4084710600E-4
2,7197469531E+4	2,4178119100E-4
2,7198026372E+4	2,4248960800E-4
2,7198578432E+4	2,4308080800E-4
2,7199129663E+4	2,4343266400E-4
2,7199687464E+4	2,4413543000E-4
2,7200238852E+4	2,4479756400E-4
2,7200793464E+4	2,4555537600E-4
2,7201344627E+4	2,4616041300E-4
2,7201903919E+4	2,4692336700E-4
2,7202455207E+4	2,4757918200E-4
2,7203014079E+4	2,4826382300E-4
2,7203564642E+4	2,4886851400E-4
2,7204122184E+4	2,4941297000E-4
2,7204673980E+4	2,5001291000E-4
2,7205230045E+4	2,5073705400E-4
2,7205779736E+4	2,5130000500E-4
2,7206341720E+4	2,5208032400E-4
2,7206892748E+4	2,5266511300E-4
2,7207449752E+4	2,5319614900E-4
2,7208000826E+4	2,5400068100E-4
2,7208558739E+4	2,5476079900E-4
2,7209109598E+4	2,5538857300E-4
2,7209665734E+4	2,5606608800E-4
2,7210218106E+4	2,5660399500E-4
2,7210771981E+4	2,5725711300E-4
2,7211322921E+4	2,5785576200E-4
2,7211872976E+4	2,5831971400E-4
2,7212429300E+4	2,5910360700E-4
2,7212982046E+4	2,5971989700E-4
2,7213539846E+4	2,6012234800E-4
2,7214089792E+4	2,6073100500E-4
2,7214650515E+4	2,6149986200E-4
2,7215202505E+4	2,6193464400E-4
2,7215761329E+4	2,6273786100E-4
2,7216312289E+4	2,6333106800E-4
2,7216871933E+4	2,6397341600E-4
2,7217422916E+4	2,6450671100E-4
2,7217982196E+4	2,6512205600E-4
2,7218533073E+4	2,6574890700E-4
2,7219092929E+4	2,6631587100E-4
2,7219642458E+4	2,6710797400E-4
2,7220205400E+4	2,6763686400E-4
2,7220757284E+4	2,6839527600E-4
2,7221317009E+4	2,6891279800E-4
2,7221869318E+4	2,6965273800E-4
2,7222427175E+4	2,7049861700E-4
2,7222979225E+4	2,7104222100E-4
2,7223535276E+4	2,7151500600E-4
2,7224086146E+4	2,7242296400E-4
2,7224648166E+4	2,7293813400E-4
2,7225199295E+4	2,7361970800E-4
2,7225759184E+4	2,7406897100E-4
2,7226310158E+4	2,7472052000E-4
2,7226865156E+4	2,7510885800E-4
2,7227416184E+4	2,7584868200E-4
2,7227972156E+4	2,7647502700E-4
2,7228523161E+4	2,7728158800E-4
2,7229081175E+4	2,7795820400E-4
2,7229632255E+4	2,7856162600E-4
2,7230188178E+4	2,7905113000E-4
2,7230739176E+4	2,7952582900E-4
2,7231289614E+4	2,8031435700E-4
2,7231846618E+4	2,8089880000E-4
2,7232397588E+4	2,8124814300E-4
2,7232954580E+4	2,8205661800E-4
2,7233505578E+4	2,8260324300E-4
2,7234064568E+4	2,8310965000E-4
2,7234616581E+4	2,8375930800E-4
2,7235171444E+4	2,8436614300E-4
2,7235721438E+4	2,8483237900E-4
2,7236277439E+4	2,8534210600E-4
2,7236828516E+4	2,8603668700E-4
2,7237385466E+4	2,8652582100E-4
2,7237936689E+4	2,8712340900E-4
2,7238493382E+4	2,8756783000E-4
2,7239045340E+4	2,8815148900E-4
2,7239596452E+4	2,8876658000E-4
2,7240154414E+4	2,8930347300E-4
2,7240705393E+4	2,8967124000E-4
2,7241263375E+4	2,9033335100E-4
2,7241814477E+4	2,9103807800E-4
2,7242371233E+4	2,9139069500E-4
2,7242922864E+4	2,9189608700E-4
2,7243478978E+4	2,9245175100E-4
2,7244029934E+4	2,9315804600E-4
2,7244590481E+4	2,9363479700E-4
2,7245142487E+4	2,9432167500E-4
2,7245699519E+4	2,9490270600E-4
2,7246251527E+4	2,9544734700E-4
2,7246803971E+4	2,9612057300E-4
2,7247360111E+4	2,9674961500E-4
2,7247910690E+4	2,9734134600E-4
2,7248468608E+4	2,9790293600E-4
2,7249020639E+4	2,9862253700E-4
2,7249580674E+4	2,9928914500E-4
2,7250132656E+4	2,9965038600E-4
2,7250692657E+4	2,9985241900E-4
2,7251243949E+4	2,9966542200E-4
2,7251798588E+4	2,9950672000E-4
2,7252349616E+4	2,9948476600E-4
2,7252901668E+4	2,9939734400E-4
2,7253459398E+4	2,9943004400E-4
2,7254011443E+4	2,9944902300E-4
2,7254571501E+4	2,9929255800E-4
2,7255122617E+4	2,9911395500E-4
2,7255682508E+4	2,9898479300E-4
2,7256234453E+4	2,9886363400E-4
2,7256792635E+4	2,9880330800E-4
2,7257342458E+4	2,9863727200E-4
2,7257904024E+4	2,9865200800E-4
2,7258454805E+4	2,9841732200E-4
2,7259009628E+4	2,9849796400E-4
2,7259560424E+4	2,9842481700E-4
2,7260119025E+4	2,9813928300E-4
2,7260670026E+4	2,9805363600E-4
2,7261226019E+4	2,9793058600E-4
2,7261777167E+4	2,9777529700E-4
2,7262333104E+4	2,9772359500E-4
2,7262884054E+4	2,9772811500E-4
2,7263436146E+4	2,9749910200E-4
2,7263993073E+4	2,9740478500E-4
2,7264543980E+4	2,9737067900E-4
2,7265099360E+4	2,9725754400E-4
2,7265650746E+4	2,9718836300E-4
2,7266201487E+4	2,9702929200E-4
2,7266758608E+4	2,9701185800E-4
2,7267310618E+4	2,9694936500E-4
2,7267870151E+4	2,9684282500E-4
2,7268421006E+4	2,9667130200E-4
2,7268980067E+4	2,9664314500E-4
2,7269530579E+4	2,9679389100E-4
2,7270089089E+4	2,9667293900E-4
2,7270640326E+4	2,9665663600E-4
2,7271191011E+4	2,9649048500E-4
2,7271748702E+4	2,9639243200E-4
2,7272299349E+4	2,9635166100E-4
2,7272858697E+4	2,9617580300E-4
2,7273409772E+4	2,9605814800E-4
2,7273967681E+4	2,9603661000E-4
2,7274517628E+4	2,9605053800E-4
2,7275068665E+4	2,9602173600E-4
2,7275629367E+4	2,9569033400E-4
2,7276180405E+4	2,9582772800E-4
2,7276738430E+4	2,9560964600E-4
2,7277289605E+4	2,9548239900E-4
2,7277849090E+4	2,9531343500E-4
2,7278399554E+4	2,9543517100E-4
2,7278961453E+4	2,9516843100E-4
2,7279514524E+4	2,9516838500E-4
2,7280072348E+4	2,9494460600E-4
2,7280622789E+4	2,9488040600E-4
2,7281182335E+4	2,9488121300E-4
2,7281732398E+4	2,9464544300E-4
2,7282292293E+4	2,9447315900E-4
2,7282843903E+4	2,9435331400E-4
2,7283400548E+4	2,9432566500E-4
2,7283951566E+4	2,9404898600E-4
2,7284509315E+4	2,9398909800E-4
2,7285060605E+4	2,9393202300E-4
2,7285616546E+4	2,9375037600E-4
2,7286167556E+4	2,9356206500E-4
2,7286718885E+4	2,9352941100E-4
2,7287273456E+4	2,9349532800E-4
2,7287823611E+4	2,9342515500E-4
2,7288382125E+4	2,9329742300E-4
2,7288934650E+4	2,9314033600E-4
2,7289485963E+4	2,9304707900E-4
2,7290043417E+4	2,9298470100E-4
2,7290594447E+4	2,9270329400E-4
2,7291149992E+4	2,9247213700E-4
2,7291700793E+4	2,9239732900E-4
2,7292260073E+4	2,9245986900E-4
2,7292810445E+4	2,9236688900E-4
2,7293366628E+4	2,9236603600E-4
2,7293918219E+4	2,9223106300E-4
2,7294469668E+4	2,9189860100E-4
2,7295027614E+4	2,9164899500E-4
2,7295580373E+4	2,9166350000E-4
2,7296134536E+4	2,9157015100E-4
2,7296684378E+4	2,9149656500E-4
2,7297235617E+4	2,9135352100E-4
2,7297793635E+4	2,9133046100E-4
2,7298344727E+4	2,9124555300E-4
2,7298902642E+4	2,9110476900E-4
2,7299454674E+4	2,9106983200E-4
2,7300006164E+4	2,9105138400E-4
2,7300563736E+4	2,9075847000E-4
2,7301115439E+4	2,9062349800E-4
2,7301670286E+4	2,9078598100E-4
2,7302221573E+4	2,9055452400E-4
2,7302781478E+4	2,9046387300E-4
2,7303334469E+4	2,9029716900E-4
2,7303889908E+4	2,9022951000E-4
2,7304440703E+4	2,9003621800E-4
2,7304996109E+4	2,9006449000E-4
2,7305548521E+4	2,8977775600E-4
2,7306103821E+4	2,8979283800E-4
2,7306654423E+4	2,8982281700E-4
2,7307215453E+4	2,8971717700E-4
2,7307765691E+4	2,8950308400E-4
2,7308324414E+4	2,8930568600E-4
2,7308876291E+4	2,8929083600E-4
2,7309427942E+4	2,8933912400E-4
2,7309983063E+4	2,8915323400E-4
2,7310535232E+4	2,8913407100E-4
2,7311088436E+4	2,8886712300E-4
2,7311639078E+4	2,8887549400E-4
2,7312189715E+4	2,8874716300E-4
2,7312747843E+4	2,8863591900E-4
2,7313298663E+4	2,8873305000E-4
2,7313854460E+4	2,8859205800E-4
2,7314406375E+4	2,8831540300E-4
2,7314958095E+4	2,8833744800E-4
2,7315513375E+4	2,8821170000E-4
2,7316064427E+4	2,8818132900E-4
2,7316620710E+4	2,8804412000E-4
2,7317171868E+4	2,8808157000E-4
2,7317730045E+4	2,8793409800E-4
2,7318280516E+4	2,8780793500E-4
2,7318836442E+4	2,8776501900E-4
2,7319387388E+4	2,8780728900E-4
2,7319944665E+4	2,8762905500E-4
2,7320497061E+4	2,8715292600E-4
2,7321054800E+4	2,8721934000E-4
2,7321606834E+4	2,8727503100E-4
2,7322166052E+4	2,8710304700E-4
2,7322717488E+4	2,8699786800E-4
2,7323273677E+4	2,8690039200E-4
2,7323824592E+4	2,8668657500E-4
2,7324381886E+4	2,8674095200E-4
2,7324932418E+4	2,8629355700E-4
2,7325488732E+4	2,8629846800E-4
2,7326039880E+4	2,8615856100E-4
2,7326598285E+4	2,8613351700E-4
2,7327150028E+4	2,8598399300E-4
2,7327700781E+4	2,8595468400E-4
2,7328257661E+4	2,8588292000E-4
2,7328808687E+4	2,8563389000E-4
2,7329367697E+4	2,8563603500E-4
2,7329918612E+4	2,8564385200E-4
2,7330478142E+4	2,8537704300E-4
2,7331028437E+4	2,8536140800E-4
2,7331588524E+4	2,8529181200E-4
2,7332139408E+4	2,8503109000E-4
2,7332698201E+4	2,8495891100E-4
2,7333251097E+4	2,8483507700E-4
2,7333803427E+4	2,8471938300E-4
2,7334355964E+4	2,8462642600E-4
2,7334906645E+4	2,8447215200E-4
2,7335466178E+4	2,8446299700E-4
2,7336016706E+4	2,8442681500E-4
2,7336574152E+4	2,8405914000E-4
2,7337124867E+4	2,8408436800E-4
2,7337681491E+4	2,8396805100E-4
2,7338232298E+4	2,8390747100E-4
2,7338789326E+4	2,8388581700E-4
2,7339342254E+4	2,8363106900E-4
2,7339897327E+4	2,8357341800E-4
2,7340449811E+4	2,8340205600E-4
2,7341002923E+4	2,8319704900E-4
2,7341556504E+4	2,8327831400E-4
2,7342108681E+4	2,8324828900E-4
2,7342667544E+4	2,8324944200E-4
2,7343218047E+4	2,8315254200E-4
2,7343779178E+4	2,8296928100E-4
2,7344330446E+4	2,8286209600E-4
2,7344890211E+4	2,8293734200E-4
2,7345440790E+4	2,8278768000E-4
2,7345997616E+4	2,8270357900E-4
2,7346549019E+4	2,8259185100E-4
2,7347099649E+4	2,8241855200E-4
2,7347657199E+4	2,8236592800E-4
2,7348208482E+4	2,8204739400E-4
2,7348763609E+4	2,8217452600E-4
2,7349313296E+4	2,8199924400E-4
2,7349872938E+4	2,8188195900E-4
2,7350423413E+4	2,8168338500E-4
2,7350980793E+4	2,8176262100E-4
2,7351531343E+4	2,8165818000E-4
2,7352086635E+4	2,8154836700E-4
2,7352638598E+4	2,8147164400E-4
2,7353189681E+4	2,8126502300E-4
2,7353745254E+4	2,8116145900E-4
2,7354298269E+4	2,8104910800E-4
2,7354851425E+4	2,8087726200E-4
2,7355404265E+4	2,8082885800E-4
2,7355960545E+4	2,8082666700E-4
2,7356510681E+4	2,8070889800E-4
2,7357068141E+4	2,8060074400E-4
2,7357618692E+4	2,8048133800E-4
2,7358174578E+4	2,8043364900E-4
2,7358725653E+4	2,8028232600E-4
2,7359275943E+4	2,8028603900E-4
2,7359837056E+4	2,8017465700E-4
2,7360387562E+4	2,8011184000E-4
2,7360944302E+4	2,7983663700E-4
2,7361495555E+4	2,7998380900E-4
2,7362055915E+4	2,7974833900E-4
2,7362607162E+4	2,7993927900E-4
2,7363166535E+4	2,7985727600E-4
2,7363717168E+4	2,7981233100E-4
2,7364277555E+4	2,7943151200E-4
2,7364828306E+4	2,7945906900E-4
2,7365387563E+4	2,7900816800E-4
2,7365939816E+4	2,7903526400E-4
2,7366501451E+4	2,7898107200E-4
2,7367053058E+4	2,7868594500E-4
2,7367611213E+4	2,7863897100E-4
2,7368163702E+4	2,7851306100E-4
2,7368720055E+4	2,7858602400E-4
2,7369270574E+4	2,7846627100E-4
2,7369831580E+4	2,7827309400E-4
2,7370382230E+4	2,7817368100E-4
2,7370942075E+4	2,7814808400E-4
2,7371492713E+4	2,7820518100E-4
2,7372051301E+4	2,7816394900E-4
2,7372601439E+4	2,7802812300E-4
2,7373161485E+4	2,7810694400E-4
2,7373712246E+4	2,7808003200E-4
2,7374271237E+4	2,7800093500E-4
2,7374822984E+4	2,7789727800E-4
2,7375379167E+4	2,7787647800E-4
2,7375930122E+4	2,7769902800E-4
2,7376485605E+4	2,7773880700E-4
2,7377037844E+4	2,7776733300E-4
2,7377594197E+4	2,7759039000E-4
2,7378145502E+4	2,7778153800E-4
2,7378701428E+4	2,7765853400E-4
2,7379253352E+4	2,7774459500E-4
2,7379809460E+4	2,7743459400E-4
2,7380361374E+4	2,7739562200E-4
2,7380916064E+4	2,7749761800E-4
2,7381467086E+4	2,7732784700E-4
2,7382025893E+4	2,7734712600E-4
2,7382577621E+4	2,7720046100E-4
2,7383131368E+4	2,7693914100E-4
2,7383682294E+4	2,7684062700E-4
2,7384239911E+4	2,7677824800E-4
2,7384791572E+4	2,7669827500E-4
2,7385342375E+4	2,7673819200E-4
2,7385902258E+4	2,7668637500E-4
2,7386453165E+4	2,7672670800E-4
2,7387008845E+4	2,7658753800E-4
2,7387560141E+4	2,7650276800E-4
2,7388117540E+4	2,7652732800E-4
2,7388670156E+4	2,7641278600E-4
2,7389225453E+4	2,7637102400E-4
2,7389777086E+4	2,7633279000E-4
2,7390336183E+4	2,7623095500E-4
2,7390886787E+4	2,7610322300E-4
2,7391443407E+4	2,7603014500E-4
2,7391994705E+4	2,7582260100E-4
2,7392551910E+4	2,7569858200E-4
2,7393103337E+4	2,7546993800E-4
2,7393660206E+4	2,7560288100E-4
2,7394212019E+4	2,7534515800E-4
2,7394768214E+4	2,7529338700E-4
2,7395319823E+4	2,7529557800E-4
2,7395876326E+4	2,7495287700E-4
2,7396427588E+4	2,7505284400E-4
2,7396984417E+4	2,7508409100E-4
2,7397536164E+4	2,7490290500E-4
2,7398086607E+4	2,7494771100E-4
2,7398643033E+4	2,7489806200E-4
2,7399193399E+4	2,7471662300E-4
2,7399749641E+4	2,7478910200E-4
2,7400301744E+4	2,7470689100E-4
2,7400859452E+4	2,7447801700E-4
2,7401410632E+4	2,7445541700E-4
2,7401970634E+4	2,7422769600E-4
2,7402521765E+4	2,7430923700E-4
2,7403080981E+4	2,7390895500E-4
2,7403631631E+4	2,7388423400E-4
2,7404190411E+4	2,7397700600E-4
2,7404741870E+4	2,7382748200E-4
2,7405301744E+4	2,7382713600E-4
2,7405853268E+4	2,7367777400E-4
2,7406411257E+4	2,7343342600E-4
2,7406961606E+4	2,7330230400E-4
2,7407524109E+4	2,7297387700E-4
2,7408074582E+4	2,7314703800E-4
2,7408635298E+4	2,7313449300E-4
2,7409186257E+4	2,7324080200E-4
2,7409746687E+4	2,7302283500E-4
2,7410298272E+4	2,7288993700E-4
2,7410857413E+4	2,7258713100E-4
2,7411408831E+4	2,7276663300E-4
2,7411968634E+4	2,7264907100E-4
2,7412520021E+4	2,7253847300E-4
2,7413078800E+4	2,7240818200E-4
2,7413630198E+4	2,7230318800E-4
2,7414189000E+4	2,7226977300E-4
2,7414741299E+4	2,7194911800E-4
2,7415296982E+4	2,7202835400E-4
2,7415847375E+4	2,7204154400E-4
2,7416399410E+4	2,7214234100E-4
2,7416957090E+4	2,7186619300E-4
2,7417507667E+4	2,7170806700E-4
2,7418066446E+4	2,7152107000E-4
2,7418616683E+4	2,7141335500E-4
2,7419178466E+4	2,7140696700E-4
2,7419728643E+4	2,7118752400E-4
2,7420288548E+4	2,7107353700E-4
2,7420838319E+4	2,7119492700E-4
2,7421397436E+4	2,7089523400E-4
2,7421947422E+4	2,7064816400E-4
2,7422507325E+4	2,7045016700E-4
2,7423057825E+4	2,7056747600E-4
2,7423620578E+4	2,7030657000E-4
2,7424172125E+4	2,7016717000E-4
2,7424730385E+4	2,7000918300E-4
2,7425281254E+4	2,6998526900E-4
2,7425839324E+4	2,6990926200E-4
2,7426389467E+4	2,6999580800E-4
2,7426939774E+4	2,6979778800E-4
2,7427500176E+4	2,6977369000E-4
2,7428052346E+4	2,6954984200E-4
2,7428610227E+4	2,6939469200E-4
2,7429161148E+4	2,6950160000E-4
2,7429720126E+4	2,6934884700E-4
2,7430272343E+4	2,6930053600E-4
2,7430831709E+4	2,6912124100E-4
2,7431382724E+4	2,6919549600E-4
2,7431937371E+4	2,6912451600E-4
2,7432487439E+4	2,6891644100E-4
2,7433037811E+4	2,6894955600E-4
2,7433598783E+4	2,6881843500E-4
2,7434151133E+4	2,6875983800E-4
2,7434707446E+4	2,6850990900E-4
2,7435257441E+4	2,6854191700E-4
2,7435807613E+4	2,6840913500E-4
2,7436368203E+4	2,6837904100E-4
2,7436920193E+4	2,6833112200E-4
2,7437474492E+4	2,6807950900E-4
2,7438026041E+4	2,6810261600E-4
2,7438576541E+4	2,6789126700E-4
2,7439134560E+4	2,6790067600E-4
2,7439686171E+4	2,6784676000E-4
2,7440243536E+4	2,6777958500E-4
2,7440794107E+4	2,6775108300E-4
2,7441352363E+4	2,6773145800E-4
2,7441903432E+4	2,6752624400E-4
2,7442460446E+4	2,6747350400E-4
2,7443010472E+4	2,6753569800E-4
2,7443568348E+4	2,6753696700E-4
2,7444121189E+4	2,6755825100E-4
2,7444677277E+4	2,6765014700E-4
2,7445229451E+4	2,6741382400E-4
2,7445787539E+4	2,6734279800E-4
2,7446339908E+4	2,6730760800E-4
2,7446895256E+4	2,6730917600E-4
2,7447447120E+4	2,6716767700E-4
2,7448007291E+4	2,6718762400E-4
2,7448559314E+4	2,6708193800E-4
2,7449119072E+4	2,6701206500E-4
2,7449669840E+4	2,6695810400E-4
2,7450228330E+4	2,6686740700E-4
2,7450778429E+4	2,6693610400E-4
2,7451330287E+4	2,6679843300E-4
2,7451886988E+4	2,6672869900E-4
2,7452437421E+4	2,6645594000E-4
2,7452996229E+4	2,6634880100E-4
2,7453548717E+4	2,6620123800E-4
2,7454100126E+4	2,6623460600E-4
2,7454650433E+4	2,6618712500E-4
2,7455208734E+4	2,6598444700E-4
2,7455758676E+4	2,6606126100E-4
2,7456316992E+4	2,6608077000E-4
2,7456867668E+4	2,6613687600E-4
2,7457422322E+4	2,6576073700E-4
2,7457973409E+4	2,6568648300E-4
2,7458524968E+4	2,6563547300E-4
2,7459082969E+4	2,6557828300E-4
2,7459633787E+4	2,6549632600E-4
2,7460191956E+4	2,6536490500E-4
2,7460743038E+4	2,6526443100E-4
2,7461294072E+4	2,6514822900E-4
2,7461850652E+4	2,6525633700E-4
2,7462402408E+4	2,6514463200E-4
2,7462961116E+4	2,6494407500E-4
2,7463511268E+4	2,6489461100E-4
2,7464071415E+4	2,6478493500E-4
2,7464621463E+4	2,6442341700E-4
2,7465182187E+4	2,6437231500E-4
2,7465735204E+4	2,6450419800E-4
2,7466293237E+4	2,6449603400E-4
2,7466843495E+4	2,6444719200E-4
2,7467402374E+4	2,6422357500E-4
2,7467953538E+4	2,6411350800E-4
2,7468512395E+4	2,6404342700E-4
2,7469065221E+4	2,6379564300E-4
2,7469623316E+4	2,6376591800E-4
2,7470173558E+4	2,6372178100E-4
2,7470734675E+4	2,6345275800E-4
2,7471285669E+4	2,6342665300E-4
2,7471843313E+4	2,6319870100E-4
2,7472393458E+4	2,6315401000E-4
2,7472955505E+4	2,6299985100E-4
2,7473506117E+4	2,6289880000E-4
2,7474064647E+4	2,6260627900E-4
2,7474616473E+4	2,6247951500E-4
2,7475174366E+4	2,6252220000E-4
2,7475725410E+4	2,6236280700E-4
2,7476282068E+4	2,6221086100E-4
2,7476835180E+4	2,6185453200E-4
2,7477389535E+4	2,6177386600E-4
2,7477940862E+4	2,6140296200E-4
2,7478492011E+4	2,6129139600E-4
2,7479047294E+4	2,6120973900E-4
2,7479599944E+4	2,6091784000E-4
2,7480155187E+4	2,6068739700E-4
2,7480707277E+4	2,6063544200E-4
2,7481260657E+4	2,6061249700E-4
2,7481812976E+4	2,6023536700E-4
2,7482366620E+4	2,6021881000E-4
2,7482916975E+4	2,6002351100E-4
2,7483475893E+4	2,5999920500E-4
2,7484027610E+4	2,5999941300E-4
2,7484579310E+4	2,6009649700E-4
2,7485134976E+4	2,5999065000E-4
2,7485688179E+4	2,5988662400E-4
2,7486242419E+4	2,5970705300E-4
2,7486794330E+4	2,5962059900E-4
2,7487352625E+4	2,5992799400E-4
2,7487905341E+4	2,5978384400E-4
2,7488460352E+4	2,5982618300E-4
2,7489010807E+4	2,5963533500E-4
2,7489569874E+4	2,5962867000E-4
2,7490122137E+4	2,5941381600E-4
2,7490673246E+4	2,5960261200E-4
2,7491230204E+4	2,5943630000E-4
2,7491780329E+4	2,5922755700E-4
2,7492340002E+4	2,5924065500E-4
2,7492890424E+4	2,5913898200E-4
2,7493452020E+4	2,5906721800E-4
2,7494002411E+4	2,5909401400E-4
2,7494561580E+4	2,5898602200E-4
2,7495113663E+4	2,5900961300E-4
2,7495671579E+4	2,5898717500E-4
2,7496222299E+4	2,5892855600E-4
2,7496782990E+4	2,5881477500E-4
2,7497334121E+4	2,5879425200E-4
2,7497891459E+4	2,5874241200E-4
2,7498441703E+4	2,5877928500E-4
2,7499005068E+4	2,5880894100E-4
2,7499555568E+4	2,5881786600E-4
2,7500112197E+4	2,5875657100E-4
2,7500663917E+4	2,5873987500E-4
2,7501222048E+4	2,5884260900E-4
2,7501773847E+4	2,5865918700E-4
2,7502328648E+4	2,5860564000E-4
2,7502879898E+4	2,5843497000E-4
2,7503436251E+4	2,5838633600E-4
2,7503987739E+4	2,5837981000E-4
2,7504539358E+4	2,5826058700E-4
2,7505091997E+4	2,5834199100E-4
2,7505646905E+4	2,5819816300E-4
2,7506197742E+4	2,5823067800E-4
2,7506754047E+4	2,5811657500E-4
2,7507304563E+4	2,5814321000E-4
2,7507862162E+4	2,5791087600E-4
2,7508413711E+4	2,5801261900E-4
2,7508970885E+4	2,5784907400E-4
2,7509521342E+4	2,5790063700E-4
2,7510078521E+4	2,5779813400E-4
2,7510628788E+4	2,5760200500E-4
2,7511186764E+4	2,5767150900E-4
2,7511738606E+4	2,5753222400E-4
2,7512294538E+4	2,5747881600E-4
2,7512846189E+4	2,5748536500E-4
2,7513406257E+4	2,5739969500E-4
2,7513956438E+4	2,5746700900E-4
2,7514513200E+4	2,5743968200E-4
2,7515063211E+4	2,5748204400E-4
2,7515614815E+4	2,5709070900E-4
2,7516174509E+4	2,5725171700E-4
2,7516727265E+4	2,5712223200E-4
2,7517283353E+4	2,5684788300E-4
2,7517833569E+4	2,5699157200E-4
2,7518391201E+4	2,5689896100E-4
2,7518942380E+4	2,5659592400E-4
2,7519498417E+4	2,5661580200E-4
2,7520048558E+4	2,5659949900E-4
2,7520608302E+4	2,5646669400E-4
2,7521160302E+4	2,5637316100E-4
2,7521714829E+4	2,5644633100E-4
2,7522266505E+4	2,5634869300E-4
2,7522822586E+4	2,5630776100E-4
2,7523374172E+4	2,5610388400E-4
2,7523929342E+4	2,5609590500E-4
2,7524480519E+4	2,5581950300E-4
2,7525031767E+4	2,5579681100E-4
2,7525588768E+4	2,5556399300E-4
2,7526139631E+4	2,5568450700E-4
2,7526696986E+4	2,5548189800E-4
2,7527247843E+4	2,5525920400E-4
2,7527800344E+4	2,5516693900E-4
2,7528355724E+4	2,5511754300E-4
2,7528908024E+4	2,5487783000E-4
2,7529467457E+4	2,5479379800E-4
2,7530017403E+4	2,5454483800E-4
2,7530577814E+4	2,5445448700E-4
2,7531130095E+4	2,5431434900E-4
2,7531689813E+4	2,5417866100E-4
2,7532240693E+4	2,5414031200E-4
2,7532800068E+4	2,5411674400E-4
2,7533352208E+4	2,5388189700E-4
2,7533907199E+4	2,5389012900E-4
2,7534458676E+4	2,5366291500E-4
2,7535017032E+4	2,5359915300E-4
2,7535568372E+4	2,5356583000E-4
2,7536124329E+4	2,5347937700E-4
2,7536674553E+4	2,5338074700E-4
2,7537226230E+4	2,5331029800E-4
2,7537785605E+4	2,5315588500E-4
2,7538337097E+4	2,5324925700E-4
2,7538894232E+4	2,5329440900E-4
2,7539445099E+4	2,5311797400E-4
2,7540005958E+4	2,5300887500E-4
2,7540557440E+4	2,5285374700E-4
2,7541116566E+4	2,5298925100E-4
2,7541668703E+4	2,5305631000E-4
2,7542225674E+4	2,5300629200E-4
2,7542776288E+4	2,5275728600E-4
2,7543326787E+4	2,5253899600E-4
2,7543886009E+4	2,5261408000E-4
2,7544438476E+4	2,5272232600E-4
2,7544992914E+4	2,5257464700E-4
2,7545543683E+4	2,5261896900E-4
2,7546101287E+4	2,5252209200E-4
2,7546652109E+4	2,5249619600E-4
2,7547212403E+4	2,5252329200E-4
2,7547763960E+4	2,5207278300E-4
2,7548323262E+4	2,5211376100E-4
2,7548873577E+4	2,5208355200E-4
2,7549431981E+4	2,5195997100E-4
2,7549984599E+4	2,5195300700E-4
2,7550537472E+4	2,5172595400E-4
2,7551090353E+4	2,5149285900E-4
2,7551646362E+4	2,5134725600E-4
2,7552197646E+4	2,5121804800E-4
2,7552749552E+4	2,5110422200E-4
2,7553303973E+4	2,5106730200E-4
2,7553856538E+4	2,5090966100E-4
2,7554415230E+4	2,5066923300E-4
2,7554965560E+4	2,5067130900E-4
2,7555524884E+4	2,5056772100E-4
2,7556076884E+4	2,5037980200E-4
2,7556635672E+4	2,5045216500E-4
2,7557188354E+4	2,5042603800E-4
2,7557746244E+4	2,5024798800E-4
2,7558299321E+4	2,5018810100E-4
2,7558856041E+4	2,5011091700E-4
2,7559407962E+4	2,5007360600E-4
2,7559967239E+4	2,4978138400E-4
2,7560517952E+4	2,4977767100E-4
2,7561076327E+4	2,4967908800E-4
2,7561626466E+4	2,4972654600E-4
2,7562185292E+4	2,4964286000E-4
2,7562738351E+4	2,4948132200E-4
2,7563293404E+4	2,4955147100E-4
2,7563844817E+4	2,4933555700E-4
2,7564405897E+4	2,4928869800E-4
2,7564957411E+4	2,4925943400E-4
2,7565516155E+4	2,4911242400E-4
2,7566067105E+4	2,4912213200E-4
2,7566624709E+4	2,4914463900E-4
2,7567175552E+4	2,4905456500E-4
2,7567735450E+4	2,4888348000E-4
2,7568285379E+4	2,4886713000E-4
2,7568845133E+4	2,4876748600E-4
2,7569396631E+4	2,4856978900E-4
2,7569951553E+4	2,4864369800E-4
2,7570502043E+4	2,4866216900E-4
2,7571062210E+4	2,4856886700E-4
2,7571614283E+4	2,4863375900E-4
2,7572168778E+4	2,4856035700E-4
2,7572719839E+4	2,4846760800E-4
2,7573272388E+4	2,4824634300E-4
2,7573827506E+4	2,4843645400E-4
2,7574378685E+4	2,4864588800E-4
2,7574933390E+4	2,4865453600E-4
2,7575485139E+4	2,4865518200E-4
2,7576044612E+4	2,4859501700E-4
2,7576596094E+4	2,4840532200E-4
2,7577156788E+4	2,4813496200E-4
2,7577708145E+4	2,4804214300E-4
2,7578264491E+4	2,4787843700E-4
2,7578815996E+4	2,4773703100E-4
2,7579374443E+4	2,4744231900E-4
2,7579925786E+4	2,4747845400E-4
2,7580486087E+4	2,4761340400E-4
2,7581037983E+4	2,4723422100E-4
2,7581593655E+4	2,4711502200E-4
2,7582145584E+4	2,4707565800E-4
2,7582701773E+4	2,4689521000E-4
2,7583253615E+4	2,4681973300E-4
2,7583810171E+4	2,4669626800E-4
2,7584363254E+4	2,4658620000E-4
2,7584916351E+4	2,4648014500E-4
2,7585466707E+4	2,4638700400E-4
2,7586018353E+4	2,4627108000E-4
2,7586574685E+4	2,4600288700E-4
2,7587126332E+4	2,4586517000E-4
2,7587685714E+4	2,4560027500E-4
2,7588238328E+4	2,4532998400E-4
2,7588790092E+4	2,4536395200E-4
2,7589345635E+4	2,4548211300E-4
2,7589898455E+4	2,4544549300E-4
2,7590454455E+4	2,4536914000E-4
2,7591005666E+4	2,4529108100E-4
2,7591556548E+4	2,4518883100E-4
2,7592112725E+4	2,4487447100E-4
2,7592665245E+4	2,4516028200E-4
2,7593221449E+4	2,4510841900E-4
2,7593773261E+4	2,4515241800E-4
2,7594324035E+4	2,4525653600E-4
2,7594882086E+4	2,4525586700E-4
2,7595434928E+4	2,4524585900E-4
2,7595988634E+4	2,4515366400E-4
2,7596539201E+4	2,4496014000E-4
2,7597100198E+4	2,4490961500E-4
2,7597651108E+4	2,4501543900E-4
2,7598209317E+4	2,4502922900E-4
2,7598759610E+4	2,4503866100E-4
2,7599317387E+4	2,4486713800E-4
2,7599869658E+4	2,4473205000E-4
2,7600421702E+4	2,4471415500E-4
2,7600975272E+4	2,4477443500E-4
2,7601526397E+4	2,4471297900E-4
2,7602084110E+4	2,4469573000E-4
2,7602636233E+4	2,4464751000E-4
2,7603187524E+4	2,4456015700E-4
2,7603744235E+4	2,4447017600E-4
2,7604294864E+4	2,4444879900E-4
2,7604851074E+4	2,4439336100E-4
2,7605402250E+4	2,4427616800E-4
2,7605954490E+4	2,4404734000E-4
2,7606512489E+4	2,4416487900E-4
2,7607063807E+4	2,4424466800E-4
2,7607622210E+4	2,4406470400E-4
2,7608175368E+4	2,4423816500E-4
2,7608731404E+4	2,4404584100E-4
2,7609283063E+4	2,4393392800E-4
2,7609844288E+4	2,4383126300E-4
2,7610396128E+4	2,4372885200E-4
2,7610952468E+4	2,4370387800E-4
2,7611503451E+4	2,4363181400E-4
2,7612063337E+4	2,4372022700E-4
2,7612614272E+4	2,4353802700E-4
2,7613175098E+4	2,4357785200E-4
2,7613725493E+4	2,4379083800E-4
2,7614285422E+4	2,4364585800E-4
2,7614836866E+4	2,4362111400E-4
2,7615395169E+4	2,4356888200E-4
2,7615946427E+4	2,4343420900E-4
2,7616501812E+4	2,4338038600E-4
2,7617052923E+4	2,4327391600E-4
2,7617609888E+4	2,4328088000E-4
2,7618160549E+4	2,4336671100E-4
2,7618716944E+4	2,4328830600E-4
2,7619268559E+4	2,4339080900E-4
2,7619819791E+4	2,4327179400E-4
2,7620375658E+4	2,4311134000E-4
2,7620926506E+4	2,4309044700E-4
2,7621483924E+4	2,4313841300E-4
2,7622035124E+4	2,4289252000E-4
2,7622594357E+4	2,4290091400E-4
2,7623145351E+4	2,4295236100E-4
2,7623704117E+4	2,4307439700E-4
2,7624254394E+4	2,4272062700E-4
2,7624811771E+4	2,4269816600E-4
2,7625363100E+4	2,4270967300E-4
2,7625915046E+4	2,4253833400E-4
2,7626469814E+4	2,4240988800E-4
2,7627020758E+4	2,4242884400E-4
2,7627578275E+4	2,4235221400E-4
2,7628129348E+4	2,4224046300E-4
2,7628681966E+4	2,4213401600E-4
2,7629236898E+4	2,4205247400E-4
2,7629788879E+4	2,4186372500E-4
2,7630343336E+4	2,4170839000E-4
2,7630894158E+4	2,4169681300E-4
2,7631455064E+4	2,4155907300E-4
2,7632005452E+4	2,4144997500E-4
2,7632564496E+4	2,4138570500E-4
2,7633116888E+4	2,4139601300E-4
2,7633674152E+4	2,4126565300E-4
2,7634225082E+4	2,4122522800E-4
2,7634784943E+4	2,4107681100E-4
2,7635335529E+4	2,4114170300E-4
2,7635895740E+4	2,4085609900E-4
2,7636445466E+4	2,4077580300E-4
2,7637006378E+4	2,4083765100E-4
2,7637557555E+4	2,4067722000E-4
2,7638116402E+4	2,4063160600E-4
2,7638667419E+4	2,4052557400E-4
2,7639227009E+4	2,4050993900E-4
2,7639779320E+4	2,4031602400E-4
2,7640338602E+4	2,4006422700E-4
2,7640888559E+4	2,3996569000E-4
2,7641447337E+4	2,3980274500E-4
2,7641998324E+4	2,3976386500E-4
2,7642557333E+4	2,3972939000E-4
2,7643108347E+4	2,3965202200E-4
2,7643667496E+4	2,3938641200E-4
2,7644217379E+4	2,3939270800E-4
2,7644780428E+4	2,3921066900E-4
2,7645330315E+4	2,3937006200E-4
2,7645889216E+4	2,3902904500E-4
2,7646440429E+4	2,3894831000E-4
2,7646997323E+4	2,3889939900E-4
2,7647548077E+4	2,3885694500E-4
2,7648110189E+4	2,3861294300E-4
2,7648661511E+4	2,3874526300E-4
2,7649218463E+4	2,3855035700E-4
2,7649771081E+4	2,3851581200E-4
2,7650331222E+4	2,3853054800E-4
2,7650882361E+4	2,3829256400E-4
2,7651440127E+4	2,3822884800E-4
2,7651992167E+4	2,3827752900E-4
2,7652549135E+4	2,3817574000E-4
2,7653101001E+4	2,3816720800E-4
2,7653652012E+4	2,3793512700E-4
2,7654209872E+4	2,3797633600E-4
2,7654760688E+4	2,3779893300E-4
2,7655319562E+4	2,3783308500E-4
2,7655869775E+4	2,3806724100E-4
2,7656428955E+4	2,3795542100E-4
2,7656980154E+4	2,3801281800E-4
2,7657535812E+4	2,3791859300E-4
2,7658086392E+4	2,3778915500E-4
2,7658641823E+4	2,3794098500E-4
2,7659192370E+4	2,3807595700E-4
2,7659750355E+4	2,3801042000E-4
2,7660302212E+4	2,3776145900E-4
2,7660858318E+4	2,3780997800E-4
2,7661409332E+4	2,3770028000E-4
2,7661965020E+4	2,3760898400E-4
2,7662516027E+4	2,3755227800E-4
2,7663066912E+4	2,3760877600E-4
2,7663625946E+4	2,3751962500E-4
2,7664177481E+4	2,3735183700E-4
2,7664732394E+4	2,3760557100E-4
2,7665283449E+4	2,3736332100E-4
2,7665834447E+4	2,3739758900E-4
2,7666392795E+4	2,3743545400E-4
2,7666943772E+4	2,3735813200E-4
2,7667502015E+4	2,3721292100E-4
2,7668053389E+4	2,3733585600E-4
2,7668605036E+4	2,3706316700E-4
2,7669159703E+4	2,3701808300E-4
2,7669712348E+4	2,3675881500E-4
2,7670268162E+4	2,3665428200E-4
2,7670818517E+4	2,3639413700E-4
2,7671376910E+4	2,3647609400E-4
2,7671929626E+4	2,3640393800E-4
2,7672484802E+4	2,3634896200E-4
2,7673035500E+4	2,3640765100E-4
2,7673595946E+4	2,3622621100E-4
2,7674148325E+4	2,3623271400E-4
2,7674707884E+4	2,3596936400E-4
2,7675258881E+4	2,3601248700E-4
2,7675810256E+4	2,3589547900E-4
2,7676362380E+4	2,3586443900E-4
2,7676913614E+4	2,3573954400E-4
2,7677469735E+4	2,3567838800E-4
2,7678021796E+4	2,3550483500E-4
2,7678577535E+4	2,3548848500E-4
2,7679128718E+4	2,3544757600E-4
2,7679686400E+4	2,3528488500E-4
2,7680236558E+4	2,3536365900E-4
2,7680796387E+4	2,3537615800E-4
2,7681347308E+4	2,3522562000E-4
2,7681906186E+4	2,3509489000E-4
2,7682457506E+4	2,3491469600E-4
2,7683014468E+4	2,3486031900E-4
2,7683567365E+4	2,3476817000E-4
2,7684126471E+4	2,3463534200E-4
2,7684677717E+4	2,3454005600E-4
2,7685234840E+4	2,3435536500E-4
2,7685785757E+4	2,3431701600E-4
2,7686336420E+4	2,3419470300E-4
2,7686893370E+4	2,3395572800E-4
2,7687446396E+4	2,3399562300E-4
2,7688000042E+4	2,3387144200E-4
2,7688550422E+4	2,3379552700E-4
2,7689101516E+4	2,3366382900E-4
2,7689657472E+4	2,3348757800E-4
2,7690207445E+4	2,3341014100E-4
2,7690766384E+4	2,3326958800E-4
2,7691319119E+4	2,3298126400E-4
2,7691870366E+4	2,3300070300E-4
2,7692424983E+4	2,3282401400E-4
2,7692976945E+4	2,3280916400E-4
2,7693534134E+4	2,3271270200E-4
2,7694084731E+4	2,3254067100E-4
2,7694636021E+4	2,3245889900E-4
2,7695192132E+4	2,3232727000E-4
2,7695742464E+4	2,3226812000E-4
2,7696302324E+4	2,3217749200E-4
2,7696852718E+4	2,3224192300E-4
2,7697413768E+4	2,3215184900E-4
2,7697965244E+4	2,3186509300E-4
2,7698522874E+4	2,3184931900E-4
2,7699074118E+4	2,3182720500E-4
2,7699638864E+4	2,3183188600E-4
2,7700189425E+4	2,3154383800E-4
2,7700739880E+4	2,3153775000E-4
2,7701292126E+4	2,3139348400E-4
2,7701852261E+4	2,3120344300E-4
2,7702403897E+4	2,3125300000E-4
2,7702962823E+4	2,3108161500E-4
2,7703514488E+4	2,3083666700E-4
2,7704071352E+4	2,3079458200E-4
2,7704622330E+4	2,3073808400E-4
2,7705181699E+4	2,3073794500E-4
2,7705732659E+4	2,3077920000E-4
2,7706294234E+4	2,3067079300E-4
2,7706844858E+4	2,3077730900E-4
2,7707405425E+4	2,3046331900E-4
2,7707955694E+4	2,3056432300E-4
2,7708512391E+4	2,3042042600E-4
2,7709062898E+4	2,3039971800E-4
2,7709620319E+4	2,3017160400E-4
2,7710170519E+4	2,3033697100E-4
2,7710729834E+4	2,3010692000E-4
2,7711282784E+4	2,2993064600E-4
2,7711838207E+4	2,2990225800E-4
2,7712391071E+4	2,2983964900E-4
2,7712947311E+4	2,2974173500E-4
2,7713497962E+4	2,2960231200E-4
2,7714055548E+4	2,2971978100E-4
2,7714606785E+4	2,2958842900E-4
2,7715167744E+4	2,2960957600E-4
2,7715718509E+4	2,2938725000E-4
2,7716276450E+4	2,2927033400E-4
2,7716827589E+4	2,2920954600E-4
2,7717387540E+4	2,2923913300E-4
2,7717939538E+4	2,2929420100E-4
2,7718498168E+4	2,2905146700E-4
2,7719050127E+4	2,2885469200E-4
2,7719605479E+4	2,2895689600E-4
2,7720156659E+4	2,2876999200E-4
2,7720713667E+4	2,2878401200E-4
2,7721266222E+4	2,2898429200E-4
2,7721821264E+4	2,2894476700E-4
2,7722372143E+4	2,2858338700E-4
2,7722927471E+4	2,2866061600E-4
2,7723479141E+4	2,2853170800E-4
2,7724029949E+4	2,2849414300E-4
2,7724587786E+4	2,2856270100E-4
2,7725140057E+4	2,2849391200E-4
2,7725696763E+4	2,2847122100E-4
2,7726248378E+4	2,2834362700E-4
2,7726803715E+4	2,2829400100E-4
2,7727355910E+4	2,2826031000E-4
2,7727914060E+4	2,2808878700E-4
2,7728464415E+4	2,2810875700E-4
2,7729020671E+4	2,2799548400E-4
2,7729573384E+4	2,2784247800E-4
2,7730127555E+4	2,2785078000E-4
2,7730679737E+4	2,2773174200E-4
2,7731235061E+4	2,2759471700E-4
2,7731788386E+4	2,2757746800E-4
2,7732342304E+4	2,2746873800E-4
2,7732894691E+4	2,2749216700E-4
2,7733445417E+4	2,2738242300E-4
2,7734003382E+4	2,2733215100E-4
2,7734555786E+4	2,2712499900E-4
2,7735111346E+4	2,2721226000E-4
2,7735662509E+4	2,2706624100E-4
2,7736222482E+4	2,2706015300E-4
2,7736772417E+4	2,2717986000E-4
2,7737334488E+4	2,2722468900E-4
2,7737884299E+4	2,2715769900E-4
2,7738443220E+4	2,2708888600E-4
2,7738993524E+4	2,2705519500E-4
2,7739555345E+4	2,2705019100E-4
2,7740105973E+4	2,2715765300E-4
2,7740665657E+4	2,2714681400E-4
2,7741217569E+4	2,2685789000E-4
2,7741774674E+4	2,2700667600E-4
2,7742325441E+4	2,2682618200E-4
2,7742885387E+4	2,2685655300E-4
2,7743435608E+4	2,2675713900E-4
2,7743996649E+4	2,2657784400E-4
2,7744548175E+4	2,2671189500E-4
2,7745108046E+4	2,2651855600E-4
2,7745658975E+4	2,2660948300E-4
2,7746214437E+4	2,2667592000E-4
2,7746766347E+4	2,2649574900E-4
2,7747325362E+4	2,2669157800E-4
2,7747876484E+4	2,2647875400E-4
2,7748434790E+4	2,2657523900E-4
2,7748985469E+4	2,2649058400E-4
2,7749545334E+4	2,2641245500E-4
2,7750095986E+4	2,2630900600E-4
2,7750654399E+4	2,2638086200E-4
2,7751205889E+4	2,2620553400E-4
2,7751767107E+4	2,2609871800E-4
2,7752318097E+4	2,2619755500E-4
2,7752876891E+4	2,2607694900E-4
2,7753428823E+4	2,2601689900E-4
2,7753986979E+4	2,2584369300E-4
2,7754538227E+4	2,2575548600E-4
2,7755096260E+4	2,2584611400E-4
2,7755648249E+4	2,2579893200E-4
2,7756207851E+4	2,2586910500E-4
2,7756758433E+4	2,2597294600E-4
2,7757316216E+4	2,2583230100E-4
2,7757868303E+4	2,2569836600E-4
2,7758423701E+4	2,2582891100E-4
2,7758975663E+4	2,2584175600E-4
2,7759534684E+4	2,2594414400E-4
2,7760085962E+4	2,2583732800E-4
2,7760645639E+4	2,2579907100E-4
2,7761196988E+4	2,2595246900E-4
2,7761755471E+4	2,2595758800E-4
2,7762306017E+4	2,2587881400E-4
2,7762866755E+4	2,2559431700E-4
2,7763417250E+4	2,2576983000E-4
2,7763977961E+4	2,2573376400E-4
2,7764528769E+4	2,2594928600E-4
2,7765086347E+4	2,2587528500E-4
2,7765638309E+4	2,2571206400E-4
2,7766195638E+4	2,2559228800E-4
2,7766747651E+4	2,2562335000E-4
2,7767306928E+4	2,2533696300E-4
2,7767858651E+4	2,2547765400E-4
2,7768415680E+4	2,2527384600E-4
2,7768968263E+4	2,2530989000E-4
2,7769519265E+4	2,2528097200E-4
2,7770069660E+4	2,2527712100E-4
2,7770627387E+4	2,2521995400E-4
2,7771178616E+4	2,2507472000E-4
2,7771736337E+4	2,2494712600E-4
2,7772288275E+4	2,2487644600E-4
2,7772841288E+4	2,2477698600E-4
2,7773392511E+4	2,2488871400E-4
2,7773944460E+4	2,2469756600E-4
2,7774503117E+4	2,2464704100E-4
2,7775053460E+4	2,2450086100E-4
2,7775615991E+4	2,2453962500E-4
2,7776166778E+4	2,2460405600E-4
2,7776721371E+4	2,2450840200E-4
2,7777273029E+4	2,2444238000E-4
2,7777832326E+4	2,2426635900E-4
2,7778384625E+4	2,2420135200E-4
2,7778942044E+4	2,2396971000E-4
2,7779493416E+4	2,2392296700E-4
2,7780054231E+4	2,2376092100E-4
2,7780606619E+4	2,2371002700E-4
2,7781164534E+4	2,2378739400E-4
2,7781715701E+4	2,2374344100E-4
2,7782271975E+4	2,2350294400E-4
2,7782823751E+4	2,2353299200E-4
2,7783375233E+4	2,2335591100E-4
2,7783931515E+4	2,2335826300E-4
2,7784483089E+4	2,2343482400E-4
2,7785041720E+4	2,2342638300E-4
2,7785592596E+4	2,2332482500E-4
2,7786152411E+4	2,2333794700E-4
2,7786703262E+4	2,2316402500E-4
2,7787263026E+4	2,2313999600E-4
2,7787814218E+4	2,2330075000E-4
2,7788372919E+4	2,2312376100E-4
2,7788923281E+4	2,2294631100E-4
2,7789482900E+4	2,2301025800E-4
2,7790034808E+4	2,2297811200E-4
2,7790595162E+4	2,2291548000E-4
2,7791145354E+4	2,2280522800E-4
2,7791705712E+4	2,2290763900E-4
2,7792256873E+4	2,2265102300E-4
2,7792813237E+4	2,2266289900E-4
2,7793365250E+4	2,2276468800E-4
2,7793915464E+4	2,2267781900E-4
2,7794474069E+4	2,2252612700E-4
2,7795026119E+4	2,2248584100E-4
2,7795583392E+4	2,2229840600E-4
2,7796134160E+4	2,2216799900E-4
2,7796694244E+4	2,2219472600E-4
2,7797244463E+4	2,2218808500E-4
2,7797805627E+4	2,2214348600E-4
2,7798358241E+4	2,2209030800E-4
2,7798915715E+4	2,2206388100E-4
2,7799466837E+4	2,2183848900E-4
2,7800026007E+4	2,2210527500E-4
2,7800577051E+4	2,2165216000E-4
2,7801135454E+4	2,2160661600E-4
2,7801687673E+4	2,2147966800E-4
2,7802246226E+4	2,2133187400E-4
2,7802797093E+4	2,2138244600E-4
2,7803358399E+4	2,2111515200E-4
2,7803908303E+4	2,2122118400E-4
2,7804466348E+4	2,2105544900E-4
2,7805017388E+4	2,2091081400E-4
2,7805567853E+4	2,2098802000E-4
2,7806127108E+4	2,2092451200E-4
2,7806679109E+4	2,2098977300E-4
2,7807235016E+4	2,2089079700E-4
2,7807785410E+4	2,2096599700E-4
2,7808343346E+4	2,2074922900E-4
2,7808895544E+4	2,2082894900E-4
2,7809455563E+4	2,2072895900E-4
2,7810007667E+4	2,2081605800E-4
2,7810564201E+4	2,2073977500E-4
2,7811114467E+4	2,2076631700E-4
2,7811672132E+4	2,2057337000E-4
2,7812223337E+4	2,2048837000E-4
2,7812784028E+4	2,2027227100E-4
2,7813334760E+4	2,2034119800E-4
2,7813890586E+4	2,2027081800E-4
2,7814443516E+4	2,2020592600E-4
2,7814995389E+4	2,2007920900E-4
2,7815549537E+4	2,2022769500E-4
2,7816100738E+4	2,2041683600E-4
2,7816660443E+4	2,2036884800E-4
2,7817213196E+4	2,2024992500E-4
2,7817769638E+4	2,2023362100E-4
2,7818322195E+4	2,2020115200E-4
2,7818880655E+4	2,2022179100E-4
2,7819432379E+4	2,2020329700E-4
2,7819989904E+4	2,2021482700E-4
2,7820541408E+4	2,2032978300E-4
2,7821097843E+4	2,2027185500E-4
2,7821648419E+4	2,2008349800E-4
2,7822200567E+4	2,2016824500E-4
2,7822756673E+4	2,2007556500E-4
2,7823310064E+4	2,1994223000E-4
2,7823867751E+4	2,2014301700E-4
2,7824419624E+4	2,2009715000E-4
2,7824977438E+4	2,2018657800E-4
2,7825529213E+4	2,2022206800E-4
2,7826089258E+4	2,2001660000E-4
2,7826639272E+4	2,2009087700E-4
2,7827199720E+4	2,2015636900E-4
2,7827751083E+4	2,2023085400E-4
2,7828308497E+4	2,2008262200E-4
2,7828858583E+4	2,2028638300E-4
2,7829409666E+4	2,2016872900E-4
2,7829970199E+4	2,2000832100E-4
2,7830521305E+4	2,2021621100E-4
2,7831076632E+4	2,2018298100E-4
2,7831629301E+4	2,2030086500E-4
2,7832187907E+4	2,2018203500E-4
2,7832738405E+4	2,2015507700E-4
2,7833299309E+4	2,2028963500E-4
2,7833851510E+4	2,2028050300E-4
2,7834405502E+4	2,2028742100E-4
2,7834957998E+4	2,2025898800E-4
2,7835508401E+4	2,2027732100E-4
2,7836063869E+4	2,2008045400E-4
2,7836614844E+4	2,2011875700E-4
2,7837174332E+4	2,2001152600E-4
2,7837726206E+4	2,2012449900E-4
2,7838284619E+4	2,1994665700E-4
2,7838836054E+4	2,1998477600E-4
2,7839397148E+4	2,1988700000E-4
2,7839948821E+4	2,1996881800E-4
2,7840504350E+4	2,2003009000E-4
2,7841054785E+4	2,1984625200E-4
2,7841612214E+4	2,1978772500E-4
2,7842163259E+4	2,1976531000E-4
2,7842723414E+4	2,1978986900E-4
2,7843275099E+4	2,1975315700E-4
2,7843831587E+4	2,1980130700E-4
2,7844383970E+4	2,1975772300E-4
2,7844938420E+4	2,1982517500E-4
2,7845489908E+4	2,1971891300E-4
2,7846046424E+4	2,1976844600E-4
2,7846598823E+4	2,1991183600E-4
2,7847155252E+4	2,1969170100E-4
2,7847706130E+4	2,1977363500E-4
2,7848257092E+4	2,1965003100E-4
2,7848814140E+4	2,1972022700E-4
2,7849364514E+4	2,1977421100E-4
2,7849924989E+4	2,1971257100E-4
2,7850476063E+4	2,1955253200E-4
2,7851035358E+4	2,1980458200E-4
2,7851587060E+4	2,1968254600E-4
2,7852145937E+4	2,1948567900E-4
2,7852697297E+4	2,1950198300E-4
2,7853259395E+4	2,1946238800E-4
2,7853811075E+4	2,1945999000E-4
2,7854369021E+4	2,1946992900E-4
2,7854919863E+4	2,1939249200E-4
2,7855480280E+4	2,1941174800E-4
2,7856031511E+4	2,1937261400E-4
2,7856590478E+4	2,1942535300E-4
2,7857140727E+4	2,1939763500E-4
2,7857699762E+4	2,1917385600E-4
2,7858250693E+4	2,1918483300E-4
2,7858810679E+4	2,1904162800E-4
2,7859362476E+4	2,1917667000E-4
2,7859921906E+4	2,1901480900E-4
2,7860473846E+4	2,1887533900E-4
2,7861029763E+4	2,1883509900E-4
2,7861580749E+4	2,1868804200E-4
2,7862137730E+4	2,1866701100E-4
2,7862687766E+4	2,1856985800E-4
2,7863248679E+4	2,1850307500E-4
2,7863800291E+4	2,1871716800E-4
2,7864358428E+4	2,1857988900E-4
2,7864909441E+4	2,1852313700E-4
2,7865464321E+4	2,1845308000E-4
2,7866017163E+4	2,1836275200E-4
2,7866571634E+4	2,1824329900E-4