2,9584521687E+4	-1,0153782400E-4
2,9585072763E+4	-1,0163064300E-4
2,9585623332E+4	-1,0170399800E-4
2,9586219384E+4	-1,0162958200E-4
2,9586769398E+4	-1,0144922600E-4
2,9587330382E+4	-1,0153051400E-4
2,9587880298E+4	-1,0141917800E-4
2,9588469431E+4	-1,0126455800E-4
2,9589021107E+4	-1,0116383000E-4
2,9589580080E+4	-1,0065659300E-4
2,9590130418E+4	-1,0002494500E-4
2,9590690169E+4	-9,9243127400E-5
2,9591240383E+4	-9,8581062600E-5
2,9591800541E+4	-9,7697364000E-5
2,9592352577E+4	-9,6937407600E-5
2,9592912085E+4	-9,6066438400E-5
2,9593463119E+4	-9,5329150500E-5
2,9594022006E+4	-9,4519614200E-5
2,9594573089E+4	-9,3612947400E-5
2,9595132254E+4	-9,2911057200E-5
2,9595683510E+4	-9,1954349300E-5
2,9596240459E+4	-9,1037697400E-5
2,9596790987E+4	-9,0329557800E-5
2,9597348671E+4	-8,9382627500E-5
2,9597901258E+4	-8,8527639100E-5
2,9598457567E+4	-8,7926961200E-5
2,9599010225E+4	-8,7057606100E-5
2,9599563288E+4	-8,6250514300E-5
2,9600113598E+4	-8,5355700600E-5
2,9600672186E+4	-8,4695618900E-5
2,9601224163E+4	-8,3961997600E-5
2,9601779778E+4	-8,3033169700E-5
2,9602332136E+4	-8,2196975600E-5
2,9602888678E+4	-8,1484177800E-5
2,9603439790E+4	-8,0697655900E-5
2,9603995912E+4	-7,9930320200E-5
2,9604548208E+4	-7,9092488800E-5
2,9605103435E+4	-7,8137464300E-5
2,9605656346E+4	-7,7432945200E-5
2,9606210422E+4	-7,6741155500E-5
2,9606760688E+4	-7,5875628500E-5
2,9607320500E+4	-7,5097731100E-5
2,9607871106E+4	-7,4132629200E-5
2,9608421561E+4	-7,3400691300E-5
2,9608979158E+4	-7,2452008400E-5
2,9609530139E+4	-7,1773570700E-5
2,9610087496E+4	-7,1097093100E-5
2,9610639246E+4	-7,0231612200E-5
2,9611201028E+4	-6,9583914000E-5
2,9611751332E+4	-6,8917029600E-5
2,9612311400E+4	-6,8286511400E-5
2,9612861743E+4	-6,7423359600E-5
2,9613418453E+4	-6,6519206400E-5
2,9613968630E+4	-6,5972097800E-5
2,9614526380E+4	-6,5203309300E-5
2,9615077002E+4	-6,4531812800E-5
2,9615636256E+4	-6,3684549600E-5
2,9616188306E+4	-6,3044507500E-5
2,9616742321E+4	-6,2320064200E-5
2,9617292397E+4	-6,1807223400E-5
2,9617843424E+4	-6,0864121100E-5
2,9618404403E+4	-6,0123604700E-5
2,9618957220E+4	-5,9285081500E-5
2,9619512961E+4	-5,8615937100E-5
2,9620063901E+4	-5,7983804700E-5
2,9620624295E+4	-5,7126348900E-5
2,9621174542E+4	-5,6526916200E-5
2,9621734407E+4	-5,5730063100E-5
2,9622287197E+4	-5,5042516500E-5
2,9622845858E+4	-5,4340142100E-5
2,9623397662E+4	-5,3608365500E-5
2,9623954398E+4	-5,2826409500E-5
2,9624505451E+4	-5,2391951100E-5
2,9625066448E+4	-5,1709362500E-5
2,9625616945E+4	-5,0892654400E-5
2,9626176563E+4	-5,0104379900E-5
2,9626728002E+4	-4,9554826900E-5
2,9627286375E+4	-4,8787398900E-5
2,9627838888E+4	-4,8006042500E-5
2,9628394230E+4	-4,7339942100E-5
2,9628945870E+4	-4,6608534600E-5
2,9629507354E+4	-4,5671105200E-5
2,9630058397E+4	-4,4914584800E-5
2,9630617030E+4	-4,4211680000E-5
2,9631168407E+4	-4,3565965000E-5
2,9631727514E+4	-4,2908558300E-5
2,9632278234E+4	-4,2296119500E-5
2,9632839408E+4	-4,1454667600E-5
2,9633391191E+4	-4,0787137500E-5
2,9633949561E+4	-4,0200249600E-5
2,9634500400E+4	-3,9450785800E-5
2,9635062340E+4	-3,8830345000E-5
2,9635612258E+4	-3,7990253700E-5
2,9636172073E+4	-3,7396101800E-5
2,9636722904E+4	-3,6642394800E-5
2,9637283217E+4	-3,5944816900E-5
2,9637834531E+4	-3,5202501800E-5
2,9638393789E+4	-3,4364001600E-5
2,9638946439E+4	-3,3644147400E-5
2,9639503574E+4	-3,2774285000E-5
2,9640055236E+4	-3,2152944900E-5
2,9640614558E+4	-3,1427094900E-5
2,9641166362E+4	-3,0726127100E-5
2,9641727047E+4	-3,0032930700E-5
2,9642278446E+4	-2,9388484000E-5
2,9642833428E+4	-2,8518713900E-5
2,9643384279E+4	-2,7808383600E-5
2,9643942401E+4	-2,7041716700E-5
2,9644493382E+4	-2,6335491100E-5
2,9645053472E+4	-2,5441115600E-5
2,9645605018E+4	-2,4800197100E-5
2,9646163463E+4	-2,3963634100E-5
2,9646713383E+4	-2,3260037400E-5
2,9647274487E+4	-2,2550929300E-5
2,9647824981E+4	-2,1718886000E-5
2,9648385408E+4	-2,1531012700E-5
2,9648937391E+4	-2,0545548500E-5
2,9649496261E+4	-1,9968507400E-5
2,9650047028E+4	-1,9326920300E-5
2,9650606563E+4	-1,8860523100E-5
2,9651157998E+4	-1,8535440300E-5
2,9651718275E+4	-1,7704872900E-5
2,9652268574E+4	-1,6967492700E-5
2,9652826089E+4	-1,6317211800E-5
2,9653377653E+4	-1,5779073700E-5
2,9653934225E+4	-1,5269876400E-5
2,9654487487E+4	-1,4380112900E-5
2,9655041174E+4	-1,3835817700E-5
2,9655593244E+4	-1,3079804600E-5
2,9656146838E+4	-1,2148693800E-5
2,9656698097E+4	-1,1614729600E-5
2,9657249663E+4	-1,0958291500E-5
2,9657806183E+4	-1,0291384000E-5
2,9658358369E+4	-9,4831621800E-6
2,9658914467E+4	-8,7792657300E-6
2,9659465365E+4	-8,0198858900E-6
2,9660027221E+4	-7,2675625400E-6
2,9660578305E+4	-6,3725643400E-6
2,9661137821E+4	-5,7127824800E-6
2,9661689607E+4	-4,9421030300E-6
2,9662249121E+4	-4,2372380400E-6
2,9662799425E+4	-3,4229743800E-6
2,9663357425E+4	-2,4457427000E-6
2,9663907754E+4	-1,6723190600E-6
2,9664471121E+4	-9,6607044100E-7
2,9665021410E+4	1,0584735700E-8
2,9665576160E+4	6,1525217500E-7
2,9666126555E+4	1,6133766100E-6
2,9666684853E+4	2,3015689100E-6
2,9667236096E+4	2,8698239400E-6
2,9667793158E+4	3,7303237500E-6
2,9668344337E+4	4,5457634800E-6
2,9668900334E+4	5,2710830700E-6
2,9669450412E+4	6,0887827300E-6
2,9670002053E+4	6,6526101500E-6
2,9670557380E+4	7,4522304400E-6
2,9671108361E+4	8,2757643800E-6
2,9671667130E+4	8,9679461400E-6
2,9672220121E+4	9,7185169000E-6
2,9672771209E+4	1,0217567600E-5
2,9673325857E+4	1,1002060200E-5
2,9673877378E+4	1,1676531600E-5
2,9674431313E+4	1,2468011500E-5
2,9674981898E+4	1,3196259800E-5
2,9675541483E+4	1,3966662500E-5
2,9676091694E+4	1,4912370600E-5
2,9676652404E+4	1,5483415900E-5
2,9677202900E+4	1,6221049800E-5
2,9677762213E+4	1,7016726700E-5
2,9678313640E+4	1,7784961800E-5
2,9678874206E+4	1,8286664400E-5
2,9679425301E+4	1,8993166700E-5
2,9679983190E+4	1,9743437700E-5
2,9680533423E+4	2,0656999500E-5
2,9681090838E+4	2,1284635200E-5
2,9681641985E+4	2,1843988900E-5
2,9682200547E+4	2,2442729800E-5
2,9682750359E+4	2,3177965300E-5
2,9683307412E+4	2,4112765800E-5
2,9683860013E+4	2,4852290700E-5
2,9684413340E+4	2,5508313700E-5
2,9684963560E+4	2,6088698500E-5
2,9685522206E+4	2,6695579700E-5
2,9686074775E+4	2,7512357000E-5
2,9686631708E+4	2,8250036900E-5
2,9687183023E+4	2,8864528100E-5
2,9687740411E+4	2,9547162900E-5
2,9688292235E+4	3,0142813700E-5
2,9688844318E+4	3,0806054600E-5
2,9689399405E+4	3,1703312700E-5
2,9689949419E+4	3,2330118200E-5
2,9690511053E+4	3,3027534600E-5
2,9691063385E+4	3,3764961000E-5
2,9691620402E+4	3,4424489200E-5
2,9692172253E+4	3,5094740400E-5
2,9692731702E+4	3,5928490200E-5
2,9693284397E+4	3,6609049500E-5
2,9693843354E+4	3,7260691000E-5
2,9694394104E+4	3,7962881000E-5
2,9694951425E+4	3,8771033600E-5
2,9695503385E+4	3,9551975000E-5
2,9696062369E+4	4,0226792200E-5
2,9696612670E+4	4,0916875500E-5
2,9697170438E+4	4,1518498900E-5
2,9697721570E+4	4,2143159800E-5
2,9698271532E+4	4,2997364100E-5
2,9698830538E+4	4,3687032200E-5
2,9699382816E+4	4,4391874200E-5
2,9699940311E+4	4,5080573800E-5
2,9700490906E+4	4,5821735900E-5
2,9701050106E+4	4,6498236600E-5
2,9701601201E+4	4,7418785700E-5
2,9702158425E+4	4,8084171300E-5
2,9702709104E+4	4,8639466400E-5
2,9703268474E+4	4,9198474100E-5
2,9703818988E+4	5,0172638800E-5
2,9704370118E+4	5,0566257200E-5
2,9704928415E+4	5,1308480100E-5
2,9705480409E+4	5,1783547900E-5
2,9706037129E+4	5,2481102800E-5
2,9706588320E+4	5,3350503900E-5
2,9707148216E+4	5,3998271300E-5
2,9707700246E+4	5,4449563800E-5
2,9708257910E+4	5,5278470900E-5
2,9708809365E+4	5,6012253600E-5
2,9709365668E+4	5,6494193500E-5
2,9709917182E+4	5,7287564400E-5
2,9710467456E+4	5,7879548600E-5
2,9711027182E+4	5,8541382800E-5
2,9711577688E+4	5,9097784800E-5
2,9712138050E+4	5,9783555800E-5
2,9712688460E+4	6,0551698600E-5
2,9713247523E+4	6,0830499100E-5
2,9713798180E+4	6,1487260100E-5
2,9714357631E+4	6,2098476700E-5
2,9714909696E+4	6,2760287800E-5
2,9715465699E+4	6,3385271500E-5
2,9716017104E+4	6,4024483500E-5
2,9716573462E+4	6,4786007900E-5
2,9717124477E+4	6,5351034500E-5
2,9717679612E+4	6,5908105200E-5
2,9718230002E+4	6,6728710500E-5
2,9718785397E+4	6,7168680400E-5
2,9719335727E+4	6,7645362400E-5
2,9719886533E+4	6,8367061500E-5
2,9720445431E+4	6,8888872900E-5
2,9720997347E+4	6,9468727300E-5
2,9721555432E+4	7,0198935700E-5
2,9722105804E+4	7,0843313200E-5
2,9722657285E+4	7,1435597200E-5
2,9723213412E+4	7,2114842000E-5
2,9723765381E+4	7,2680514300E-5
2,9724323835E+4	7,3237193000E-5
2,9724877180E+4	7,3872392400E-5
2,9725434471E+4	7,4437257600E-5
2,9725984853E+4	7,5220182100E-5
2,9726546268E+4	7,5666724200E-5
2,9727097421E+4	7,6701330200E-5
2,9727654631E+4	7,7118562500E-5
2,9728207152E+4	7,8056683700E-5
2,9728757527E+4	7,8495500600E-5
2,9729312321E+4	7,9232719400E-5
2,9729863567E+4	7,9951374500E-5
2,9730418276E+4	8,0666939500E-5
2,9730970367E+4	8,1438426100E-5
2,9731522005E+4	8,2104319000E-5
2,9732078859E+4	8,2532228200E-5
2,9732631407E+4	8,3365470600E-5
2,9733187369E+4	8,4051287700E-5
2,9733740377E+4	8,4645301200E-5
2,9734300279E+4	8,5425527700E-5
2,9734851963E+4	8,5918259800E-5
2,9735409266E+4	8,6661151500E-5
2,9735959928E+4	8,7485423300E-5
2,9736520450E+4	8,8337183200E-5
2,9737071128E+4	8,8876451300E-5
2,9737629776E+4	8,9569025100E-5
2,9738181963E+4	9,0288118400E-5
2,9738742338E+4	9,1153760700E-5
2,9739292409E+4	9,1801481900E-5
2,9739847819E+4	9,2112936000E-5
2,9740399546E+4	9,3145305200E-5
2,9740956397E+4	9,3771280500E-5
2,9741507563E+4	9,4482279500E-5
2,9742065123E+4	9,5289509800E-5
2,9742616543E+4	9,5999794000E-5
2,9743171454E+4	9,6669122800E-5
2,9743722378E+4	9,7566219500E-5
2,9744272738E+4	9,8250606900E-5
2,9744831157E+4	9,9029126900E-5
2,9745384404E+4	9,9547202400E-5
2,9745943230E+4	1,0034723800E-4
2,9746493479E+4	1,0081155900E-4
2,9747053174E+4	1,0151404900E-4
2,9747603413E+4	1,0218296300E-4
2,9748164351E+4	1,0292733100E-4
2,9748715497E+4	1,0339702500E-4
2,9749275027E+4	1,0433556200E-4
2,9749825242E+4	1,0490476200E-4
2,9750383645E+4	1,0572543700E-4
2,9750935258E+4	1,0627946300E-4
2,9751495470E+4	1,0711556500E-4
2,9752045641E+4	1,0777181900E-4
2,9752604274E+4	1,0858183900E-4
2,9753154622E+4	1,0937357300E-4
2,9753716639E+4	1,0998748800E-4
2,9754267378E+4	1,1063836800E-4
2,9754828406E+4	1,1123235900E-4
2,9755378645E+4	1,1204399300E-4
2,9755937048E+4	1,1259702900E-4
2,9756488198E+4	1,1331870500E-4
2,9757048819E+4	1,1403715200E-4
2,9757600107E+4	1,1467260500E-4
2,9758158304E+4	1,1535514800E-4
2,9758711353E+4	1,1612223000E-4
2,9759268454E+4	1,1682144500E-4
2,9759819992E+4	1,1736793100E-4
2,9760375359E+4	1,1810826300E-4
2,9760928310E+4	1,1873320000E-4
2,9761481895E+4	1,1951974500E-4
2,9762033055E+4	1,2005407900E-4
2,9762590155E+4	1,2083036200E-4
2,9763143372E+4	1,2140848700E-4
2,9763694320E+4	1,2214210800E-4
2,9764249536E+4	1,2261247100E-4
2,9764801300E+4	1,2310089100E-4
2,9765358461E+4	1,2370429000E-4
2,9765908536E+4	1,2450349600E-4
2,9766467411E+4	1,2513410600E-4
2,9767017476E+4	1,2584249900E-4
2,9767578047E+4	1,2652345100E-4
2,9768129322E+4	1,2728716600E-4
2,9768686886E+4	1,2772323800E-4
2,9769239245E+4	1,2860290200E-4
2,9769797757E+4	1,2931759000E-4
2,9770349089E+4	1,2988923500E-4
2,9770908065E+4	1,3050513300E-4
2,9771459681E+4	1,3134326400E-4
2,9772017268E+4	1,3211548900E-4
2,9772569721E+4	1,3244384600E-4
2,9773124485E+4	1,3324139100E-4
2,9773675479E+4	1,3386958000E-4
2,9774230467E+4	1,3457186200E-4
2,9774780723E+4	1,3505329500E-4
2,9775337356E+4	1,3588118700E-4
2,9775888400E+4	1,3642308400E-4
2,9776445710E+4	1,3714111700E-4
2,9776997917E+4	1,3769246800E-4
2,9777552896E+4	1,3819066600E-4
2,9778103487E+4	1,3902722900E-4
2,9778661902E+4	1,3948195700E-4
2,9779212379E+4	1,4033849100E-4
2,9779762422E+4	1,4088031900E-4
2,9780319760E+4	1,4139136100E-4
2,9780870646E+4	1,4220737700E-4
2,9781431583E+4	1,4280830900E-4
2,9781982091E+4	1,4351430400E-4
2,9782541736E+4	1,4421227400E-4
2,9783092534E+4	1,4491653900E-4
2,9783652451E+4	1,4539755600E-4
2,9784202261E+4	1,4600840400E-4
2,9784760908E+4	1,4665836200E-4
2,9785311889E+4	1,4718817500E-4
2,9785863378E+4	1,4798770400E-4
2,9786420873E+4	1,4873437700E-4
2,9786971415E+4	1,4940405200E-4
2,9787528610E+4	1,5001858900E-4
2,9788081121E+4	1,5059371600E-4
2,9788631686E+4	1,5131465400E-4
2,9789189421E+4	1,5185761200E-4
2,9789740663E+4	1,5255459000E-4
2,9790300165E+4	1,5310718700E-4
2,9790851542E+4	1,5355714200E-4
2,9791409763E+4	1,5419146600E-4
2,9791961418E+4	1,5475937500E-4
2,9792523224E+4	1,5542397600E-4
2,9793074578E+4	1,5622880800E-4
2,9793628374E+4	1,5702178700E-4
2,9794179423E+4	1,5757542200E-4
2,9794737229E+4	1,5827602100E-4
2,9795287686E+4	1,5901547600E-4
2,9795844671E+4	1,5967482000E-4
2,9796397208E+4	1,6049141300E-4
2,9796952216E+4	1,6099692000E-4
2,9797504725E+4	1,6155756500E-4
2,9798060210E+4	1,6221794700E-4
2,9798611951E+4	1,6294891600E-4
2,9799166612E+4	1,6376274200E-4
2,9799719127E+4	1,6426665800E-4
2,9800274446E+4	1,6499393800E-4
2,9800827081E+4	1,6568383700E-4
2,9801377741E+4	1,6632357900E-4
2,9801934496E+4	1,6693463400E-4
2,9802485838E+4	1,6766244400E-4
2,9803041824E+4	1,6844790500E-4
2,9803592678E+4	1,6913337700E-4
2,9804150405E+4	1,6992395700E-4
2,9804700398E+4	1,7046716900E-4
2,9805258115E+4	1,7119993700E-4
2,9805809199E+4	1,7192308900E-4
2,9806365192E+4	1,7263143600E-4
2,9806917318E+4	1,7310025400E-4
2,9807472919E+4	1,7378985300E-4
2,9808025253E+4	1,7436163600E-4
2,9808584819E+4	1,7496005500E-4
2,9809137328E+4	1,7581672600E-4
2,9809692955E+4	1,7646760700E-4
2,9810244194E+4	1,7711124600E-4
2,9810796211E+4	1,7763587100E-4
2,9811348815E+4	1,7841649000E-4
2,9811899469E+4	1,7925095400E-4
2,9812453390E+4	1,7974170300E-4
2,9813003761E+4	1,8056696700E-4
2,9813565156E+4	1,8151689500E-4
2,9814116492E+4	1,8204790700E-4
2,9814674602E+4	1,8270134700E-4
2,9815227169E+4	1,8355213900E-4
2,9815785019E+4	1,8411402900E-4
2,9816335452E+4	1,8465325100E-4
2,9816892843E+4	1,8524578900E-4
2,9817444401E+4	1,8589498600E-4
2,9818003585E+4	1,8662189700E-4
2,9818554406E+4	1,8740493700E-4
2,9819114444E+4	1,8795949400E-4
2,9819667251E+4	1,8862603200E-4
2,9820225367E+4	1,8919855300E-4
2,9820776824E+4	1,8989666200E-4
2,9821335636E+4	1,9050105200E-4
2,9821886214E+4	1,9121419600E-4
2,9822444751E+4	1,9176245800E-4
2,9822995437E+4	1,9230869000E-4
2,9823552583E+4	1,9299745900E-4
2,9824105013E+4	1,9390338800E-4
2,9824660524E+4	1,9457446900E-4
2,9825210322E+4	1,9506697100E-4
2,9825768140E+4	1,9577478700E-4
2,9826318841E+4	1,9644780600E-4
2,9826873717E+4	1,9713620600E-4
2,9827425764E+4	1,9770185500E-4
2,9827976989E+4	1,9831364800E-4
2,9828533993E+4	1,9903659300E-4
2,9829085015E+4	1,9982502900E-4
2,9829644041E+4	2,0050210600E-4
2,9830194438E+4	2,0094419700E-4
2,9830753433E+4	2,0157766700E-4
2,9831303845E+4	2,0225197700E-4
2,9831864975E+4	2,0278411900E-4
2,9832415457E+4	2,0336240600E-4
2,9832975978E+4	2,0399871200E-4
2,9833526301E+4	2,0471681400E-4
2,9834084328E+4	2,0531896800E-4
2,9834637380E+4	2,0591420300E-4
2,9835195346E+4	2,0655881100E-4
2,9835746117E+4	2,0705629400E-4
2,9836303928E+4	2,0772899000E-4
2,9836856155E+4	2,0821466500E-4
2,9837408323E+4	2,0885417700E-4
2,9837962727E+4	2,0950699500E-4
2,9838516027E+4	2,1006222100E-4
2,9839070026E+4	2,1076358000E-4
2,9839621216E+4	2,1124851800E-4
2,9840171577E+4	2,1202355600E-4
2,9840729793E+4	2,1268532100E-4
2,9841282179E+4	2,1331696900E-4
2,9841839313E+4	2,1404323400E-4
2,9842390400E+4	2,1455310000E-4
2,9842951358E+4	2,1507186800E-4
2,9843502710E+4	2,1577219000E-4
2,9844060268E+4	2,1620489600E-4
2,9844610910E+4	2,1663029100E-4
2,9845172184E+4	2,1728970400E-4
2,9845723181E+4	2,1795093900E-4
2,9846281951E+4	2,1853429800E-4
2,9846833192E+4	2,1916719200E-4
2,9847391682E+4	2,1942752100E-4
2,9847943404E+4	2,2021088400E-4
2,9848498367E+4	2,2088678500E-4
2,9849048277E+4	2,2162649400E-4
2,9849608499E+4	2,2233159000E-4
2,9850159169E+4	2,2309530500E-4
2,9850718450E+4	2,2364995400E-4
2,9851270273E+4	2,2422044600E-4
2,9851829423E+4	2,2493986200E-4
2,9852382313E+4	2,2565510400E-4
2,9852939076E+4	2,2644552400E-4
2,9853490228E+4	2,2711914200E-4
2,9854051264E+4	2,2791502600E-4
2,9854601555E+4	2,2848109100E-4
2,9855156860E+4	2,2900767500E-4
2,9855707402E+4	2,2960687700E-4
2,9856265094E+4	2,3030311800E-4
2,9856816776E+4	2,3079822500E-4
2,9857373303E+4	2,3160736900E-4
2,9857924251E+4	2,3224715800E-4
2,9858479824E+4	2,3296555900E-4
2,9859030790E+4	2,3351103100E-4
2,9859581495E+4	2,3414219500E-4
2,9860137579E+4	2,3493217600E-4
2,9860690116E+4	2,3556559900E-4
2,9861245336E+4	2,3627034900E-4
2,9861795903E+4	2,3677062200E-4
2,9862346894E+4	2,3732328800E-4
2,9862903447E+4	2,3793328300E-4
2,9863455162E+4	2,3865463600E-4
2,9864011789E+4	2,3933595600E-4
2,9864562424E+4	2,4002827600E-4
2,9865120521E+4	2,4050666500E-4
2,9865671733E+4	2,4122612700E-4
2,9866228231E+4	2,4185090300E-4
2,9866779462E+4	2,4260977600E-4
2,9867336411E+4	2,4327668300E-4
2,9867886962E+4	2,4406618000E-4
2,9868438235E+4	2,4482274600E-4
2,9868998857E+4	2,4539886500E-4
2,9869551020E+4	2,4609422900E-4
2,9870106024E+4	2,4681122400E-4
2,9870659214E+4	2,4742613000E-4
2,9871215088E+4	2,4830212700E-4
2,9871767141E+4	2,4887254900E-4
2,9872324441E+4	2,4958862200E-4
2,9872875289E+4	2,5029387900E-4
2,9873433457E+4	2,5110507500E-4
2,9873983326E+4	2,5165416700E-4
2,9874544598E+4	2,5215997500E-4
2,9875097122E+4	2,5287609300E-4
2,9875656527E+4	2,5339552900E-4
2,9876206923E+4	2,5411134800E-4
2,9876766417E+4	2,5466037000E-4
2,9877319329E+4	2,5529593900E-4
2,9877873922E+4	2,5597709800E-4
2,9878424798E+4	2,5673474800E-4
2,9878982882E+4	2,5725960300E-4
2,9879533551E+4	2,5792794100E-4
2,9880090362E+4	2,5862212900E-4
2,9880640414E+4	2,5893146100E-4
2,9881196004E+4	2,5964264500E-4
2,9881747001E+4	2,6032025200E-4
2,9882297704E+4	2,6101183500E-4
2,9882854398E+4	2,6161087500E-4
2,9883406419E+4	2,6228901300E-4
2,9883965175E+4	2,6276451900E-4
2,9884516134E+4	2,6326389300E-4
2,9885076192E+4	2,6405276700E-4
2,9885627030E+4	2,6456623000E-4
2,9886187951E+4	2,6542061900E-4
2,9886738319E+4	2,6605212900E-4
2,9887297050E+4	2,6651110100E-4
2,9887850494E+4	2,6727048000E-4
2,9888408640E+4	2,6782519900E-4
2,9888960424E+4	2,6852831100E-4
2,9889520308E+4	2,6916208100E-4
2,9890073419E+4	2,6966735800E-4
2,9890625246E+4	2,7031703900E-4
2,9891175322E+4	2,7083864300E-4
2,9891725691E+4	2,7145158900E-4
2,9892276534E+4	2,7200976700E-4
2,9892835688E+4	2,7273693100E-4
2,9893387373E+4	2,7329109700E-4
2,9893945485E+4	2,7408744200E-4
2,9894495568E+4	2,7469725200E-4
2,9895057366E+4	2,7543712300E-4
2,9895608213E+4	2,7593728000E-4
2,9896166117E+4	2,7659323400E-4
2,9896717529E+4	2,7723472900E-4
2,9897275043E+4	2,7782175500E-4
2,9897825702E+4	2,7845612500E-4
2,9898382398E+4	2,7904428100E-4
2,9898933374E+4	2,7971095800E-4
2,9899488426E+4	2,8033481200E-4
2,9900040239E+4	2,8110763600E-4
2,9900599061E+4	2,8163675700E-4
2,9901150392E+4	2,8226314700E-4
2,9901703769E+4	2,8268893500E-4
2,9902255036E+4	2,8337549000E-4
2,9902814407E+4	2,8391711000E-4
2,9903365401E+4	2,8440601500E-4
2,9903925209E+4	2,8508327600E-4
2,9904476392E+4	2,8565718100E-4
2,9905036895E+4	2,8626749800E-4
2,9905587312E+4	2,8688404200E-4
2,9906145533E+4	2,8728623900E-4
2,9906698398E+4	2,8790022300E-4
2,9907256294E+4	2,8849412100E-4
2,9907807410E+4	2,8905075300E-4
2,9908368221E+4	2,8949093100E-4
2,9908919458E+4	2,9016335000E-4
2,9909476401E+4	2,9069519200E-4
2,9910026433E+4	2,9138580600E-4
2,9910576579E+4	2,9199238800E-4
2,9911137312E+4	2,9258176600E-4
2,9911688959E+4	2,9321825700E-4
2,9912244483E+4	2,9370538500E-4
2,9912797210E+4	2,9414510100E-4
2,9913355180E+4	2,9426953500E-4
2,9913905770E+4	2,9409383800E-4
2,9914463284E+4	2,9408110900E-4
2,9915013437E+4	2,9394998700E-4
2,9915573439E+4	2,9370716100E-4
2,9916125386E+4	2,9364425200E-4
2,9916683510E+4	2,9347016900E-4
2,9917235208E+4	2,9348246000E-4
2,9917793140E+4	2,9336674300E-4
2,9918344500E+4	2,9332410400E-4
2,9918894655E+4	2,9311681400E-4
2,9919454534E+4	2,9288132100E-4
2,9920007194E+4	2,9275506500E-4
2,9920557667E+4	2,9264582800E-4
2,9921115148E+4	2,9265180000E-4
2,9921666463E+4	2,9258979100E-4
2,9922220839E+4	2,9219289800E-4
2,9922771684E+4	2,9213962800E-4
2,9923323463E+4	2,9201295700E-4
2,9923881095E+4	2,9193210800E-4
2,9924431782E+4	2,9177732600E-4
2,9924989108E+4	2,9187902200E-4
2,9925540205E+4	2,9192297600E-4
2,9926100390E+4	2,9179374500E-4
2,9926651021E+4	2,9169135700E-4
2,9927211542E+4	2,9169905900E-4
2,9927763009E+4	2,9151628200E-4
2,9928319047E+4	2,9171003600E-4
2,9928870151E+4	2,9156736100E-4
2,9929427357E+4	2,9136977900E-4
2,9929979189E+4	2,9119062300E-4
2,9930534410E+4	2,9127590000E-4
2,9931085195E+4	2,9108447500E-4
2,9931643331E+4	2,9092814900E-4
2,9932194399E+4	2,9108761200E-4
2,9932745870E+4	2,9089510300E-4
2,9933302419E+4	2,9076940100E-4
2,9933852917E+4	2,9079785700E-4
2,9934412501E+4	2,9086643900E-4
2,9934965119E+4	2,9072584000E-4
2,9935522032E+4	2,9054354700E-4
2,9936072333E+4	2,9066920300E-4
2,9936632486E+4	2,9038666700E-4
2,9937185289E+4	2,9028610000E-4
2,9937744447E+4	2,9023460700E-4
2,9938296194E+4	2,9011734400E-4
2,9938854372E+4	2,8995891900E-4
2,9939405600E+4	2,8992467400E-4
2,9939966184E+4	2,8985558500E-4
2,9940517573E+4	2,8973052900E-4
2,9941075720E+4	2,8959807000E-4
2,9941627970E+4	2,8946431900E-4
2,9942185070E+4	2,8923136300E-4
2,9942735557E+4	2,8924300800E-4
2,9943296616E+4	2,8910439200E-4
2,9943848211E+4	2,8890593400E-4
2,9944406464E+4	2,8866117100E-4
2,9944957177E+4	2,8866578300E-4
2,9945512409E+4	2,8828839900E-4
2,9946063544E+4	2,8812580000E-4
2,9946619487E+4	2,8795107100E-4
2,9947171735E+4	2,8790439700E-4
2,9947727966E+4	2,8778796400E-4
2,9948278628E+4	2,8744780000E-4
2,9948829608E+4	2,8744408700E-4
2,9949388244E+4	2,8722681200E-4
2,9949939367E+4	2,8690747100E-4
2,9950493424E+4	2,8683423100E-4
2,9951045263E+4	2,8680305400E-4
2,9951596899E+4	2,8689368100E-4
2,9952152681E+4	2,8677090700E-4
2,9952704222E+4	2,8667783600E-4
2,9953257604E+4	2,8664121600E-4
2,9953808391E+4	2,8643710800E-4
2,9954359019E+4	2,8634954700E-4
2,9954919268E+4	2,8632388100E-4
2,9955472324E+4	2,8644289600E-4
2,9956026899E+4	2,8623417600E-4
2,9956578107E+4	2,8618969200E-4
2,9957134591E+4	2,8614869100E-4
2,9957686973E+4	2,8586827600E-4
2,9958241618E+4	2,8590521900E-4
2,9958793995E+4	2,8591896300E-4
2,9959348814E+4	2,8572726200E-4
2,9959900005E+4	2,8553994200E-4
2,9960457993E+4	2,8542101900E-4
2,9961008614E+4	2,8552504500E-4
2,9961563304E+4	2,8540275500E-4
2,9962113793E+4	2,8506058500E-4
2,9962673744E+4	2,8500231100E-4
2,9963224782E+4	2,8507089300E-4
2,9963775289E+4	2,8496366200E-4
2,9964332857E+4	2,8462068400E-4
2,9964883315E+4	2,8473663200E-4
2,9965440661E+4	2,8439363100E-4
2,9965991746E+4	2,8426583000E-4
2,9966551335E+4	2,8423370700E-4
2,9967102663E+4	2,8405397400E-4
2,9967663294E+4	2,8393203100E-4
2,9968213514E+4	2,8371747600E-4
2,9968772761E+4	2,8347195200E-4
2,9969323368E+4	2,8341075000E-4
2,9969883531E+4	2,8318284300E-4
2,9970435278E+4	2,8310432300E-4
2,9970994867E+4	2,8282748200E-4
2,9971546421E+4	2,8264228400E-4
2,9972100445E+4	2,8251752700E-4
2,9972652239E+4	2,8253943400E-4
2,9973209488E+4	2,8251522100E-4
2,9973760019E+4	2,8226194800E-4
2,9974321235E+4	2,8204681800E-4
2,9974873138E+4	2,8183503100E-4
2,9975429791E+4	2,8156077300E-4
2,9975980336E+4	2,8148988500E-4
2,9976538019E+4	2,8160474900E-4
2,9977088432E+4	2,8128483200E-4
2,9977644275E+4	2,8121385200E-4
2,9978195285E+4	2,8119242900E-4
2,9978752462E+4	2,8104163700E-4
2,9979303434E+4	2,8083877400E-4
2,9979854416E+4	2,8078437500E-4
2,9980412908E+4	2,8078709600E-4
2,9980964089E+4	2,8061066000E-4
2,9981521121E+4	2,8052819600E-4
2,9982072395E+4	2,8033181400E-4
2,9982633386E+4	2,8027342500E-4
2,9983184711E+4	2,8019850100E-4
2,9983744303E+4	2,8007886400E-4
2,9984294428E+4	2,7978302200E-4
2,9984852395E+4	2,7959533300E-4
2,9985404582E+4	2,7962741000E-4
2,9985959549E+4	2,7931182800E-4
2,9986510630E+4	2,7910377700E-4
2,9987066553E+4	2,7894636600E-4
2,9987619307E+4	2,7878874800E-4
2,9988174521E+4	2,7865426000E-4
2,9988726520E+4	2,7835066900E-4
2,9989277962E+4	2,7818588000E-4
2,9989837029E+4	2,7814559300E-4
2,9990388056E+4	2,7809513700E-4
2,9990945221E+4	2,7772762300E-4
2,9991495640E+4	2,7757473200E-4
2,9992056235E+4	2,7744052100E-4
2,9992606695E+4	2,7730001300E-4
2,9993168288E+4	2,7700447100E-4
2,9993719386E+4	2,7692857900E-4
2,9994277428E+4	2,7671787600E-4
2,9994828504E+4	2,7635817900E-4
2,9995388268E+4	2,7634395100E-4
2,9995939686E+4	2,7619380500E-4
2,9996498046E+4	2,7591841700E-4
2,9997049708E+4	2,7571530100E-4
2,9997609279E+4	2,7562896300E-4
2,9998160457E+4	2,7568862000E-4
2,9998717251E+4	2,7548751000E-4
2,9999268132E+4	2,7533272800E-4
2,9999820360E+4	2,7522326100E-4
3,0000376439E+4	2,7528683800E-4
3,0000929285E+4	2,7496403800E-4
3,0001483834E+4	2,7481797400E-4
3,0002034616E+4	2,7472529400E-4
3,0002593415E+4	2,7467096300E-4
3,0003145022E+4	2,7467354600E-4
3,0003702708E+4	2,7451984800E-4
3,0004254574E+4	2,7458667700E-4
3,0004814172E+4	2,7448784000E-4
3,0005364398E+4	2,7436146900E-4
3,0005924638E+4	2,7415182700E-4
3,0006475321E+4	2,7407033100E-4
3,0007035960E+4	2,7386889900E-4
3,0007587671E+4	2,7389705500E-4
3,0008146398E+4	2,7353943400E-4
3,0008697802E+4	2,7360402700E-4
3,0009257067E+4	2,7338209300E-4
3,0009807456E+4	2,7316968300E-4
3,0010366982E+4	2,7303374200E-4
3,0010917788E+4	2,7295141600E-4
3,0011477337E+4	2,7275697100E-4
3,0012028079E+4	2,7270845200E-4
3,0012589549E+4	2,7244224200E-4
3,0013142008E+4	2,7249848700E-4
3,0013695525E+4	2,7223836500E-4
3,0014247172E+4	2,7197796700E-4
3,0014797410E+4	2,7195688900E-4
3,0015356225E+4	2,7194187700E-4
3,0015907052E+4	2,7187276500E-4
3,0016463234E+4	2,7174775400E-4
3,0017013336E+4	2,7151740400E-4
3,0017570508E+4	2,7131380300E-4
3,0018122207E+4	2,7131474900E-4
3,0018682033E+4	2,7110476100E-4
3,0019232444E+4	2,7088351900E-4
3,0019791545E+4	2,7089281200E-4
3,0020342216E+4	2,7069188700E-4
3,0020903367E+4	2,7037226900E-4
3,0021455202E+4	2,7045710800E-4
3,0022013659E+4	2,7016544000E-4
3,0022565192E+4	2,7002866900E-4
3,0023126010E+4	2,6997613700E-4
3,0023677190E+4	2,6983888200E-4
3,0024235028E+4	2,6960567100E-4
3,0024785712E+4	2,6951382200E-4
3,0025344592E+4	2,6949329800E-4
3,0025896970E+4	2,6940465400E-4
3,0026453680E+4	2,6918825500E-4
3,0027005880E+4	2,6918982300E-4
3,0027564189E+4	2,6891201400E-4
3,0028115465E+4	2,6891671800E-4
3,0028672374E+4	2,6878140000E-4
3,0029223438E+4	2,6847407300E-4
3,0029774203E+4	2,6815424800E-4
3,0030331893E+4	2,6817862300E-4
3,0030883872E+4	2,6830923700E-4
3,0031442248E+4	2,6819006100E-4
3,0031992539E+4	2,6808776500E-4
3,0032551844E+4	2,6798129500E-4
3,0033103001E+4	2,6792924800E-4
3,0033660612E+4	2,6763709500E-4
3,0034212089E+4	2,6767302300E-4
3,0034762429E+4	2,6750685000E-4
3,0035318480E+4	2,6757995100E-4
3,0035869489E+4	2,6748727100E-4
3,0036431297E+4	2,6739687500E-4
3,0036981865E+4	2,6727098800E-4
3,0037541756E+4	2,6713320200E-4
3,0038092911E+4	2,6701367900E-4
3,0038649745E+4	2,6696974900E-4
3,0039200620E+4	2,6689005300E-4
3,0039761107E+4	2,6674382600E-4
3,0040312277E+4	2,6668435400E-4
3,0040872435E+4	2,6667155500E-4
3,0041423300E+4	2,6651130800E-4
3,0041982193E+4	2,6643002000E-4
3,0042532931E+4	2,6615809200E-4
3,0043093677E+4	2,6606446600E-4
3,0043646407E+4	2,6593987100E-4
3,0044204274E+4	2,6591768700E-4
3,0044754685E+4	2,6568452300E-4
3,0045314977E+4	2,6553984200E-4
3,0045865874E+4	2,6521238300E-4
3,0046423568E+4	2,6507153000E-4
3,0046975200E+4	2,6498936600E-4
3,0047526625E+4	2,6472234900E-4
3,0048084234E+4	2,6450682700E-4
3,0048636112E+4	2,6459111300E-4
3,0049192855E+4	2,6441174900E-4
3,0049745058E+4	2,6425046400E-4
3,0050303522E+4	2,6433627200E-4
3,0050855122E+4	2,6411281600E-4
3,0051415353E+4	2,6390672500E-4
3,0051966280E+4	2,6399746800E-4
3,0052524891E+4	2,6369120200E-4
3,0053075545E+4	2,6384171800E-4
3,0053635325E+4	2,6365921800E-4
3,0054187369E+4	2,6351087000E-4
3,0054748014E+4	2,6330148100E-4
3,0055298507E+4	2,6324459100E-4
3,0055858131E+4	2,6317278100E-4
3,0056408609E+4	2,6309594400E-4
3,0056965907E+4	2,6301853000E-4
3,0057516345E+4	2,6281834200E-4
3,0058067503E+4	2,6282791200E-4
3,0058619724E+4	2,6271392500E-4
3,0059170825E+4	2,6257696900E-4
3,0059726757E+4	2,6260653200E-4
3,0060276950E+4	2,6238930300E-4
3,0060829072E+4	2,6243148100E-4
3,0061387170E+4	2,6231228100E-4
3,0061937641E+4	2,6246035200E-4
3,0062493302E+4	2,6227501600E-4
3,0063043518E+4	2,6223124700E-4
3,0063602656E+4	2,6216644700E-4
3,0064154705E+4	2,6200161100E-4
3,0064709423E+4	2,6209761200E-4
3,0065259537E+4	2,6198805200E-4
3,0065819091E+4	2,6165019300E-4
3,0066370698E+4	2,6161966100E-4
3,0066925952E+4	2,6112997300E-4
3,0067476399E+4	2,6107702600E-4
3,0068034044E+4	2,6105774800E-4
3,0068585191E+4	2,6091156800E-4
3,0069140499E+4	2,6047992300E-4
3,0069692236E+4	2,6048017600E-4
3,0070248403E+4	2,6047607200E-4
3,0070798486E+4	2,6020965500E-4
3,0071361374E+4	2,6016763800E-4
3,0071911615E+4	2,5988890700E-4
3,0072471844E+4	2,5991538000E-4
3,0073024113E+4	2,5984661400E-4
3,0073581395E+4	2,5967513700E-4
3,0074131626E+4	2,5948687200E-4
3,0074692104E+4	2,5923901800E-4
3,0075242968E+4	2,5909719700E-4
3,0075802444E+4	2,5910293900E-4
3,0076354439E+4	2,5913467000E-4
3,0076911277E+4	2,5907388200E-4
3,0077461464E+4	2,5898950400E-4
3,0078020683E+4	2,5881841900E-4
3,0078572879E+4	2,5881735800E-4
3,0079128886E+4	2,5875991500E-4
3,0079681382E+4	2,5850143000E-4
3,0080234541E+4	2,5850825600E-4
3,0080785827E+4	2,5834960100E-4
3,0081336504E+4	2,5832741600E-4
3,0081893738E+4	2,5820600300E-4
3,0082444266E+4	2,5827726000E-4
3,0083000942E+4	2,5789019100E-4
3,0083551921E+4	2,5775814700E-4
3,0084102662E+4	2,5761159800E-4
3,0084659045E+4	2,5735952400E-4
3,0085210598E+4	2,5744694600E-4
3,0085766135E+4	2,5721170700E-4
3,0086316820E+4	2,5710897300E-4
3,0086867381E+4	2,5704428800E-4
3,0087423440E+4	2,5665304500E-4
3,0087974611E+4	2,5667170100E-4
3,0088530577E+4	2,5650532000E-4
3,0089080292E+4	2,5612643700E-4
3,0089631991E+4	2,5611502200E-4
3,0090192394E+4	2,5576941600E-4
3,0090744692E+4	2,5557623800E-4
3,0091304719E+4	2,5562111400E-4
3,0091855464E+4	2,5531134300E-4
3,0092413212E+4	2,5501803800E-4
3,0092965989E+4	2,5499052700E-4
3,0093525256E+4	2,5477560300E-4
3,0094076583E+4	2,5473095800E-4
3,0094635288E+4	2,5468310800E-4
3,0095185938E+4	2,5439697400E-4
3,0095746789E+4	2,5421860200E-4
3,0096298484E+4	2,5426977300E-4
3,0096855339E+4	2,5412730600E-4
3,0097405898E+4	2,5387062000E-4
3,0097966348E+4	2,5387237300E-4
3,0098518370E+4	2,5388226600E-4
3,0099074885E+4	2,5381303800E-4
3,0099625728E+4	2,5369079500E-4
3,0100176614E+4	2,5366505900E-4
3,0100732378E+4	2,5365823400E-4
3,0101293446E+4	2,5346588600E-4
3,0101845574E+4	2,5352808000E-4
3,0102397219E+4	2,5340094800E-4
3,0102953942E+4	2,5329846800E-4
3,0103504963E+4	2,5343473200E-4
3,0104062021E+4	2,5324967200E-4
3,0104613702E+4	2,5318152800E-4
3,0105172114E+4	2,5303567100E-4
3,0105724142E+4	2,5313764400E-4
3,0106279384E+4	2,5307570400E-4
3,0106830058E+4	2,5305548000E-4
3,0107392488E+4	2,5296582100E-4
3,0107942812E+4	2,5313430100E-4
3,0108500834E+4	2,5304062900E-4
3,0109053023E+4	2,5293346700E-4
3,0109603780E+4	2,5293302900E-4
3,0110161136E+4	2,5295604400E-4
3,0110713569E+4	2,5296545200E-4
3,0111269517E+4	2,5296932600E-4
3,0111819268E+4	2,5295413000E-4
3,0112376437E+4	2,5291243600E-4
3,0112928379E+4	2,5279669600E-4
3,0113487699E+4	2,5275274300E-4
3,0114037613E+4	2,5280416800E-4
3,0114596850E+4	2,5259487100E-4
3,0115147572E+4	2,5252688900E-4
3,0115698464E+4	2,5245083600E-4
3,0116255478E+4	2,5236018500E-4
3,0116805716E+4	2,5216770000E-4
3,0117361548E+4	2,5241117200E-4
3,0117913469E+4	2,5235811000E-4
3,0118464754E+4	2,5200590800E-4
3,0119021390E+4	2,5200097300E-4
3,0119572379E+4	2,5198969600E-4
3,0120129783E+4	2,5204266600E-4
3,0120681052E+4	2,5191108300E-4
3,0121232168E+4	2,5199105700E-4
3,0121790121E+4	2,5198146400E-4
3,0122341946E+4	2,5204663300E-4
3,0122898208E+4	2,5185682200E-4
3,0123448208E+4	2,5179813300E-4
3,0124011005E+4	2,5164339800E-4
3,0124561886E+4	2,5179225300E-4
3,0125121443E+4	2,5167012500E-4
3,0125671325E+4	2,5186936700E-4
3,0126229235E+4	2,5171068800E-4
3,0126780408E+4	2,5155572200E-4
3,0127337229E+4	2,5152823400E-4
3,0127887550E+4	2,5147812400E-4
3,0128444410E+4	2,5131979100E-4
3,0128994537E+4	2,5141272400E-4
3,0129553926E+4	2,5127290900E-4
3,0130104402E+4	2,5138076300E-4
3,0130657286E+4	2,5136708800E-4
3,0131212378E+4	2,5111427600E-4
3,0131763301E+4	2,5129094200E-4
3,0132320948E+4	2,5131001300E-4
3,0132871625E+4	2,5104528000E-4
3,0133422673E+4	2,5108445900E-4
3,0133978911E+4	2,5091777900E-4
3,0134529585E+4	2,5077900100E-4
3,0135088346E+4	2,5064211400E-4
3,0135641168E+4	2,5060639400E-4
3,0136198453E+4	2,5057427000E-4
3,0136750867E+4	2,5066602800E-4
3,0137312813E+4	2,5050047700E-4
3,0137863432E+4	2,5064412000E-4
3,0138419440E+4	2,5027349300E-4
3,0138972082E+4	2,5023770400E-4
3,0139523048E+4	2,5014022700E-4
3,0140078447E+4	2,5005474200E-4
3,0140629396E+4	2,4987360200E-4
3,0141188275E+4	2,4987443300E-4
3,0141738286E+4	2,4976743200E-4
3,0142298795E+4	2,4988220400E-4
3,0142849238E+4	2,4981784200E-4
3,0143410974E+4	2,4958624600E-4
3,0143962010E+4	2,4953002500E-4
3,0144521536E+4	2,4956620700E-4
3,0145071747E+4	2,4946321900E-4
3,0145631288E+4	2,4920768700E-4
3,0146181588E+4	2,4886231000E-4
3,0146743194E+4	2,4860149700E-4
3,0147293564E+4	2,4867750400E-4
3,0147852286E+4	2,4836595800E-4
3,0148403151E+4	2,4830364900E-4
3,0148961202E+4	2,4816198800E-4
3,0149512938E+4	2,4804712400E-4
3,0150068560E+4	2,4797960300E-4
3,0150620458E+4	2,4795797300E-4
3,0151179377E+4	2,4785544600E-4
3,0151730558E+4	2,4784257800E-4
3,0152288010E+4	2,4769794300E-4
3,0152839445E+4	2,4753670500E-4
3,0153396947E+4	2,4760888400E-4
3,0153947350E+4	2,4751290700E-4
3,0154503296E+4	2,4759514000E-4
3,0155053431E+4	2,4763667200E-4
3,0155612109E+4	2,4747940000E-4
3,0156163383E+4	2,4739582900E-4
3,0156714719E+4	2,4722928600E-4
3,0157270984E+4	2,4716776100E-4
3,0157823569E+4	2,4714608400E-4
3,0158379745E+4	2,4714603800E-4
3,0158932273E+4	2,4706048400E-4
3,0159492038E+4	2,4700698400E-4
3,0160042973E+4	2,4682881900E-4
3,0160603374E+4	2,4687028200E-4
3,0161153462E+4	2,4674333400E-4
3,0161708811E+4	2,4678867100E-4
3,0162259721E+4	2,4658806800E-4
3,0162811962E+4	2,4664758700E-4
3,0163366911E+4	2,4663379700E-4
3,0163917598E+4	2,4668427600E-4
3,0164474084E+4	2,4672098800E-4
3,0165025986E+4	2,4661629400E-4
3,0165577472E+4	2,4653911100E-4
3,0166134140E+4	2,4665178400E-4
3,0166684414E+4	2,4645215000E-4
3,0167241623E+4	2,4662754800E-4
3,0167794129E+4	2,4659717700E-4
3,0168344294E+4	2,4661108200E-4
3,0168901864E+4	2,4664249100E-4
3,0169452624E+4	2,4659713100E-4
3,0170009749E+4	2,4666769600E-4
3,0170562308E+4	2,4648902400E-4
3,0171112797E+4	2,4625984900E-4
3,0171669027E+4	2,4646280400E-4
3,0172219944E+4	2,4628108800E-4
3,0172779839E+4	2,4628738300E-4
3,0173330263E+4	2,4634282100E-4
3,0173891307E+4	2,4620019200E-4
3,0174442096E+4	2,4636422100E-4
3,0175000684E+4	2,4614514700E-4
3,0175551876E+4	2,4606890900E-4
3,0176111377E+4	2,4608341400E-4
3,0176662767E+4	2,4588781500E-4
3,0177221870E+4	2,4588853000E-4
3,0177774126E+4	2,4608177700E-4
3,0178332042E+4	2,4597177800E-4
3,0178883381E+4	2,4569955000E-4
3,0179442219E+4	2,4569307000E-4
3,0179992764E+4	2,4556649100E-4
3,0180544038E+4	2,4549857800E-4
3,0181099422E+4	2,4538057800E-4
3,0181649954E+4	2,4539254600E-4
3,0182209183E+4	2,4538346100E-4
3,0182761040E+4	2,4536051600E-4
3,0183312066E+4	2,4504391900E-4
3,0183868716E+4	2,4515906000E-4
3,0184419496E+4	2,4512347700E-4
3,0184979267E+4	2,4505030700E-4
3,0185531792E+4	2,4492338200E-4
3,0186089301E+4	2,4495991000E-4
3,0186639968E+4	2,4484087200E-4
3,0187202116E+4	2,4470036500E-4
3,0187753234E+4	2,4462832400E-4
3,0188311139E+4	2,4465885600E-4
3,0188862973E+4	2,4446411100E-4
3,0189421843E+4	2,4436156100E-4
3,0189971390E+4	2,4438409100E-4
3,0190532403E+4	2,4418152800E-4
3,0191082327E+4	2,4428110300E-4
3,0191641082E+4	2,4435362800E-4
3,0192193161E+4	2,4407245200E-4
3,0192748590E+4	2,4403022900E-4
3,0193300005E+4	2,4382100100E-4
3,0193861046E+4	2,4386977400E-4
3,0194411369E+4	2,4389122000E-4
3,0194969595E+4	2,4377245900E-4
3,0195521869E+4	2,4378422000E-4
3,0196074164E+4	2,4379611900E-4
3,0196627396E+4	2,4373863000E-4
3,0197178280E+4	2,4372163400E-4
3,0197736250E+4	2,4361777000E-4
3,0198286651E+4	2,4365784900E-4
3,0198838995E+4	2,4360868400E-4
3,0199390074E+4	2,4347744700E-4
3,0199948717E+4	2,4362581800E-4
3,0200499361E+4	2,4369875800E-4
3,0201058079E+4	2,4342646100E-4
3,0201608286E+4	2,4342468500E-4
3,0202166171E+4	2,4349474300E-4
3,0202716802E+4	2,4334422700E-4
3,0203267636E+4	2,4344846000E-4
3,0203824704E+4	2,4331489400E-4
3,0204375874E+4	2,4320671800E-4
3,0204932554E+4	2,4342198700E-4
3,0205485245E+4	2,4309508200E-4
3,0206036500E+4	2,4313968100E-4
3,0206591927E+4	2,4314041900E-4
3,0207143124E+4	2,4296797300E-4
3,0207699613E+4	2,4291553400E-4
3,0208252448E+4	2,4291426600E-4
3,0208803428E+4	2,4273314900E-4
3,0209360180E+4	2,4273342600E-4
3,0209912881E+4	2,4277066800E-4
3,0210466494E+4	2,4254677500E-4
3,0211017019E+4	2,4269934200E-4
3,0211567222E+4	2,4258205700E-4
3,0212127412E+4	2,4249255900E-4
3,0212677405E+4	2,4228411600E-4
3,0213237428E+4	2,4230540100E-4
3,0213789957E+4	2,4235871700E-4
3,0214347261E+4	2,4224701200E-4
3,0214899777E+4	2,4221149900E-4
3,0215459161E+4	2,4216547000E-4
3,0216009411E+4	2,4205722500E-4
3,0216567668E+4	2,4205208200E-4
3,0217118413E+4	2,4208003200E-4
3,0217677440E+4	2,4182639000E-4
3,0218228446E+4	2,4164900900E-4
3,0218792503E+4	2,4170578400E-4
3,0219344738E+4	2,4177224400E-4
3,0219900549E+4	2,4165235300E-4
3,0220451563E+4	2,4152542800E-4
3,0221008485E+4	2,4143307100E-4
3,0221558828E+4	2,4147476500E-4
3,0222116384E+4	2,4137781800E-4
3,0222669132E+4	2,4120811700E-4
3,0223224347E+4	2,4117698500E-4
3,0223776431E+4	2,4126175500E-4
3,0224332392E+4	2,4127847400E-4
3,0224883687E+4	2,4091520300E-4
3,0225441367E+4	2,4104561000E-4
3,0225993406E+4	2,4112376200E-4
3,0226547933E+4	2,4088289600E-4
3,0227098757E+4	2,4098120200E-4
3,0227653780E+4	2,4086908200E-4
3,0228204839E+4	2,4078325200E-4
3,0228755330E+4	2,4097084800E-4
3,0229306474E+4	2,4098625200E-4
3,0229865430E+4	2,4064103800E-4
3,0230418932E+4	2,4073496300E-4
3,0230975723E+4	2,4066541300E-4
3,0231526607E+4	2,4046824600E-4
3,0232084692E+4	2,4064661800E-4
3,0232635390E+4	2,4040109400E-4
3,0233187117E+4	2,4047156700E-4
3,0233744303E+4	2,4051217600E-4
3,0234294468E+4	2,4017390300E-4
3,0234852906E+4	2,4049271300E-4
3,0235403485E+4	2,4021723300E-4
3,0235954487E+4	2,4012243200E-4
3,0236514050E+4	2,4015955900E-4
3,0237065375E+4	2,3973769200E-4
3,0237619631E+4	2,3969897300E-4
3,0238170252E+4	2,3963571900E-4
3,0238731092E+4	2,3958383300E-4
3,0239282128E+4	2,3934388900E-4
3,0239836882E+4	2,3926071000E-4
3,0240387056E+4	2,3911224700E-4
3,0240946166E+4	2,3905932300E-4
3,0241496269E+4	2,3891623300E-4
3,0242047038E+4	2,3882078600E-4
3,0242607164E+4	2,3878421200E-4
3,0243158096E+4	2,3855965000E-4
3,0243713122E+4	2,3855630600E-4
3,0244263966E+4	2,3844121200E-4
3,0244816532E+4	2,3844259500E-4
3,0245372207E+4	2,3837032400E-4
3,0245924912E+4	2,3820537300E-4
3,0246482432E+4	2,3812332400E-4
3,0247040792E+4	2,3806908500E-4
3,0247593655E+4	2,3771725300E-4
3,0248145031E+4	2,3767576700E-4
3,0248704427E+4	2,3761318100E-4
3,0249255192E+4	2,3764754100E-4
3,0249812313E+4	2,3752852600E-4
3,0250363739E+4	2,3732903000E-4
3,0250919340E+4	2,3730765300E-4
3,0251470923E+4	2,3721628800E-4
3,0252033133E+4	2,3710742000E-4
3,0252585059E+4	2,3697726600E-4
3,0253140008E+4	2,3694595000E-4
3,0253692174E+4	2,3699594500E-4
3,0254243270E+4	2,3690282700E-4
3,0254800090E+4	2,3657368600E-4
3,0255352045E+4	2,3674774600E-4
3,0255908716E+4	2,3665241400E-4
3,0256459628E+4	2,3654250800E-4
3,0257020265E+4	2,3636662600E-4
3,0257570254E+4	2,3629965900E-4
3,0258129072E+4	2,3625702000E-4
3,0258680127E+4	2,3618936100E-4
3,0259235182E+4	2,3602088100E-4
3,0259787577E+4	2,3593800200E-4
3,0260340153E+4	2,3581866500E-4
3,0260895656E+4	2,3581119300E-4
3,0261446431E+4	2,3574422500E-4
3,0262005765E+4	2,3563621000E-4
3,0262557813E+4	2,3545055100E-4
3,0263115873E+4	2,3531410200E-4
3,0263667822E+4	2,3524496700E-4
3,0264227308E+4	2,3519658600E-4
3,0264780013E+4	2,3503092000E-4
3,0265338509E+4	2,3479093100E-4
3,0265889610E+4	2,3470699100E-4
3,0266445250E+4	2,3463617200E-4
3,0266996497E+4	2,3453482100E-4
3,0267547897E+4	2,3434252100E-4
3,0268105218E+4	2,3434674100E-4
3,0268656069E+4	2,3411120100E-4
3,0269213211E+4	2,3398084100E-4
3,0269763685E+4	2,3376633300E-4
3,0270322208E+4	2,3381635100E-4
3,0270873421E+4	2,3368460700E-4
3,0271428506E+4	2,3356229400E-4
3,0271980369E+4	2,3354984100E-4
3,0272537024E+4	2,3316996700E-4
3,0273087346E+4	2,3298190900E-4
3,0273640375E+4	2,3294828700E-4
3,0274197196E+4	2,3295333700E-4
3,0274747348E+4	2,3287025100E-4
3,0275302622E+4	2,3272411700E-4
3,0275852496E+4	2,3263256700E-4
3,0276403191E+4	2,3242274000E-4
3,0276961365E+4	2,3243459300E-4
3,0277511913E+4	2,3221890900E-4
3,0278070362E+4	2,3210623600E-4
3,0278623093E+4	2,3179365200E-4
3,0279177025E+4	2,3186140300E-4
3,0279728108E+4	2,3172596900E-4
3,0280283906E+4	2,3168623600E-4
3,0280835249E+4	2,3139938700E-4
3,0281392136E+4	2,3141101000E-4
3,0281944031E+4	2,3156341600E-4
3,0282500160E+4	2,3116437900E-4
3,0283050983E+4	2,3117157400E-4
3,0283607980E+4	2,3126674400E-4
3,0284159702E+4	2,3103920700E-4
3,0284714235E+4	2,3101194900E-4
3,0285264550E+4	2,3082331500E-4
3,0285814623E+4	2,3078925500E-4
3,0286372267E+4	2,3090799300E-4
3,0286924032E+4	2,3082914900E-4
3,0287479517E+4	2,3073944400E-4
3,0288031292E+4	2,3059960600E-4
3,0288582134E+4	2,3072265600E-4
3,0289138743E+4	2,3056021900E-4
3,0289689648E+4	2,3026822700E-4
3,0290246055E+4	2,3022462000E-4
3,0290797147E+4	2,3020997700E-4
3,0291357015E+4	2,3004820800E-4
3,0291908007E+4	2,3000416200E-4
3,0292467432E+4	2,2998172500E-4
3,0293018183E+4	2,2965269900E-4
3,0293575896E+4	2,2948583300E-4
3,0294126570E+4	2,2941144000E-4
3,0294677388E+4	2,2933838500E-4
3,0295235780E+4	2,2921920900E-4
3,0295787519E+4	2,2917620100E-4
3,0296344438E+4	2,2905402700E-4
3,0296894445E+4	2,2892631800E-4
3,0297446413E+4	2,2888647000E-4
3,0298004539E+4	2,2859560900E-4
3,0298556167E+4	2,2851625800E-4
3,0299115431E+4	2,2844364000E-4
3,0299666327E+4	2,2850821000E-4
3,0300224646E+4	2,2829879800E-4
3,0300777072E+4	2,2837582000E-4
3,0301337116E+4	2,2844380200E-4
3,0301888097E+4	2,2814371600E-4
3,0302449110E+4	2,2803939100E-4
3,0302999942E+4	2,2811618200E-4
3,0303556955E+4	2,2798727500E-4
3,0304107989E+4	2,2786512300E-4
3,0304658793E+4	2,2798679000E-4
3,0305209728E+4	2,2784314700E-4
3,0305767346E+4	2,2784224800E-4
3,0306318313E+4	2,2778538100E-4
3,0306877123E+4	2,2780756500E-4
3,0307430157E+4	2,2769586000E-4
3,0307989023E+4	2,2775858400E-4
3,0308540017E+4	2,2781771100E-4
3,0309097495E+4	2,2782928800E-4
3,0309648361E+4	2,2762481100E-4
3,0310200384E+4	2,2763221300E-4
3,0310756314E+4	2,2764067600E-4
3,0311308404E+4	2,2782822700E-4
3,0311866047E+4	2,2791269700E-4
3,0312416727E+4	2,2786097300E-4
3,0312977256E+4	2,2764768700E-4
3,0313528950E+4	2,2779850200E-4
3,0314087665E+4	2,2783938800E-4
3,0314639095E+4	2,2780608900E-4
3,0315195823E+4	2,2777929300E-4
3,0315747447E+4	2,2779615000E-4
3,0316302712E+4	2,2767051700E-4
3,0316852314E+4	2,2761106700E-4
3,0317410521E+4	2,2773554700E-4
3,0317963289E+4	2,2760829900E-4
3,0318519405E+4	2,2750332800E-4
3,0319069179E+4	2,2757802100E-4
3,0319620645E+4	2,2756727500E-4
3,0320180075E+4	2,2756932700E-4
3,0320730752E+4	2,2759506300E-4
3,0321287107E+4	2,2754739700E-4
3,0321838709E+4	2,2742785200E-4
3,0322390655E+4	2,2741542200E-4
3,0322947233E+4	2,2756312400E-4
3,0323499232E+4	2,2769097100E-4
3,0324058054E+4	2,2736411300E-4
3,0324609365E+4	2,2743822900E-4
3,0325168367E+4	2,2756243200E-4
3,0325718388E+4	2,2755357700E-4
3,0326276870E+4	2,2753549800E-4
3,0326827698E+4	2,2726686700E-4
3,0327383022E+4	2,2741509900E-4
3,0327935161E+4	2,2721285900E-4
3,0328487262E+4	2,2723218400E-4
3,0329037802E+4	2,2697586700E-4
3,0329594643E+4	2,2695020100E-4
3,0330145922E+4	2,2690242000E-4
3,0330706631E+4	2,2666773400E-4
3,0331257998E+4	2,2676728600E-4
3,0331816351E+4	2,2677062900E-4
3,0332367252E+4	2,2673993600E-4
3,0332927436E+4	2,2657129500E-4
3,0333479931E+4	2,2654973400E-4
3,0334035465E+4	2,2645437900E-4
3,0334586501E+4	2,2636605700E-4
3,0335142419E+4	2,2627930400E-4
3,0335693471E+4	2,2622421300E-4
3,0336244828E+4	2,2618148200E-4
3,0336799902E+4	2,2615909000E-4
3,0337351446E+4	2,2605605600E-4
3,0337911029E+4	2,2585178700E-4
3,0338464122E+4	2,2573498600E-4
3,0339020469E+4	2,2560158100E-4
3,0339572129E+4	2,2549257500E-4
3,0340132276E+4	2,2533159000E-4
3,0340682362E+4	2,2546937600E-4
3,0341242144E+4	2,2524202300E-4
3,0341793465E+4	2,2517514800E-4
3,0342348531E+4	2,2517468700E-4
3,0342900262E+4	2,2490534100E-4
3,0343456788E+4	2,2491876200E-4
3,0344007205E+4	2,2493368200E-4
3,0344563317E+4	2,2476444200E-4
3,0345114444E+4	2,2436630300E-4
3,0345665789E+4	2,2435899300E-4
3,0346223899E+4	2,2442895800E-4
3,0346774921E+4	2,2426700500E-4
3,0347332321E+4	2,2400734500E-4
3,0347884011E+4	2,2392017600E-4
3,0348442693E+4	2,2368841900E-4
3,0348993462E+4	2,2367765000E-4
3,0349555925E+4	2,2364647200E-4
3,0350106670E+4	2,2358870600E-4
3,0350666018E+4	2,2351934000E-4
3,0351217064E+4	2,2341967300E-4
3,0351776920E+4	2,2342052600E-4
3,0352329188E+4	2,2329553900E-4
3,0352885580E+4	2,2317336400E-4
3,0353435495E+4	2,2312307000E-4
3,0353998004E+4	2,2309521300E-4
3,0354549030E+4	2,2298770500E-4
3,0355105232E+4	2,2289913000E-4
3,0355656011E+4	2,2279427400E-4
3,0356212782E+4	2,2280850200E-4
3,0356764159E+4	2,2264258300E-4
3,0357323611E+4	2,2252239200E-4
3,0357874273E+4	2,2252735000E-4
3,0358433438E+4	2,2249907800E-4
3,0358986028E+4	2,2234288900E-4
3,0359540399E+4	2,2223904800E-4
3,0360090829E+4	2,2232079700E-4
3,0360647733E+4	2,2214754400E-4
3,0361198973E+4	2,2180521200E-4
3,0361755224E+4	2,2159872900E-4
3,0362309223E+4	2,2149214400E-4
3,0362863310E+4	2,2141482200E-4
3,0363413930E+4	2,2127477600E-4
3,0363969456E+4	2,2127586000E-4
3,0364521040E+4	2,2110399100E-4
3,0365077721E+4	2,2100699900E-4
3,0365629381E+4	2,2093585700E-4
3,0366187072E+4	2,2061517900E-4
3,0366738090E+4	2,2051332100E-4
3,0367294015E+4	2,2053476700E-4
3,0367845178E+4	2,2035312000E-4
3,0368400202E+4	2,2029719900E-4
3,0368951080E+4	2,2026053300E-4
3,0369501369E+4	2,2004925300E-4
3,0370060909E+4	2,1986679900E-4
3,0370611645E+4	2,1977776300E-4
3,0371169320E+4	2,1966098500E-4
3,0371719277E+4	2,1967721900E-4
3,0372278157E+4	2,1934999200E-4
3,0372829161E+4	2,1936763300E-4
3,0373389466E+4	2,1927140200E-4
3,0373940491E+4	2,1926047100E-4
3,0374497245E+4	2,1903081200E-4
3,0375047735E+4	2,1909275300E-4
3,0375604831E+4	2,1883300000E-4
3,0376155799E+4	2,1862460300E-4
3,0376713273E+4	2,1851234500E-4
3,0377265154E+4	2,1850309800E-4
3,0377820030E+4	2,1841240100E-4
3,0378372423E+4	2,1834137500E-4
3,0378924193E+4	2,1825494400E-4
3,0379475013E+4	2,1840107800E-4
3,0380031672E+4	2,1796207700E-4
3,0380584555E+4	2,1788102000E-4
3,0381145379E+4	2,1787096500E-4
3,0381695976E+4	2,1772231800E-4
3,0382255255E+4	2,1764923900E-4
3,0382807084E+4	2,1754740400E-4
3,0383362916E+4	2,1754971000E-4
3,0383913507E+4	2,1756712100E-4
3,0384465921E+4	2,1744510800E-4
3,0385022029E+4	2,1736898600E-4
3,0385572448E+4	2,1732187300E-4
3,0386131082E+4	2,1717428700E-4
3,0386682834E+4	2,1715853600E-4
3,0387242049E+4	2,1706938500E-4
3,0387794379E+4	2,1708469700E-4
3,0388353661E+4	2,1693909300E-4
3,0388904460E+4	2,1679441200E-4
3,0389461250E+4	2,1683213900E-4
3,0390013610E+4	2,1683594400E-4
3,0390569435E+4	2,1679655700E-4
3,0391119278E+4	2,1656641400E-4
3,0391682014E+4	2,1670747400E-4
3,0392232978E+4	2,1651395100E-4
3,0392788758E+4	2,1646335700E-4
3,0393339972E+4	2,1637621100E-4
3,0393908672E+4	2,1659422500E-4
3,0394459000E+4	2,1654960300E-4
3,0395009881E+4	2,1630082700E-4
3,0395609289E+4	2,1629771400E-4
3,0396161929E+4	2,1617560900E-4
3,0396717378E+4	2,1612674400E-4
3,0397268220E+4	2,1585878200E-4
3,0397820233E+4	2,1583733500E-4
3,0398377062E+4	2,1579997800E-4
3,0398928586E+4	2,1574594700E-4
3,0399488281E+4	2,1572985100E-4
3,0400041060E+4	2,1557407800E-4
3,0400597410E+4	2,1553708900E-4
3,0401149844E+4	2,1547288800E-4
3,0401708602E+4	2,1543294800E-4
3,0402259592E+4	2,1538846400E-4
3,0402818637E+4	2,1525888800E-4
3,0403369532E+4	2,1525206200E-4
3,0403928976E+4	2,1518361800E-4
3,0404479397E+4	2,1503582400E-4
3,0405040641E+4	2,1497030900E-4
3,0405591494E+4	2,1489790000E-4
3,0406150831E+4	2,1469081700E-4
3,0406701418E+4	2,1477169000E-4
3,0407257215E+4	2,1466729500E-4
3,0407810252E+4	2,1451149900E-4
3,0408366260E+4	2,1453066200E-4
3,0408916550E+4	2,1433700100E-4
3,0409473361E+4	2,1428393900E-4
3,0410024204E+4	2,1415023500E-4
3,0410581202E+4	2,1413877400E-4
3,0411133300E+4	2,1399930400E-4
3,0411684792E+4	2,1391351900E-4
3,0412239948E+4	2,1380861700E-4
3,0412790940E+4	2,1373457000E-4
3,0413346351E+4	2,1362452600E-4
3,0413897476E+4	2,1347594800E-4
3,0414457122E+4	2,1374192700E-4
3,0415009217E+4	2,1350901600E-4
3,0415566048E+4	2,1358709900E-4
3,0416117093E+4	2,1350221400E-4
3,0416676652E+4	2,1339286100E-4
3,0417228829E+4	2,1339389900E-4
3,0417787552E+4	2,1328475400E-4
3,0418339574E+4	2,1331722300E-4
3,0418898965E+4	2,1319352700E-4
3,0419450054E+4	2,1306621000E-4
3,0420008139E+4	2,1299686700E-4
3,0420559048E+4	2,1294848700E-4
3,0421117730E+4	2,1297613600E-4
3,0421668956E+4	2,1280182200E-4
3,0422228788E+4	2,1274887600E-4
3,0422779249E+4	2,1278252100E-4
3,0423337546E+4	2,1268114700E-4
3,0423889988E+4	2,1247574800E-4
3,0424445696E+4	2,1244115700E-4
3,0424998122E+4	2,1242430000E-4
3,0425556135E+4	2,1227549100E-4
3,0426106274E+4	2,1205254300E-4
3,0426665210E+4	2,1202547000E-4
3,0427215214E+4	2,1169808100E-4
3,0427777187E+4	2,1169506000E-4
3,0428328936E+4	2,1165774800E-4
3,0428888102E+4	2,1149999200E-4
3,0429438587E+4	2,1129371700E-4
3,0429994420E+4	2,1131938300E-4
3,0430545427E+4	2,1125744200E-4
3,0431104946E+4	2,1112968800E-4
3,0431655745E+4	2,1098127100E-4
3,0432216054E+4	2,1088748400E-4
3,0432768020E+4	2,1094276000E-4
3,0433322382E+4	2,1075419500E-4
3,0433872947E+4	2,1071704400E-4
3,0434430538E+4	2,1062291200E-4
3,0434981347E+4	2,1035105200E-4
3,0435539129E+4	2,1043091100E-4
3,0436091385E+4	2,1018854600E-4
3,0436648200E+4	2,1021213600E-4
3,0437200225E+4	2,1010921800E-4
3,0437756083E+4	2,1012397600E-4
3,0438307013E+4	2,1012464500E-4
3,0438866608E+4	2,0981023900E-4
3,0439418498E+4	2,0980212200E-4
3,0439975084E+4	2,0970441500E-4
3,0440525972E+4	2,0966290600E-4
3,0441076222E+4	2,0941482200E-4
3,0441634462E+4	2,0950309700E-4
3,0442184855E+4	2,0913733600E-4
3,0442745467E+4	2,0899364700E-4
3,0443296332E+4	2,0910108500E-4
3,0443856190E+4	2,0900393100E-4
3,0444408047E+4	2,0889863800E-4
3,0444967456E+4	2,0880319000E-4
3,0445518898E+4	2,0879726400E-4
3,0446077018E+4	2,0873816000E-4
3,0446629071E+4	2,0895677300E-4
3,0447186116E+4	2,0873707600E-4
3,0447737083E+4	2,0870603700E-4
3,0448299151E+4	2,0853843400E-4
3,0448850683E+4	2,0845098900E-4
3,0449408736E+4	2,0834585600E-4
3,0449961471E+4	2,0832923000E-4
3,0450518077E+4	2,0824817200E-4
3,0451068647E+4	2,0813386200E-4
3,0451630364E+4	2,0807773300E-4
3,0452181400E+4	2,0804171200E-4
3,0452740554E+4	2,0789073600E-4
3,0453293903E+4	2,0800244000E-4
3,0453850176E+4	2,0796967100E-4
3,0454401370E+4	2,0774829100E-4
3,0454961526E+4	2,0766342900E-4
3,0455512797E+4	2,0752525100E-4
3,0456071425E+4	2,0766852500E-4
3,0456623068E+4	2,0754568200E-4
3,0457179609E+4	2,0764348200E-4
3,0457733286E+4	2,0732201900E-4
3,0458287075E+4	2,0733205100E-4
3,0458838711E+4	2,0717032800E-4
3,0459398503E+4	2,0696356800E-4
3,0459950099E+4	2,0732582400E-4
3,0460508565E+4	2,0703427100E-4
3,0461059290E+4	2,0715056500E-4
3,0461619470E+4	2,0700466200E-4
3,0462171621E+4	2,0703752300E-4
3,0462729743E+4	2,0670856600E-4
3,0463280725E+4	2,0653194600E-4
3,0463840024E+4	2,0641682800E-4
3,0464390874E+4	2,0647851500E-4
3,0464947782E+4	2,0618382600E-4
3,0465499895E+4	2,0615260200E-4
3,0466055919E+4	2,0617965200E-4
3,0466607428E+4	2,0612502200E-4
3,0467164632E+4	2,0586833600E-4
3,0467715865E+4	2,0579518800E-4
3,0468272999E+4	2,0565290600E-4
3,0468823753E+4	2,0570297000E-4
3,0469379424E+4	2,0556889600E-4
3,0469930986E+4	2,0543879000E-4
3,0470486818E+4	2,0533467200E-4
3,0471038085E+4	2,0518828400E-4
3,0471594216E+4	2,0510588900E-4
3,0472146401E+4	2,0506523400E-4
3,0472696666E+4	2,0507171400E-4
3,0473253304E+4	2,0506991500E-4
3,0473805643E+4	2,0506311200E-4
3,0474361371E+4	2,0488709200E-4
3,0474912500E+4	2,0461843800E-4
3,0475469814E+4	2,0448706300E-4
3,0476021334E+4	2,0448918400E-4
3,0476582151E+4	2,0421158300E-4
3,0477133154E+4	2,0405115100E-4
3,0477690297E+4	2,0417733800E-4
3,0478240472E+4	2,0404557100E-4
3,0478792218E+4	2,0391103600E-4
3,0479347895E+4	2,0372387800E-4
3,0479899200E+4	2,0355516800E-4
3,0480457513E+4	2,0347413300E-4
3,0481008988E+4	2,0351783300E-4
3,0481561610E+4	2,0346871400E-4
3,0482115032E+4	2,0313237800E-4
3,0482665915E+4	2,0300570700E-4
3,0483222530E+4	2,0301968200E-4
3,0483774563E+4	2,0281601200E-4
3,0484326217E+4	2,0279175200E-4
3,0484882980E+4	2,0261259600E-4
3,0485433855E+4	2,0253709600E-4
3,0485993568E+4	2,0244047300E-4
3,0486546259E+4	2,0228991100E-4
3,0487103467E+4	2,0247109700E-4
3,0487656220E+4	2,0228670600E-4
3,0488215376E+4	2,0229166400E-4
3,0488766226E+4	2,0221704000E-4
3,0489323214E+4	2,0215586100E-4
3,0489873691E+4	2,0203772300E-4
3,0490425233E+4	2,0202824500E-4
3,0490976718E+4	2,0189145000E-4
3,0491533497E+4	2,0181023100E-4
3,0492085065E+4	2,0164719400E-4
3,0492643736E+4	2,0167170700E-4
3,0493194566E+4	2,0169661300E-4
3,0493752029E+4	2,0168559000E-4
3,0494304110E+4	2,0142272400E-4
3,0494855199E+4	2,0133869200E-4
3,0495409333E+4	2,0141995700E-4
3,0495959951E+4	2,0098916500E-4
3,0496518589E+4	2,0101310200E-4
3,0497071365E+4	2,0069961800E-4
3,0497628522E+4	2,0069758900E-4
3,0498180551E+4	2,0053409100E-4
3,0498737822E+4	2,0033238100E-4
3,0499289078E+4	2,0021043700E-4
3,0499846741E+4	2,0020421100E-4
3,0500399035E+4	2,0014436900E-4
3,0500950430E+4	2,0012467600E-4
3,0501505377E+4	2,0000605300E-4
3,0502055218E+4	1,9999011800E-4
3,0502619183E+4	1,9966565800E-4
3,0503170112E+4	1,9980259100E-4
3,0503727647E+4	1,9962555600E-4
3,0504278788E+4	1,9966203700E-4
3,0504839482E+4	1,9967110000E-4
3,0505392014E+4	1,9949258900E-4
3,0505950002E+4	1,9953642700E-4
3,0506500630E+4	1,9951747200E-4
3,0507060628E+4	1,9924605000E-4
3,0507612161E+4	1,9913072500E-4
3,0508168074E+4	1,9916457800E-4
3,0508719025E+4	1,9907378900E-4
3,0509270425E+4	1,9901323200E-4
3,0509828495E+4	1,9896824100E-4
3,0510379003E+4	1,9898187000E-4
3,0510935309E+4	1,9902644600E-4
3,0511486918E+4	1,9881768000E-4
3,0512044024E+4	1,9875622400E-4
3,0512594424E+4	1,9870509900E-4
3,0513152950E+4	1,9882605100E-4
3,0513705306E+4	1,9884805000E-4
3,0514260301E+4	1,9856094800E-4
3,0514812776E+4	1,9866589600E-4
3,0515368038E+4	1,9866762600E-4
3,0515920202E+4	1,9880801800E-4
3,0516476123E+4	1,9875274200E-4
3,0517027189E+4	1,9870980300E-4
3,0517581312E+4	1,9866822500E-4
3,0518133652E+4	1,9863455700E-4
3,0518692992E+4	1,9854529000E-4
3,0519245103E+4	1,9853018600E-4
3,0519801002E+4	1,9843393100E-4
3,0520351759E+4	1,9782822600E-4
3,0520907963E+4	1,9782887200E-4
3,0521459904E+4	1,9771250900E-4
3,0522016553E+4	1,9793947000E-4
3,0522567615E+4	1,9786883600E-4
3,0523124522E+4	1,9800643700E-4
3,0523677116E+4	1,9809810200E-4
3,0524231842E+4	1,9809609600E-4
3,0524782480E+4	1,9784427600E-4