3,1128626934E+4	-1,1048543100E-4
3,1129179090E+4	-1,1029845700E-4
3,1129758157E+4	-1,1036166600E-4
3,1130311286E+4	-1,1029082400E-4
3,1130866822E+4	-1,1010617900E-4
3,1131418890E+4	-1,0982924700E-4
3,1132000679E+4	-1,0921934500E-4
3,1132551452E+4	-1,0847117200E-4
3,1133111096E+4	-1,0735573900E-4
3,1133662477E+4	-1,0619713700E-4
3,1134217867E+4	-1,0484556600E-4
3,1134768606E+4	-1,0367531800E-4
3,1135319326E+4	-1,0247310900E-4
3,1135879878E+4	-1,0104765200E-4
3,1136432483E+4	-9,9630450300E-5
3,1136985989E+4	-9,8211380900E-5
3,1137538089E+4	-9,6896752100E-5
3,1138094829E+4	-9,5537639800E-5
3,1138645443E+4	-9,4132637200E-5
3,1139203854E+4	-9,2499636100E-5
3,1139755736E+4	-9,1092004700E-5
3,1140312734E+4	-8,9709324600E-5
3,1140864125E+4	-8,8202464100E-5
3,1141419789E+4	-8,6828431600E-5
3,1141971539E+4	-8,5336652700E-5
3,1142527260E+4	-8,4120053700E-5
3,1143077945E+4	-8,2610495200E-5
3,1143633859E+4	-8,1304075900E-5
3,1144185867E+4	-7,9876358800E-5
3,1144736673E+4	-7,8472901200E-5
3,1145294547E+4	-7,7196875600E-5
3,1145845804E+4	-7,5648114300E-5
3,1146404600E+4	-7,4257201700E-5
3,1146955549E+4	-7,2917183300E-5
3,1147515827E+4	-7,1556364500E-5
3,1148067460E+4	-7,0072725900E-5
3,1148626361E+4	-6,8824488100E-5
3,1149176534E+4	-6,7505062700E-5
3,1149737624E+4	-6,5984296800E-5
3,1150289863E+4	-6,4409984500E-5
3,1150849592E+4	-6,3180471800E-5
3,1151399782E+4	-6,1707694600E-5
3,1151958652E+4	-6,0433283200E-5
3,1152509598E+4	-5,9087937900E-5
3,1153069765E+4	-5,7617812700E-5
3,1153620660E+4	-5,6272882500E-5
3,1154180796E+4	-5,5009678500E-5
3,1154732105E+4	-5,3497468000E-5
3,1155292376E+4	-5,2227807000E-5
3,1155844583E+4	-5,0533442200E-5
3,1156403825E+4	-4,9416418200E-5
3,1156955390E+4	-4,7815609500E-5
3,1157510834E+4	-4,6421952600E-5
3,1158061763E+4	-4,4930934700E-5
3,1158620786E+4	-4,3597857500E-5
3,1159171693E+4	-4,2176851000E-5
3,1159730137E+4	-4,0725865900E-5
3,1160282480E+4	-3,9383449300E-5
3,1160836775E+4	-3,8036651200E-5
3,1161388410E+4	-3,6524187100E-5
3,1161945543E+4	-3,5045460300E-5
3,1162498424E+4	-3,3596804300E-5
3,1163057156E+4	-3,2424066300E-5
3,1163607705E+4	-3,1036105400E-5
3,1164168800E+4	-2,9367545200E-5
3,1164719521E+4	-2,8050656500E-5
3,1165278432E+4	-2,6723321400E-5
3,1165829405E+4	-2,5088360200E-5
3,1166388801E+4	-2,3919427200E-5
3,1166939599E+4	-2,2409453600E-5
3,1167498216E+4	-2,1137348200E-5
3,1168050131E+4	-1,9566840900E-5
3,1168604814E+4	-1,8140922500E-5
3,1169154550E+4	-1,6709515700E-5
3,1169716619E+4	-1,5321923800E-5
3,1170267110E+4	-1,3858808900E-5
3,1170823693E+4	-1,2405656100E-5
3,1171376119E+4	-1,0998209100E-5
3,1171931323E+4	-9,4191925600E-6
3,1172481802E+4	-8,1836379800E-6
3,1173044506E+4	-6,6971629000E-6
3,1173595476E+4	-5,3042670300E-6
3,1174152485E+4	-3,8297833600E-6
3,1174704869E+4	-2,3375201200E-6
3,1175263737E+4	-1,1981275100E-6
3,1175813566E+4	2,2221026800E-7
3,1176374088E+4	1,6538937800E-6
3,1176926360E+4	3,0707494300E-6
3,1177484636E+4	4,5227491800E-6
3,1178036808E+4	5,8286611200E-6
3,1178590719E+4	7,2877173600E-6
3,1179142788E+4	8,3722953300E-6
3,1179700500E+4	9,7846080800E-6
3,1180250442E+4	1,1114664300E-5
3,1180812349E+4	1,2437756300E-5
3,1181362550E+4	1,3787759700E-5
3,1181920507E+4	1,5005488600E-5
3,1182470591E+4	1,6356529800E-5
3,1183029603E+4	1,7833227300E-5
3,1183580638E+4	1,9148709300E-5
3,1184141254E+4	2,0517045800E-5
3,1184692624E+4	2,1954356100E-5
3,1185246784E+4	2,3202939800E-5
3,1185800068E+4	2,4662318900E-5
3,1186354659E+4	2,6094671100E-5
3,1186906057E+4	2,7399568400E-5
3,1187464901E+4	2,8548600300E-5
3,1188015723E+4	2,9881677400E-5
3,1188573251E+4	3,1134804000E-5
3,1189125200E+4	3,2598495400E-5
3,1189681334E+4	3,3889464200E-5
3,1190231563E+4	3,5213962800E-5
3,1190791501E+4	3,6556748400E-5
3,1191342632E+4	3,8023991100E-5
3,1191900995E+4	3,9234686500E-5
3,1192452669E+4	4,0528653200E-5
3,1193008704E+4	4,1942119000E-5
3,1193558839E+4	4,3120368400E-5
3,1194120423E+4	4,4658637200E-5
3,1194672336E+4	4,5920042500E-5
3,1195230641E+4	4,7139155000E-5
3,1195781957E+4	4,8656969200E-5
3,1196341981E+4	4,9878157200E-5
3,1196892739E+4	5,1211095900E-5
3,1197452524E+4	5,2443030000E-5
3,1198003145E+4	5,3846418400E-5
3,1198559642E+4	5,5198658700E-5
3,1199111648E+4	5,6577349400E-5
3,1199663447E+4	5,7858517500E-5
3,1200220088E+4	5,9371258400E-5
3,1200770621E+4	6,0881347400E-5
3,1201327676E+4	6,1974365400E-5
3,1201878328E+4	6,3243104000E-5
3,1202429283E+4	6,4650297300E-5
3,1202987005E+4	6,5989047300E-5
3,1203539072E+4	6,7102243300E-5
3,1204098274E+4	6,8545779800E-5
3,1204649719E+4	6,9784655100E-5
3,1205208928E+4	7,0981260700E-5
3,1205761211E+4	7,2391728600E-5
3,1206319611E+4	7,3808399700E-5
3,1206869878E+4	7,5131238000E-5
3,1207428880E+4	7,6536033100E-5
3,1207981090E+4	7,7670421600E-5
3,1208533641E+4	7,8968124000E-5
3,1209084460E+4	8,0360258900E-5
3,1209644744E+4	8,1610018700E-5
3,1210197575E+4	8,2986195800E-5
3,1210753755E+4	8,4374825500E-5
3,1211305933E+4	8,5461824800E-5
3,1211862692E+4	8,6855550800E-5
3,1212413600E+4	8,8164114700E-5
3,1212975083E+4	8,9529061400E-5
3,1213526886E+4	9,0874037700E-5
3,1214080707E+4	9,2285312700E-5
3,1214631992E+4	9,3527139700E-5
3,1215188713E+4	9,4838194200E-5
3,1215739853E+4	9,6125150400E-5
3,1216301123E+4	9,7488136900E-5
3,1216851961E+4	9,8862146300E-5
3,1217408652E+4	9,9936277900E-5
3,1217959315E+4	1,0132331600E-4
3,1218509622E+4	1,0260314700E-4
3,1219067526E+4	1,0396359700E-4
3,1219618823E+4	1,0533993500E-4
3,1220174320E+4	1,0654304400E-4
3,1220725568E+4	1,0793005900E-4
3,1221283588E+4	1,0922753100E-4
3,1221834341E+4	1,1061498500E-4
3,1222395532E+4	1,1197169900E-4
3,1222945760E+4	1,1343698100E-4
3,1223502542E+4	1,1466746300E-4
3,1224052629E+4	1,1609557200E-4
3,1224612490E+4	1,1734046600E-4
3,1225165296E+4	1,1875019600E-4
3,1225724223E+4	1,2005786100E-4
3,1226276266E+4	1,2144289300E-4
3,1226833542E+4	1,2254612700E-4
3,1227384254E+4	1,2389186400E-4
3,1227944505E+4	1,2518889800E-4
3,1228496785E+4	1,2666591800E-4
3,1229055425E+4	1,2795444200E-4
3,1229606944E+4	1,2942931800E-4
3,1230165112E+4	1,3060129500E-4
3,1230717317E+4	1,3210681800E-4
3,1231270784E+4	1,3327448300E-4
3,1231821376E+4	1,3461154900E-4
3,1232379304E+4	1,3575613000E-4
3,1232931674E+4	1,3727350700E-4
3,1233486020E+4	1,3839064600E-4
3,1234036480E+4	1,3966817000E-4
3,1234587697E+4	1,4117115700E-4
3,1235145666E+4	1,4238796300E-4
3,1235697369E+4	1,4367436600E-4
3,1236252543E+4	1,4478751600E-4
3,1236804813E+4	1,4609310500E-4
3,1237362525E+4	1,4744988800E-4
3,1237913825E+4	1,4870539000E-4
3,1238474640E+4	1,4993232000E-4
3,1239024829E+4	1,5131052600E-4
3,1239585912E+4	1,5255152300E-4
3,1240136766E+4	1,5394582600E-4
3,1240696682E+4	1,5518765300E-4
3,1241247926E+4	1,5659194100E-4
3,1241807927E+4	1,5779495700E-4
3,1242358621E+4	1,5912759600E-4
3,1242916353E+4	1,6018134200E-4
3,1243466583E+4	1,6145388600E-4
3,1244023166E+4	1,6279858500E-4
3,1244573598E+4	1,6390606200E-4
3,1245136074E+4	1,6517673800E-4
3,1245686810E+4	1,6639174600E-4
3,1246245985E+4	1,6778743200E-4
3,1246797770E+4	1,6879724800E-4
3,1247355668E+4	1,7016159500E-4
3,1247906871E+4	1,7150924600E-4
3,1248467697E+4	1,7276493300E-4
3,1249018347E+4	1,7405391800E-4
3,1249573642E+4	1,7517241800E-4
3,1250125388E+4	1,7644373900E-4
3,1250681793E+4	1,7780580300E-4
3,1251233320E+4	1,7904294900E-4
3,1251790462E+4	1,8035990700E-4
3,1252341750E+4	1,8143378500E-4
3,1252897528E+4	1,8268451300E-4
3,1253449345E+4	1,8407473400E-4
3,1254000689E+4	1,8526903400E-4
3,1254556540E+4	1,8657139400E-4
3,1255106772E+4	1,8791680900E-4
3,1255666601E+4	1,8903074300E-4
3,1256218573E+4	1,9037403600E-4
3,1256776479E+4	1,9151146800E-4
3,1257328109E+4	1,9303110400E-4
3,1257889423E+4	1,9423580400E-4
3,1258439715E+4	1,9542687500E-4
3,1258995586E+4	1,9657230900E-4
3,1259546903E+4	1,9811908700E-4
3,1260104138E+4	1,9917230300E-4
3,1260655035E+4	2,0057082600E-4
3,1261215769E+4	2,0188268700E-4
3,1261766563E+4	2,0283224600E-4
3,1262323371E+4	2,0425728900E-4
3,1262874434E+4	2,0543210200E-4
3,1263433276E+4	2,0652768000E-4
3,1263983629E+4	2,0793609500E-4
3,1264541845E+4	2,0901924400E-4
3,1265092859E+4	2,1052294500E-4
3,1265654771E+4	2,1183471400E-4
3,1266206241E+4	2,1309519700E-4
3,1266764858E+4	2,1430644600E-4
3,1267315559E+4	2,1552417500E-4
3,1267875695E+4	2,1691857000E-4
3,1268427309E+4	2,1808464300E-4
3,1268987667E+4	2,1947756200E-4
3,1269538685E+4	2,2068855700E-4
3,1270097630E+4	2,2196151600E-4
3,1270648845E+4	2,2324243000E-4
3,1271210979E+4	2,2444766000E-4
3,1271761643E+4	2,2573911400E-4
3,1272317828E+4	2,2693726400E-4
3,1272869374E+4	2,2816936000E-4
3,1273419831E+4	2,2932466400E-4
3,1273978974E+4	2,3067771100E-4
3,1274528648E+4	2,3196778100E-4
3,1275088509E+4	2,3311886500E-4
3,1275639661E+4	2,3431321100E-4
3,1276195627E+4	2,3533833900E-4
3,1276747013E+4	2,3683763600E-4
3,1277308204E+4	2,3793395100E-4
3,1277859561E+4	2,3913655300E-4
3,1278414285E+4	2,4038100800E-4
3,1278964887E+4	2,4170640700E-4
3,1279518194E+4	2,4274647800E-4
3,1280073867E+4	2,4415012000E-4
3,1280626366E+4	2,4533252000E-4
3,1281180642E+4	2,4646672400E-4
3,1281730608E+4	2,4766648900E-4
3,1282290756E+4	2,4879965500E-4
3,1282842413E+4	2,5028407800E-4
3,1283401517E+4	2,5130586200E-4
3,1283951732E+4	2,5259948300E-4
3,1284510788E+4	2,5378638000E-4
3,1285061873E+4	2,5512305500E-4
3,1285612613E+4	2,5627642200E-4
3,1286170791E+4	2,5754975000E-4
3,1286722285E+4	2,5885547700E-4
3,1287276470E+4	2,6002092800E-4
3,1287827763E+4	2,6145999100E-4
3,1288386588E+4	2,6248076100E-4
3,1288937734E+4	2,6392492000E-4
3,1289497402E+4	2,6519077600E-4
3,1290047598E+4	2,6645218100E-4
3,1290605317E+4	2,6773602400E-4
3,1291156853E+4	2,6889942300E-4
3,1291714310E+4	2,7025189400E-4
3,1292265458E+4	2,7135842500E-4
3,1292822618E+4	2,7260880800E-4
3,1293374426E+4	2,7385859100E-4
3,1293930547E+4	2,7497965000E-4
3,1294480823E+4	2,7621986300E-4
3,1295041433E+4	2,7742813700E-4
3,1295593503E+4	2,7878489700E-4
3,1296150904E+4	2,7996476100E-4
3,1296702482E+4	2,8087643200E-4
3,1297259790E+4	2,8210742000E-4
3,1297810617E+4	2,8346941500E-4
3,1298368918E+4	2,8444166600E-4
3,1298920294E+4	2,8586869100E-4
3,1299474856E+4	2,8729629300E-4
3,1300026212E+4	2,8820517400E-4
3,1300584071E+4	2,8952884200E-4
3,1301136699E+4	2,9067501500E-4
3,1301687647E+4	2,9199992800E-4
3,1302245096E+4	2,9312444700E-4
3,1302795881E+4	2,9445646300E-4
3,1303352094E+4	2,9563967100E-4
3,1303903854E+4	2,9670979000E-4
3,1304459822E+4	2,9788912300E-4
3,1305010528E+4	2,9911810500E-4
3,1305571296E+4	3,0035675000E-4
3,1306122582E+4	3,0169836000E-4
3,1306678056E+4	3,0290829400E-4
3,1307229203E+4	3,0401614000E-4
3,1307780851E+4	3,0543936000E-4
3,1308337780E+4	3,0664724200E-4
3,1308888789E+4	3,0793205400E-4
3,1309443761E+4	3,0904375100E-4
3,1309995112E+4	3,1020463600E-4
3,1310555138E+4	3,1153736700E-4
3,1311106634E+4	3,1266594500E-4
3,1311664672E+4	3,1398371000E-4
3,1312214787E+4	3,1529737000E-4
3,1312772481E+4	3,1648793400E-4
3,1313324421E+4	3,1772166600E-4
3,1313880774E+4	3,1920366800E-4
3,1314432107E+4	3,2018657200E-4
3,1314992533E+4	3,2152359300E-4
3,1315543922E+4	3,2261787900E-4
3,1316100773E+4	3,2393502200E-4
3,1316652559E+4	3,2532402000E-4
3,1317210571E+4	3,2634670400E-4
3,1317761964E+4	3,2779003300E-4
3,1318319816E+4	3,2883921300E-4
3,1318871603E+4	3,3003272900E-4
3,1319427830E+4	3,3124074900E-4
3,1319979183E+4	3,3237204800E-4
3,1320535533E+4	3,3365792000E-4
3,1321088344E+4	3,3471288800E-4
3,1321646781E+4	3,3595918900E-4
3,1322198554E+4	3,3708647500E-4
3,1322754522E+4	3,3827920600E-4
3,1323306306E+4	3,3968158000E-4
3,1323861596E+4	3,4065938800E-4
3,1324413645E+4	3,4196078000E-4
3,1324974557E+4	3,4316354300E-4
3,1325524678E+4	3,4442211200E-4
3,1326082054E+4	3,4559581900E-4
3,1326632484E+4	3,4659874000E-4
3,1327189886E+4	3,4774708000E-4
3,1327741645E+4	3,4894758200E-4
3,1328300098E+4	3,5019568200E-4
3,1328852446E+4	3,5151808200E-4
3,1329410514E+4	3,5265509900E-4
3,1329960771E+4	3,5377606700E-4
3,1330511396E+4	3,5500924600E-4
3,1331068501E+4	3,5604221500E-4
3,1331619754E+4	3,5738912800E-4
3,1332175433E+4	3,5848440600E-4
3,1332726765E+4	3,5976093900E-4
3,1333278055E+4	3,6073182900E-4
3,1333835634E+4	3,6215389700E-4
3,1334385774E+4	3,6316539600E-4
3,1334941160E+4	3,6445772500E-4
3,1335492696E+4	3,6548031700E-4
3,1336051371E+4	3,6666486200E-4
3,1336601688E+4	3,6790258400E-4
3,1337162292E+4	3,6911447900E-4
3,1337712756E+4	3,7031514300E-4
3,1338268523E+4	3,7126288000E-4
3,1338818928E+4	3,7247848800E-4
3,1339370297E+4	3,7370645500E-4
3,1339929368E+4	3,7478759700E-4
3,1340479825E+4	3,7608836700E-4
3,1341035111E+4	3,7699837700E-4
3,1341586479E+4	3,7828452700E-4
3,1342144640E+4	3,7949121000E-4
3,1342694552E+4	3,8061236100E-4
3,1343254206E+4	3,8168298800E-4
3,1343804557E+4	3,8272497300E-4
3,1344363338E+4	3,8391664400E-4
3,1344914416E+4	3,8512088200E-4
3,1345464942E+4	3,8626142800E-4
3,1346020749E+4	3,8730666500E-4
3,1346573431E+4	3,8855783100E-4
3,1347129438E+4	3,8938973600E-4
3,1347680256E+4	3,9084208200E-4
3,1348239405E+4	3,9187751800E-4
3,1348790892E+4	3,9321352400E-4
3,1349348401E+4	3,9451048800E-4
3,1349899306E+4	3,9565903600E-4
3,1350458362E+4	3,9670787000E-4
3,1351010020E+4	3,9776373800E-4
3,1351568735E+4	3,9897925300E-4
3,1352119635E+4	4,0018748100E-4
3,1352680867E+4	4,0122752900E-4
3,1353232071E+4	4,0260230000E-4
3,1353786731E+4	4,0370281300E-4
3,1354336570E+4	4,0471198300E-4
3,1354896360E+4	4,0583525600E-4
3,1355447355E+4	4,0699791700E-4
3,1356007820E+4	4,0815582700E-4
3,1356560190E+4	4,0925643200E-4
3,1357117327E+4	4,1042179100E-4
3,1357669222E+4	4,1150249400E-4
3,1358225744E+4	4,1276770500E-4
3,1358777888E+4	4,1391113300E-4
3,1359337285E+4	4,1509823800E-4
3,1359888560E+4	4,1608390900E-4
3,1360445153E+4	4,1727726300E-4
3,1360997780E+4	4,1861296900E-4
3,1361554305E+4	4,1984412000E-4
3,1362104815E+4	4,2094880600E-4
3,1362664287E+4	4,2203264600E-4
3,1363216327E+4	4,2312783200E-4
3,1363771837E+4	4,2467827700E-4
3,1364322821E+4	4,2548474600E-4
3,1364874672E+4	4,2659194600E-4
3,1365430605E+4	4,2786421300E-4
3,1365981852E+4	4,2904686700E-4
3,1366539101E+4	4,3037766100E-4
3,1367091704E+4	4,3138964500E-4
3,1367646917E+4	4,3237976700E-4
3,1368197825E+4	4,3354263600E-4
3,1368758549E+4	4,3481112000E-4
3,1369309807E+4	4,3590605300E-4
3,1369867069E+4	4,3707978200E-4
3,1370419140E+4	4,3812947000E-4
3,1370970785E+4	4,3934957400E-4
3,1371524776E+4	4,4067271200E-4
3,1372076629E+4	4,4170773300E-4
3,1372632433E+4	4,4280716200E-4
3,1373183435E+4	4,4408572400E-4
3,1373742392E+4	4,4534074200E-4
3,1374294305E+4	4,4636397900E-4
3,1374852046E+4	4,4739208200E-4
3,1375403654E+4	4,4862761400E-4
3,1375960697E+4	4,4977885900E-4
3,1376513106E+4	4,5121856800E-4
3,1377064755E+4	4,5210192000E-4
3,1377617631E+4	4,5314482800E-4
3,1378171709E+4	4,5430767300E-4
3,1378723910E+4	4,5558134700E-4
3,1379282761E+4	4,5686701200E-4
3,1379833422E+4	4,5809666300E-4
3,1380389562E+4	4,5937656300E-4
3,1380940042E+4	4,6046423100E-4
3,1381491097E+4	4,6138600200E-4
3,1382049707E+4	4,6243405200E-4
3,1382600645E+4	4,6363310200E-4
3,1383156477E+4	4,6461420800E-4
3,1383707829E+4	4,6589376200E-4
3,1384266473E+4	4,6713748000E-4
3,1384816703E+4	4,6829393700E-4
3,1385375389E+4	4,6944054800E-4
3,1385925504E+4	4,7060355400E-4
3,1386485190E+4	4,7154036100E-4
3,1387035547E+4	4,7289841300E-4
3,1387586784E+4	4,7404592300E-4
3,1388144306E+4	4,7504254800E-4
3,1388694839E+4	4,7609106000E-4
3,1389252655E+4	4,7721760800E-4
3,1389804803E+4	4,7821093500E-4
3,1390364487E+4	4,7926013900E-4
3,1390916010E+4	4,8031921200E-4
3,1391475549E+4	4,8150802300E-4
3,1392025549E+4	4,8270935600E-4
3,1392580847E+4	4,8377525500E-4
3,1393132536E+4	4,8496224400E-4
3,1393690832E+4	4,8632278600E-4
3,1394241084E+4	4,8723367300E-4
3,1394804540E+4	4,8841344500E-4
3,1395355885E+4	4,8965704700E-4
3,1395911857E+4	4,9070320700E-4
3,1396462193E+4	4,9185076300E-4
3,1397020640E+4	4,9300839600E-4
3,1397572750E+4	4,9417539200E-4
3,1398130786E+4	4,9524034600E-4
3,1398681724E+4	4,9653182200E-4
3,1399237526E+4	4,9780683300E-4
3,1399789365E+4	4,9892321100E-4
3,1400339697E+4	4,9998738100E-4
3,1400897047E+4	5,0118739900E-4
3,1401448242E+4	5,0202656800E-4
3,1402007161E+4	5,0333587000E-4
3,1402558284E+4	5,0437780900E-4
3,1403119014E+4	5,0573761300E-4
3,1403670026E+4	5,0689831400E-4
3,1404228735E+4	5,0807688600E-4
3,1404779837E+4	5,0919052000E-4
3,1405338372E+4	5,1018636200E-4
3,1405889559E+4	5,1124947000E-4
3,1406445328E+4	5,1248663900E-4
3,1406996961E+4	5,1357949600E-4
3,1407556610E+4	5,1481034600E-4
3,1408108479E+4	5,1584543600E-4
3,1408662545E+4	5,1719255700E-4
3,1409214826E+4	5,1828806600E-4
3,1409769857E+4	5,1939773400E-4
3,1410321055E+4	5,2044481500E-4
3,1410881727E+4	5,2148345700E-4
3,1411432793E+4	5,2256545200E-4
3,1411989360E+4	5,2376406400E-4
3,1412540828E+4	5,2492197400E-4
3,1413098472E+4	5,2624887100E-4
3,1413649272E+4	5,2721256600E-4
3,1414208042E+4	5,2837222900E-4
3,1414759663E+4	5,2965588800E-4
3,1415316649E+4	5,3058972000E-4
3,1415867804E+4	5,3177832300E-4
3,1416424329E+4	5,3285621400E-4
3,1416974728E+4	5,3395469700E-4
3,1417534611E+4	5,3497922600E-4
3,1418085632E+4	5,3607014500E-4
3,1418643532E+4	5,3734852300E-4
3,1419194813E+4	5,3841986400E-4
3,1419745833E+4	5,3943655300E-4
3,1420302703E+4	5,4063110600E-4
3,1420854038E+4	5,4183993300E-4
3,1421409006E+4	5,4292179000E-4
3,1421959755E+4	5,4387554600E-4
3,1422512624E+4	5,4510531300E-4
3,1423068478E+4	5,4608907000E-4
3,1423618534E+4	5,4708479700E-4
3,1424176465E+4	5,4829005000E-4
3,1424726819E+4	5,4944544600E-4
3,1425284245E+4	5,5048295800E-4
3,1425834754E+4	5,5156059500E-4
3,1426396301E+4	5,5269844200E-4
3,1426947263E+4	5,5368503700E-4
3,1427505772E+4	5,5468592800E-4
3,1428055627E+4	5,5579384300E-4
3,1428607037E+4	5,5684120200E-4
3,1429165600E+4	5,5806965400E-4
3,1429715500E+4	5,5886281700E-4
3,1430275709E+4	5,6004111300E-4
3,1430826601E+4	5,6120628700E-4
3,1431386347E+4	5,6245560900E-4
3,1431936661E+4	5,6337016200E-4
3,1432498805E+4	5,6462649400E-4
3,1433049787E+4	5,6569506800E-4
3,1433605326E+4	5,6674936800E-4
3,1434156820E+4	5,6805242000E-4
3,1434714125E+4	5,6902670000E-4
3,1435265047E+4	5,7018016000E-4
3,1435825046E+4	5,7124202300E-4
3,1436376805E+4	5,7241162500E-4
3,1436931547E+4	5,7341784400E-4
3,1437482304E+4	5,7464389700E-4
3,1438033613E+4	5,7571438500E-4
3,1438590656E+4	5,7682758100E-4
3,1439142543E+4	5,7809814200E-4
3,1439697260E+4	5,7911655900E-4
3,1440247677E+4	5,7999172600E-4
3,1440806870E+4	5,8060130500E-4
3,1441359402E+4	5,8099402400E-4
3,1441918693E+4	5,8108661200E-4
3,1442469845E+4	5,8106765600E-4
3,1443027389E+4	5,8122585000E-4
3,1443577714E+4	5,8099254800E-4
3,1444128948E+4	5,8063492700E-4
3,1444684583E+4	5,8066084700E-4
3,1445235717E+4	5,8031035200E-4
3,1445791786E+4	5,7997230900E-4
3,1446341597E+4	5,7937499800E-4
3,1446892760E+4	5,7930696900E-4
3,1447452427E+4	5,7888595500E-4
3,1448003698E+4	5,7856234800E-4
3,1448558383E+4	5,7829616200E-4
3,1449109643E+4	5,7816628500E-4
3,1449666803E+4	5,7761193600E-4
3,1450217903E+4	5,7724414500E-4
3,1450777174E+4	5,7680887900E-4
3,1451328079E+4	5,7650920900E-4
3,1451884750E+4	5,7613938900E-4
3,1452437798E+4	5,7583808200E-4
3,1452993737E+4	5,7523604300E-4
3,1453544211E+4	5,7502365700E-4
3,1454105580E+4	5,7475673200E-4
3,1454656931E+4	5,7455105600E-4
3,1455213671E+4	5,7429268700E-4
3,1455764897E+4	5,7377786300E-4
3,1456316451E+4	5,7347632500E-4
3,1456871962E+4	5,7320751000E-4
3,1457424437E+4	5,7270564500E-4
3,1457980578E+4	5,7226535300E-4
3,1458532438E+4	5,7183059500E-4
3,1459088346E+4	5,7155416900E-4
3,1459639848E+4	5,7124610500E-4
3,1460197674E+4	5,7093059200E-4
3,1460748659E+4	5,7057444700E-4
3,1461306225E+4	5,7011323800E-4
3,1461856750E+4	5,6976477200E-4
3,1462409413E+4	5,6917389500E-4
3,1462967302E+4	5,6886961300E-4
3,1463517438E+4	5,6841785900E-4
3,1464074819E+4	5,6796778900E-4
3,1464626954E+4	5,6764212900E-4
3,1465182714E+4	5,6725734300E-4
3,1465734037E+4	5,6666720400E-4
3,1466293948E+4	5,6658358600E-4
3,1466845873E+4	5,6621120700E-4
3,1467400823E+4	5,6600317900E-4
3,1467953346E+4	5,6549670200E-4
3,1468505311E+4	5,6520478100E-4
3,1469058750E+4	5,6474073600E-4
3,1469609851E+4	5,6444383300E-4
3,1470168462E+4	5,6393488900E-4
3,1470719301E+4	5,6363969200E-4
3,1471269831E+4	5,6344028900E-4
3,1471825814E+4	5,6301284100E-4
3,1472377251E+4	5,6268335300E-4
3,1472932832E+4	5,6248535700E-4
3,1473485189E+4	5,6218612500E-4
3,1474044167E+4	5,6185193300E-4
3,1474596075E+4	5,6150789400E-4
3,1475153224E+4	5,6111037900E-4
3,1475703969E+4	5,6089630900E-4
3,1476264709E+4	5,6052319100E-4
3,1476816498E+4	5,6006993800E-4
3,1477374062E+4	5,5990012100E-4
3,1477924652E+4	5,5962106700E-4
3,1478487027E+4	5,5936433500E-4
3,1479040280E+4	5,5907425800E-4
3,1479594767E+4	5,5879605700E-4
3,1480145116E+4	5,5857131000E-4
3,1480695556E+4	5,5812608300E-4
3,1481252830E+4	5,5790684700E-4
3,1481804565E+4	5,5765528100E-4
3,1482359492E+4	5,5723103800E-4
3,1482911723E+4	5,5692922400E-4
3,1483467553E+4	5,5685190200E-4
3,1484019328E+4	5,5631012000E-4
3,1484578044E+4	5,5600489300E-4
3,1485129813E+4	5,5575125100E-4
3,1485689048E+4	5,5541189400E-4
3,1486239737E+4	5,5504186600E-4
3,1486799868E+4	5,5481536700E-4
3,1487351587E+4	5,5437380500E-4
3,1487911103E+4	5,5406207500E-4
3,1488462478E+4	5,5369732800E-4
3,1489017496E+4	5,5345966700E-4
3,1489568565E+4	5,5326676700E-4
3,1490125530E+4	5,5295109200E-4
3,1490678486E+4	5,5280871700E-4
3,1491236215E+4	5,5258445500E-4
3,1491788589E+4	5,5249943100E-4
3,1492343668E+4	5,5210274500E-4
3,1492896389E+4	5,5190052900E-4
3,1493451737E+4	5,5139963300E-4
3,1494002473E+4	5,5108105300E-4
3,1494564394E+4	5,5066361300E-4
3,1495117126E+4	5,5038557400E-4
3,1495672332E+4	5,5028224000E-4
3,1496223594E+4	5,4988638500E-4
3,1496780331E+4	5,4967720400E-4
3,1497331871E+4	5,4934840800E-4
3,1497886764E+4	5,4876705500E-4
3,1498437653E+4	5,4880272900E-4
3,1498993175E+4	5,4828188600E-4
3,1499543575E+4	5,4807097600E-4
3,1500093888E+4	5,4773830600E-4
3,1500651580E+4	5,4750618000E-4
3,1501204413E+4	5,4718866100E-4
3,1501762964E+4	5,4708131500E-4
3,1502313937E+4	5,4666620400E-4
3,1502875255E+4	5,4643928900E-4
3,1503426511E+4	5,4609310600E-4
3,1503985758E+4	5,4574157300E-4
3,1504536869E+4	5,4559998200E-4
3,1505095055E+4	5,4520652500E-4
3,1505646327E+4	5,4512685100E-4
3,1506200949E+4	5,4493655600E-4
3,1506752578E+4	5,4452610400E-4
3,1507311898E+4	5,4416064200E-4
3,1507863428E+4	5,4392466500E-4
3,1508417623E+4	5,4351808700E-4
3,1508970452E+4	5,4334681700E-4
3,1509525650E+4	5,4301334000E-4
3,1510076893E+4	5,4281873300E-4
3,1510634018E+4	5,4260918300E-4
3,1511187753E+4	5,4232369500E-4
3,1511741856E+4	5,4178691700E-4
3,1512292533E+4	5,4149082100E-4
3,1512843283E+4	5,4139067000E-4
3,1513400609E+4	5,4093418900E-4
3,1513950677E+4	5,4065520400E-4
3,1514507358E+4	5,4031801400E-4
3,1515057590E+4	5,4001234800E-4
3,1515616865E+4	5,3970061700E-4
3,1516167616E+4	5,3959537000E-4
3,1516727137E+4	5,3906052900E-4
3,1517278550E+4	5,3872025000E-4
3,1517834706E+4	5,3828408500E-4
3,1518385572E+4	5,3777634000E-4
3,1518936696E+4	5,3752943200E-4
3,1519494614E+4	5,3719874600E-4
3,1520047284E+4	5,3659776800E-4
3,1520603090E+4	5,3635743200E-4
3,1521154357E+4	5,3607983100E-4
3,1521713687E+4	5,3566310600E-4
3,1522265616E+4	5,3516744500E-4
3,1522825738E+4	5,3496688800E-4
3,1523377785E+4	5,3461270300E-4
3,1523933467E+4	5,3404064300E-4
3,1524485112E+4	5,3376908400E-4
3,1525041821E+4	5,3326189300E-4
3,1525594288E+4	5,3298263100E-4
3,1526154415E+4	5,3254863400E-4
3,1526704892E+4	5,3219726200E-4
3,1527261662E+4	5,3189835300E-4
3,1527812726E+4	5,3137151400E-4
3,1528370703E+4	5,3122208300E-4
3,1528921491E+4	5,3071929600E-4
3,1529476474E+4	5,3035076700E-4
3,1530028160E+4	5,3004556300E-4
3,1530584602E+4	5,2975188800E-4
3,1531136698E+4	5,2939489000E-4
3,1531689105E+4	5,2909429700E-4
3,1532243810E+4	5,2886521500E-4
3,1532795668E+4	5,2836777800E-4
3,1533350950E+4	5,2793601800E-4
3,1533902225E+4	5,2797681200E-4
3,1534460134E+4	5,2759626900E-4
3,1535010795E+4	5,2737650300E-4
3,1535569271E+4	5,2692855400E-4
3,1536119575E+4	5,2659297900E-4
3,1536678536E+4	5,2642403800E-4
3,1537229805E+4	5,2602871300E-4
3,1537782267E+4	5,2557160900E-4
3,1538336219E+4	5,2522323600E-4
3,1538886592E+4	5,2489091200E-4
3,1539444738E+4	5,2446574700E-4
3,1539996827E+4	5,2421272800E-4
3,1540554345E+4	5,2396492000E-4
3,1541106160E+4	5,2342629800E-4
3,1541664596E+4	5,2312459800E-4
3,1542215753E+4	5,2282917100E-4
3,1542774792E+4	5,2249620200E-4
3,1543325788E+4	5,2238242200E-4
3,1543887296E+4	5,2186178600E-4
3,1544438086E+4	5,2136400400E-4
3,1544997321E+4	5,2109043800E-4
3,1545547447E+4	5,2086785900E-4
3,1546107793E+4	5,2047945200E-4
3,1546658622E+4	5,2017920500E-4
3,1547219284E+4	5,1986129400E-4
3,1547770438E+4	5,1958111000E-4
3,1548329639E+4	5,1935532500E-4
3,1548879902E+4	5,1907705500E-4
3,1549441013E+4	5,1870993300E-4
3,1549991853E+4	5,1837825500E-4
3,1550549451E+4	5,1818399400E-4
3,1551101212E+4	5,1794935400E-4
3,1551654980E+4	5,1775394000E-4
3,1552210970E+4	5,1751427300E-4
3,1552768282E+4	5,1706005200E-4
3,1553319011E+4	5,1698226900E-4
3,1553876925E+4	5,1663832300E-4
3,1554429217E+4	5,1628007900E-4
3,1554987142E+4	5,1612587400E-4
3,1555538966E+4	5,1567981600E-4
3,1556098907E+4	5,1540574300E-4
3,1556650582E+4	5,1527130100E-4
3,1557209897E+4	5,1490235700E-4
3,1557760633E+4	5,1458802000E-4
3,1558322401E+4	5,1438455800E-4
3,1558874293E+4	5,1431546900E-4
3,1559431435E+4	5,1394880800E-4
3,1559982564E+4	5,1376397900E-4
3,1560539455E+4	5,1374788300E-4
3,1561091295E+4	5,1334045100E-4
3,1561646392E+4	5,1312375300E-4
3,1562198462E+4	5,1305254200E-4
3,1562757645E+4	5,1295628800E-4
3,1563310115E+4	5,1243844300E-4
3,1563867231E+4	5,1236278200E-4
3,1564417598E+4	5,1222575600E-4
3,1564974232E+4	5,1202148700E-4
3,1565525849E+4	5,1184602000E-4
3,1566087194E+4	5,1141465200E-4
3,1566638591E+4	5,1108804700E-4
3,1567193807E+4	5,1081496600E-4
3,1567745719E+4	5,1058922700E-4
3,1568302474E+4	5,1030362400E-4
3,1568853949E+4	5,1003755300E-4
3,1569408825E+4	5,0994222100E-4
3,1569961148E+4	5,0967817900E-4
3,1570516607E+4	5,0929901900E-4
3,1571067280E+4	5,0914202400E-4
3,1571619273E+4	5,0908817800E-4
3,1572177374E+4	5,0877999800E-4
3,1572728501E+4	5,0860925900E-4
3,1573283874E+4	5,0845819000E-4
3,1573834556E+4	5,0801296200E-4
3,1574392317E+4	5,0787284700E-4
3,1574944625E+4	5,0761786800E-4
3,1575501771E+4	5,0730710600E-4
3,1576054347E+4	5,0676576200E-4
3,1576609915E+4	5,0666215200E-4
3,1577162382E+4	5,0631458500E-4
3,1577712451E+4	5,0630948900E-4
3,1578268497E+4	5,0586797400E-4
3,1578820367E+4	5,0553256000E-4
3,1579375729E+4	5,0528611300E-4
3,1579926564E+4	5,0516564500E-4
3,1580486256E+4	5,0471232400E-4
3,1581037340E+4	5,0443587500E-4
3,1581594503E+4	5,0427535200E-4
3,1582146202E+4	5,0376869100E-4
3,1582703957E+4	5,0365378100E-4
3,1583255248E+4	5,0331315500E-4
3,1583811736E+4	5,0297326800E-4
3,1584364054E+4	5,0272091700E-4
3,1584922728E+4	5,0240358300E-4
3,1585473851E+4	5,0215803500E-4
3,1586032294E+4	5,0193271200E-4
3,1586582825E+4	5,0152092200E-4
3,1587138858E+4	5,0108953100E-4
3,1587689561E+4	5,0093539500E-4
3,1588250558E+4	5,0070640500E-4
3,1588801666E+4	5,0034931400E-4
3,1589360744E+4	5,0008755500E-4
3,1589910856E+4	4,9975078100E-4
3,1590473376E+4	4,9938787900E-4
3,1591024221E+4	4,9905744600E-4
3,1591582425E+4	4,9885204700E-4
3,1592134710E+4	4,9862222600E-4
3,1592690914E+4	4,9820589300E-4
3,1593242386E+4	4,9777775400E-4
3,1593798507E+4	4,9722061400E-4
3,1594349549E+4	4,9717702900E-4
3,1594915992E+4	4,9682934700E-4
3,1595466590E+4	4,9648586200E-4
3,1596018972E+4	4,9611583500E-4
3,1596569705E+4	4,9571133200E-4
3,1597125649E+4	4,9552002200E-4
3,1597676984E+4	4,9523951500E-4
3,1598237704E+4	4,9506529400E-4
3,1598790363E+4	4,9479993800E-4
3,1599346254E+4	4,9462668500E-4
3,1599896446E+4	4,9415083300E-4
3,1600454428E+4	4,9384761100E-4
3,1601005457E+4	4,9368153000E-4
3,1601566360E+4	4,9332566100E-4
3,1602116702E+4	4,9321640100E-4
3,1602673524E+4	4,9292886100E-4
3,1603224357E+4	4,9264828400E-4
3,1603782401E+4	4,9239694900E-4
3,1604332798E+4	4,9205480100E-4
3,1604892705E+4	4,9183337500E-4
3,1605443317E+4	4,9162975200E-4
3,1606002398E+4	4,9118251800E-4
3,1606553488E+4	4,9095661800E-4
3,1607110275E+4	4,9082028400E-4
3,1607660689E+4	4,9037102100E-4
3,1608221433E+4	4,9019850600E-4
3,1608771818E+4	4,8995494200E-4
3,1609329969E+4	4,8954174500E-4
3,1609882170E+4	4,8939003100E-4
3,1610438738E+4	4,8901419200E-4
3,1610990184E+4	4,8878220400E-4
3,1611549237E+4	4,8840733400E-4
3,1612102303E+4	4,8813616600E-4
3,1612657800E+4	4,8796418100E-4
3,1613209527E+4	4,8756924900E-4
3,1613765199E+4	4,8723270500E-4
3,1614316815E+4	4,8714931800E-4
3,1614876799E+4	4,8690635400E-4
3,1615427745E+4	4,8654093800E-4
3,1615983917E+4	4,8645909700E-4
3,1616536675E+4	4,8601818100E-4
3,1617092210E+4	4,8580288900E-4
3,1617643459E+4	4,8535067400E-4
3,1618204439E+4	4,8516852000E-4
3,1618754662E+4	4,8488086400E-4
3,1619310547E+4	4,8471226900E-4
3,1619862192E+4	4,8446962700E-4
3,1620419325E+4	4,8435623900E-4
3,1620970805E+4	4,8391684600E-4
3,1621529393E+4	4,8346310900E-4
3,1622080055E+4	4,8321714600E-4
3,1622637119E+4	4,8292836100E-4
3,1623189385E+4	4,8266750100E-4
3,1623744374E+4	4,8245548400E-4
3,1624295629E+4	4,8216333100E-4
3,1624855044E+4	4,8199561300E-4
3,1625407463E+4	4,8173016400E-4
3,1625964368E+4	4,8147011200E-4
3,1626517053E+4	4,8114694300E-4
3,1627071234E+4	4,8094991500E-4
3,1627621406E+4	4,8040681800E-4
3,1628181944E+4	4,8024777100E-4
3,1628734572E+4	4,8008072100E-4
3,1629289832E+4	4,7981395800E-4
3,1629841467E+4	4,7967160600E-4
3,1630399603E+4	4,7925843200E-4
3,1630951966E+4	4,7888808200E-4
3,1631509028E+4	4,7864371000E-4
3,1632059620E+4	4,7855259900E-4
3,1632617822E+4	4,7816802000E-4
3,1633170543E+4	4,7814159300E-4
3,1633722099E+4	4,7768098400E-4
3,1634276971E+4	4,7747731400E-4
3,1634827418E+4	4,7717941900E-4
3,1635385842E+4	4,7679474900E-4
3,1635936577E+4	4,7667432700E-4
3,1636493551E+4	4,7656502100E-4
3,1637046035E+4	4,7621293400E-4
3,1637605336E+4	4,7608903000E-4
3,1638155764E+4	4,7570576600E-4
3,1638713525E+4	4,7554667200E-4
3,1639266273E+4	4,7496642600E-4
3,1639820288E+4	4,7487130100E-4
3,1640372108E+4	4,7446753600E-4
3,1640931239E+4	4,7427378300E-4
3,1641481652E+4	4,7411708700E-4
3,1642040571E+4	4,7387350000E-4
3,1642593383E+4	4,7368908600E-4
3,1643153317E+4	4,7345700500E-4
3,1643702912E+4	4,7306756100E-4
3,1644265575E+4	4,7287841900E-4
3,1644817660E+4	4,7251394900E-4
3,1645370703E+4	4,7209591000E-4
3,1645922790E+4	4,7205763000E-4
3,1646475394E+4	4,7176471600E-4
3,1647026172E+4	4,7135490900E-4
3,1647582329E+4	4,7129456000E-4
3,1648132530E+4	4,7089619100E-4
3,1648692249E+4	4,7082043800E-4
3,1649242592E+4	4,7050900700E-4
3,1649799669E+4	4,7025619500E-4
3,1650349966E+4	4,6986080100E-4
3,1650901511E+4	4,6955128400E-4
3,1651459350E+4	4,6924370400E-4
3,1652010544E+4	4,6877465500E-4
3,1652564558E+4	4,6860211700E-4
3,1653115435E+4	4,6844853400E-4
3,1653673631E+4	4,6815419100E-4
3,1654225388E+4	4,6791353300E-4
3,1654784650E+4	4,6755957800E-4
3,1655335852E+4	4,6743240000E-4
3,1655894573E+4	4,6711146800E-4
3,1656444771E+4	4,6678271800E-4
3,1656995767E+4	4,6657655800E-4
3,1657553165E+4	4,6639906200E-4
3,1658103922E+4	4,6598180700E-4
3,1658660550E+4	4,6576676800E-4
3,1659211739E+4	4,6536618600E-4
3,1659771950E+4	4,6516581400E-4
3,1660323201E+4	4,6483602600E-4
3,1660880590E+4	4,6476370900E-4
3,1661432457E+4	4,6433810600E-4
3,1661990282E+4	4,6416402200E-4
3,1662540738E+4	4,6379939100E-4
3,1663101835E+4	4,6368593400E-4
3,1663653538E+4	4,6338082100E-4
3,1664212553E+4	4,6316769700E-4
3,1664764046E+4	4,6296824700E-4
3,1665321460E+4	4,6260451500E-4
3,1665872640E+4	4,6232407700E-4
3,1666428324E+4	4,6234510800E-4
3,1666980172E+4	4,6217254700E-4
3,1667535187E+4	4,6184056900E-4
3,1668086071E+4	4,6161658300E-4
3,1668643280E+4	4,6129576700E-4
3,1669193859E+4	4,6109191200E-4
3,1669745128E+4	4,6082376600E-4
3,1670301737E+4	4,6056744900E-4
3,1670854051E+4	4,6031108600E-4
3,1671414525E+4	4,6013995500E-4
3,1671964694E+4	4,5990746000E-4
3,1672525688E+4	4,5988031800E-4
3,1673078327E+4	4,5939302800E-4
3,1673635550E+4	4,5933551500E-4
3,1674187514E+4	4,5896023000E-4
3,1674746527E+4	4,5865933700E-4
3,1675298341E+4	4,5852231200E-4
3,1675859672E+4	4,5838145900E-4
3,1676409746E+4	4,5809825400E-4
3,1676971666E+4	4,5762600000E-4
3,1677522179E+4	4,5781744700E-4
3,1678082900E+4	4,5748143400E-4
3,1678633771E+4	4,5727289800E-4
3,1679194462E+4	4,5700371400E-4
3,1679746498E+4	4,5656344400E-4
3,1680302453E+4	4,5635110400E-4
3,1680852933E+4	4,5603803600E-4
3,1681411281E+4	4,5574221600E-4
3,1681961704E+4	4,5548772100E-4
3,1682523182E+4	4,5525199800E-4
3,1683075236E+4	4,5508125800E-4
3,1683627763E+4	4,5490147900E-4
3,1684179230E+4	4,5460413800E-4
3,1684738000E+4	4,5442486600E-4
3,1685289676E+4	4,5409397200E-4
3,1685849150E+4	4,5385919400E-4
3,1686399798E+4	4,5359953400E-4
3,1686956404E+4	4,5345049400E-4
3,1687506890E+4	4,5299126900E-4
3,1688064313E+4	4,5273456000E-4
3,1688614713E+4	4,5273956400E-4
3,1689175124E+4	4,5249860600E-4
3,1689726591E+4	4,5207849100E-4
3,1690284572E+4	4,5173000200E-4
3,1690835606E+4	4,5171900200E-4
3,1691391915E+4	4,5130322300E-4
3,1691943552E+4	4,5107651600E-4
3,1692499595E+4	4,5097161400E-4
3,1693051763E+4	4,5054402700E-4
3,1693608410E+4	4,5040612600E-4
3,1694160075E+4	4,5024094400E-4
3,1694714649E+4	4,4981497200E-4
3,1695266384E+4	4,4979846100E-4
3,1695826592E+4	4,4947289300E-4
3,1696377440E+4	4,4918272400E-4
3,1696936685E+4	4,4898860100E-4
3,1697488995E+4	4,4879028200E-4
3,1698043438E+4	4,4868911600E-4
3,1698594952E+4	4,4843828700E-4
3,1699146780E+4	4,4822154200E-4
3,1699705464E+4	4,4810900800E-4
3,1700255617E+4	4,4765847600E-4
3,1700815836E+4	4,4755117600E-4
3,1701366607E+4	4,4729843400E-4
3,1701927875E+4	4,4694378700E-4
3,1702488649E+4	4,4674592900E-4
3,1703039429E+4	4,4656080000E-4
3,1703590350E+4	4,4631167800E-4
3,1704147333E+4	4,4597338200E-4
3,1704698072E+4	4,4586052400E-4
3,1705257085E+4	4,4557160000E-4
3,1705808157E+4	4,4533638300E-4
3,1706364963E+4	4,4497495700E-4
3,1706917492E+4	4,4505368600E-4
3,1707473975E+4	4,4489191700E-4
3,1708025284E+4	4,4445531400E-4
3,1708584219E+4	4,4432666000E-4
3,1709136270E+4	4,4401075500E-4
3,1709694229E+4	4,4380597800E-4
3,1710244902E+4	4,4359260000E-4
3,1710800640E+4	4,4340885500E-4
3,1711351645E+4	4,4314165300E-4
3,1711912678E+4	4,4280711600E-4
3,1712464332E+4	4,4280642400E-4
3,1713022385E+4	4,4254847000E-4
3,1713573871E+4	4,4230142400E-4
3,1714129377E+4	4,4209883800E-4
3,1714681817E+4	4,4168227400E-4
3,1715240650E+4	4,4148174100E-4
3,1715793272E+4	4,4140838600E-4
3,1716348094E+4	4,4118945000E-4
3,1716899275E+4	4,4089921100E-4
3,1717451244E+4	4,4063655300E-4
3,1718009288E+4	4,4044450600E-4
3,1718559629E+4	4,4027962400E-4
3,1719115645E+4	4,3997338100E-4
3,1719667482E+4	4,3976821300E-4
3,1720223809E+4	4,3943053900E-4
3,1720775095E+4	4,3921600800E-4
3,1721334470E+4	4,3895865300E-4
3,1721885919E+4	4,3875611400E-4
3,1722443019E+4	4,3853909200E-4
3,1722994588E+4	4,3815575900E-4
3,1723547339E+4	4,3795444100E-4
3,1724097849E+4	4,3783139100E-4
3,1724654792E+4	4,3751912900E-4
3,1725205095E+4	4,3733061000E-4
3,1725763985E+4	4,3691893600E-4
3,1726314630E+4	4,3676749800E-4
3,1726872438E+4	4,3647142500E-4
3,1727424729E+4	4,3605873600E-4
3,1727975869E+4	4,3585868600E-4
3,1728532099E+4	4,3576886600E-4
3,1729083867E+4	4,3537231900E-4
3,1729642421E+4	4,3504716700E-4
3,1730194901E+4	4,3491422400E-4
3,1730754548E+4	4,3469240500E-4
3,1731305131E+4	4,3411441900E-4
3,1731864809E+4	4,3423633900E-4
3,1732417236E+4	4,3401634300E-4
3,1732975168E+4	4,3354367300E-4
3,1733525936E+4	4,3351916000E-4
3,1734083060E+4	4,3324610100E-4
3,1734633624E+4	4,3301609700E-4
3,1735191787E+4	4,3268381900E-4
3,1735742788E+4	4,3232430700E-4
3,1736301714E+4	4,3215123900E-4
3,1736851430E+4	4,3202740400E-4
3,1737407376E+4	4,3197360400E-4
3,1737958765E+4	4,3154555600E-4
3,1738517783E+4	4,3131707400E-4
3,1739067800E+4	4,3105107200E-4
3,1739627900E+4	4,3084615700E-4
3,1740178371E+4	4,3054162100E-4
3,1740737704E+4	4,3024891500E-4
3,1741289043E+4	4,3005202500E-4
3,1741839834E+4	4,2982993000E-4
3,1742394579E+4	4,2969647900E-4
3,1742944628E+4	4,2925166700E-4
3,1743502589E+4	4,2893091900E-4
3,1744053235E+4	4,2874339200E-4
3,1744614491E+4	4,2867056700E-4
3,1745165588E+4	4,2832055600E-4
3,1745723750E+4	4,2835074200E-4
3,1746275072E+4	4,2800188400E-4
3,1746833830E+4	4,2768911500E-4
3,1747385128E+4	4,2736151900E-4
3,1747944566E+4	4,2718263900E-4
3,1748495746E+4	4,2694158800E-4
3,1749055537E+4	4,2679194900E-4
3,1749607216E+4	4,2637301100E-4
3,1750161579E+4	4,2627742500E-4
3,1750712427E+4	4,2613032300E-4
3,1751272042E+4	4,2586748000E-4
3,1751823003E+4	4,2543980100E-4
3,1752382385E+4	4,2497206700E-4
3,1752934279E+4	4,2498362000E-4
3,1753489985E+4	4,2466437100E-4
3,1754040751E+4	4,2437127300E-4
3,1754591504E+4	4,2409844500E-4
3,1755150730E+4	4,2398761700E-4
3,1755701831E+4	4,2363629100E-4
3,1756256812E+4	4,2336330200E-4
3,1756808044E+4	4,2324640900E-4
3,1757379886E+4	4,2276755900E-4
3,1757931443E+4	4,2260000200E-4
3,1758481715E+4	4,2259407500E-4
3,1759080552E+4	4,2244067700E-4
3,1759634211E+4	4,2221789100E-4
3,1760186539E+4	4,2194358700E-4
3,1760739230E+4	4,2161121700E-4
3,1761295604E+4	4,2149912000E-4
3,1761848425E+4	4,2119536800E-4
3,1762405648E+4	4,2109307200E-4
3,1762957677E+4	4,2072945500E-4
3,1763517597E+4	4,2063843600E-4
3,1764067463E+4	4,2047030200E-4
3,1764629587E+4	4,2010221200E-4
3,1765180154E+4	4,2012326600E-4
3,1765739405E+4	4,1978254800E-4
3,1766290616E+4	4,1941106800E-4
3,1766853846E+4	4,1917545900E-4
3,1767405389E+4	4,1892822900E-4
3,1767962900E+4	4,1869241300E-4
3,1768514977E+4	4,1857962400E-4
3,1769073428E+4	4,1840023700E-4
3,1769623538E+4	4,1795934500E-4
3,1770185484E+4	4,1777403100E-4
3,1770736405E+4	4,1758666500E-4
3,1771296425E+4	4,1727269700E-4
3,1771849035E+4	4,1686761800E-4
3,1772406481E+4	4,1668562500E-4
3,1772957235E+4	4,1638565500E-4
3,1773518496E+4	4,1622635400E-4
3,1774069758E+4	4,1611451100E-4
3,1774626219E+4	4,1592437700E-4
3,1775177029E+4	4,1572243700E-4
3,1775734394E+4	4,1548812000E-4
3,1776284427E+4	4,1530838700E-4
3,1776846497E+4	4,1501692700E-4
3,1777397108E+4	4,1484418100E-4
3,1777952667E+4	4,1474935600E-4
3,1778505292E+4	4,1444864800E-4
3,1779062861E+4	4,1426227400E-4
3,1779614170E+4	4,1388244600E-4
3,1780174173E+4	4,1382248900E-4
3,1780724450E+4	4,1357216800E-4
3,1781286622E+4	4,1345502100E-4
3,1781839070E+4	4,1325672400E-4
3,1782397113E+4	4,1301219100E-4
3,1782947489E+4	4,1275091700E-4
3,1783508250E+4	4,1253585500E-4
3,1784059048E+4	4,1253032100E-4
3,1784619497E+4	4,1224195000E-4
3,1785169675E+4	4,1207801400E-4
3,1785731187E+4	4,1180211900E-4
3,1786282525E+4	4,1176755100E-4
3,1786842280E+4	4,1152744600E-4
3,1787393172E+4	4,1138338700E-4
3,1787952619E+4	4,1112607900E-4
3,1788502775E+4	4,1088957100E-4
3,1789060368E+4	4,1053725400E-4
3,1789611254E+4	4,1036865900E-4
3,1790166397E+4	4,1016540500E-4
3,1790718856E+4	4,1002372200E-4
3,1791279566E+4	4,0977506100E-4
3,1791830463E+4	4,0952527000E-4
3,1792389637E+4	4,0928719500E-4
3,1792940238E+4	4,0904319200E-4
3,1793501251E+4	4,0898212800E-4
3,1794052702E+4	4,0852202700E-4
3,1794610599E+4	4,0838304100E-4
3,1795162609E+4	4,0815686500E-4
3,1795717470E+4	4,0789586700E-4
3,1796270036E+4	4,0787326800E-4
3,1796825577E+4	4,0760662000E-4
3,1797376032E+4	4,0727722500E-4
3,1797933700E+4	4,0694676900E-4
3,1798484554E+4	4,0677669800E-4
3,1799040710E+4	4,0656807100E-4
3,1799590799E+4	4,0649923500E-4
3,1800141880E+4	4,0607732200E-4
3,1800698656E+4	4,0593360900E-4
3,1801249572E+4	4,0561157000E-4
3,1801806604E+4	4,0547120100E-4
3,1802357890E+4	4,0527029900E-4
3,1802915686E+4	4,0509298700E-4
3,1803467709E+4	4,0476278500E-4
3,1804027077E+4	4,0470755500E-4
3,1804579128E+4	4,0456730200E-4
3,1805139617E+4	4,0426645500E-4
3,1805690978E+4	4,0378933500E-4
3,1806249290E+4	4,0366005900E-4
3,1806799461E+4	4,0341587200E-4
3,1807361005E+4	4,0322882900E-4
3,1807912126E+4	4,0302172300E-4
3,1808471643E+4	4,0285608000E-4
3,1809024274E+4	4,0247998700E-4
3,1809579045E+4	4,0239657800E-4
3,1810130267E+4	4,0198066000E-4
3,1810686278E+4	4,0189286900E-4
3,1811236883E+4	4,0172759500E-4
3,1811797264E+4	4,0150695300E-4
3,1812347608E+4	4,0118223900E-4
3,1812905355E+4	4,0113485000E-4
3,1813456535E+4	4,0100495000E-4
3,1814011730E+4	4,0062657500E-4
3,1814562602E+4	4,0060810300E-4
3,1815123611E+4	4,0002485900E-4
3,1815674534E+4	3,9983089800E-4
3,1816230583E+4	3,9955710100E-4
3,1816783030E+4	3,9928065300E-4
3,1817337617E+4	3,9922588400E-4
3,1817890339E+4	3,9900256700E-4
3,1818449408E+4	3,9901721100E-4
3,1819001563E+4	3,9867506300E-4
3,1819557992E+4	3,9834511400E-4
3,1820109035E+4	3,9820128700E-4
3,1820660107E+4	3,9796680800E-4
3,1821215807E+4	3,9787085400E-4
3,1821766548E+4	3,9774621200E-4
3,1822324234E+4	3,9749974200E-4
3,1822875230E+4	3,9739883000E-4
3,1823432680E+4	3,9700857800E-4
3,1823984092E+4	3,9701399700E-4
3,1824544202E+4	3,9641804700E-4
3,1825100215E+4	3,9636106500E-4
3,1825650694E+4	3,9617434400E-4
3,1826202521E+4	3,9608067300E-4
3,1826759877E+4	3,9579481600E-4
3,1827310789E+4	3,9564681400E-4
3,1827870782E+4	3,9548792800E-4
3,1828421583E+4	3,9518210000E-4
3,1828981068E+4	3,9509924400E-4
3,1829532008E+4	3,9473447400E-4
3,1830087595E+4	3,9455024500E-4
3,1830639166E+4	3,9429542700E-4
3,1831199126E+4	3,9405474500E-4
3,1831750172E+4	3,9391170100E-4
3,1832307058E+4	3,9375629700E-4
3,1832857906E+4	3,9352085000E-4
3,1833415007E+4	3,9335087200E-4
3,1833965836E+4	3,9323840600E-4
3,1834526304E+4	3,9298690900E-4
3,1835076550E+4	3,9262499900E-4
3,1835634302E+4	3,9247187700E-4
3,1836184777E+4	3,9219180900E-4
3,1836742335E+4	3,9222517700E-4
3,1837293258E+4	3,9203884900E-4
3,1837852413E+4	3,9177178600E-4
3,1838402898E+4	3,9149704400E-4
3,1838959596E+4	3,9134809700E-4
3,1839510227E+4	3,9100954700E-4
3,1840070161E+4	3,9089094700E-4
3,1840622097E+4	3,9085218200E-4
3,1841180591E+4	3,9058239800E-4
3,1841731726E+4	3,9046377600E-4
3,1842289848E+4	3,9011111200E-4
3,1842841406E+4	3,9005731200E-4
3,1843397692E+4	3,8972307500E-4
3,1843948602E+4	3,8961614300E-4
3,1844503513E+4	3,8942317400E-4
3,1845054485E+4	3,8916697200E-4
3,1845609564E+4	3,8911471800E-4
3,1846160512E+4	3,8902037700E-4
3,1846718350E+4	3,8875073200E-4
3,1847268542E+4	3,8851881300E-4
3,1847828531E+4	3,8822813600E-4
3,1848379284E+4	3,8806092500E-4
3,1848935481E+4	3,8780663800E-4
3,1849486179E+4	3,8760716500E-4
3,1850045094E+4	3,8745706500E-4
3,1850597185E+4	3,8712105100E-4
3,1851156728E+4	3,8692533800E-4
3,1851708768E+4	3,8687734900E-4
3,1852264803E+4	3,8670951500E-4
3,1852815602E+4	3,8630826400E-4
3,1853373368E+4	3,8607975800E-4
3,1853925418E+4	3,8582879100E-4
3,1854484063E+4	3,8557810100E-4
3,1855036532E+4	3,8529837800E-4
3,1855590832E+4	3,8510806100E-4
3,1856143464E+4	3,8499146700E-4
3,1856700714E+4	3,8477393800E-4
3,1857250448E+4	3,8458874000E-4
3,1857811094E+4	3,8439777600E-4
3,1858361471E+4	3,8436994300E-4
3,1858918428E+4	3,8411999100E-4
3,1859470698E+4	3,8402016200E-4
3,1860026401E+4	3,8377904200E-4
3,1860578092E+4	3,8344379000E-4
3,1861132670E+4	3,8343765600E-4
3,1861683515E+4	3,8302854100E-4
3,1862242082E+4	3,8292864300E-4
3,1862794296E+4	3,8272990800E-4
3,1863344641E+4	3,8254205800E-4
3,1863900733E+4	3,8230001600E-4
3,1864452567E+4	3,8220403800E-4
3,1865008115E+4	3,8197454100E-4
3,1865559387E+4	3,8194880500E-4
3,1866110189E+4	3,8177848100E-4
3,1866667644E+4	3,8171072900E-4
3,1867218877E+4	3,8142690200E-4
3,1867775847E+4	3,8138954400E-4
3,1868327762E+4	3,8114849300E-4
3,1868885810E+4	3,8093811300E-4
3,1869435840E+4	3,8083168900E-4
3,1869994565E+4	3,8068820700E-4
3,1870546763E+4	3,8047416000E-4
3,1871103024E+4	3,8032502800E-4
3,1871654991E+4	3,8027014500E-4
3,1872214237E+4	3,8017241500E-4
3,1872764746E+4	3,7965648400E-4
3,1873322110E+4	3,7943316600E-4
3,1873872828E+4	3,7940019000E-4
3,1874430717E+4	3,7932588900E-4
3,1874980537E+4	3,7912648600E-4
3,1875540655E+4	3,7892994200E-4
3,1876091201E+4	3,7883062100E-4
3,1876648440E+4	3,7863280800E-4
3,1877199430E+4	3,7829935400E-4
3,1877756612E+4	3,7832283000E-4
3,1878308833E+4	3,7808533100E-4
3,1878881836E+4	3,7771841600E-4
3,1879431441E+4	3,7752300200E-4
3,1879981763E+4	3,7736801300E-4
3,1880580438E+4	3,7705473700E-4
3,1881131121E+4	3,7694434700E-4
3,1881689165E+4	3,7663040200E-4
3,1882240104E+4	3,7633070900E-4
3,1882800605E+4	3,7624916700E-4
3,1883351423E+4	3,7612927600E-4
3,1883912277E+4	3,7607882000E-4
3,1884462998E+4	3,7574928600E-4
3,1885019194E+4	3,7568229600E-4
3,1885570194E+4	3,7559877100E-4
3,1886121228E+4	3,7534941900E-4
3,1886678135E+4	3,7520231600E-4
3,1887229052E+4	3,7491062500E-4
3,1887786293E+4	3,7488405900E-4
3,1888336463E+4	3,7469976000E-4
3,1888894255E+4	3,7440262700E-4
3,1889446510E+4	3,7432830300E-4
3,1890004930E+4	3,7422757500E-4
3,1890555398E+4	3,7410957500E-4
3,1891114511E+4	3,7378204700E-4
3,1891664399E+4	3,7375582800E-4
3,1892223057E+4	3,7345855600E-4
3,1892774453E+4	3,7330435100E-4
3,1893332869E+4	3,7323560800E-4
3,1893884634E+4	3,7293686000E-4
3,1894440597E+4	3,7286235200E-4
3,1894992419E+4	3,7269295000E-4
3,1895548571E+4	3,7251893600E-4
3,1896099071E+4	3,7216447400E-4
3,1896661156E+4	3,7185560300E-4
3,1897211906E+4	3,7170365700E-4
3,1897768271E+4	3,7164769000E-4
3,1898319253E+4	3,7127355700E-4
3,1898876102E+4	3,7113339600E-4
3,1899426670E+4	3,7109091900E-4
3,1899987629E+4	3,7090977900E-4
3,1900538404E+4	3,7069402600E-4
3,1901096644E+4	3,7044442000E-4
3,1901647576E+4	3,7041460300E-4
3,1902202592E+4	3,7019004000E-4
3,1902753711E+4	3,6994975100E-4
3,1903314047E+4	3,6983659300E-4
3,1903865500E+4	3,6966864400E-4
3,1904423041E+4	3,6960116900E-4
3,1904985643E+4	3,6951503800E-4
3,1905534959E+4	3,6936915800E-4
3,1906086373E+4	3,6914242800E-4
3,1906637643E+4	3,6898617100E-4
3,1907189348E+4	3,6870637800E-4
3,1907743530E+4	3,6870610200E-4
3,1908295124E+4	3,6832744900E-4
3,1908852635E+4	3,6800847800E-4
3,1909402342E+4	3,6783054300E-4
3,1909961622E+4	3,6757595600E-4
3,1910512775E+4	3,6727707000E-4
3,1911084344E+4	3,6721549900E-4
3,1911634426E+4	3,6707245500E-4
3,1912186302E+4	3,6676476000E-4
3,1912784422E+4	3,6666525400E-4
3,1913335258E+4	3,6641124300E-4
3,1913894486E+4	3,6610765300E-4
3,1914447045E+4	3,6618280700E-4
3,1915006688E+4	3,6573156000E-4
3,1915558619E+4	3,6558741000E-4
3,1916116703E+4	3,6536443800E-4
3,1916667699E+4	3,6525229500E-4
3,1917224581E+4	3,6508888900E-4
3,1917776581E+4	3,6511012800E-4
3,1918326767E+4	3,6471814700E-4
3,1918883895E+4	3,6454376400E-4
3,1919436133E+4	3,6428094400E-4
3,1919989852E+4	3,6395849000E-4
3,1920542088E+4	3,6378918100E-4
3,1921102274E+4	3,6382176500E-4
3,1921653082E+4	3,6340760000E-4
3,1922210348E+4	3,6325655400E-4
3,1922761559E+4	3,6297865300E-4
3,1923319652E+4	3,6275116200E-4
3,1923869656E+4	3,6258210600E-4
3,1924422324E+4	3,6237982000E-4
3,1924977772E+4	3,6209732900E-4
3,1925530586E+4	3,6195043400E-4
3,1926085477E+4	3,6184364200E-4
3,1926636553E+4	3,6163519800E-4
3,1927193740E+4	3,6148214600E-4
3,1927744619E+4	3,6117212200E-4
3,1928303944E+4	3,6097350300E-4
3,1928855309E+4	3,6071428000E-4
3,1929413018E+4	3,6028505700E-4
3,1929964502E+4	3,6019131600E-4
3,1930515264E+4	3,5999707800E-4
3,1931069790E+4	3,5975270700E-4
3,1931620713E+4	3,5969766100E-4
3,1932182977E+4	3,5942649400E-4
3,1932733835E+4	3,5904366800E-4
3,1933293890E+4	3,5886218200E-4
3,1933844833E+4	3,5864578300E-4
3,1934404555E+4	3,5847119300E-4
3,1934957466E+4	3,5807637500E-4
3,1935516293E+4	3,5798906800E-4
3,1936066640E+4	3,5784095100E-4
3,1936625382E+4	3,5763864200E-4
3,1937176646E+4	3,5741103600E-4
3,1937734411E+4	3,5723630700E-4
3,1938286494E+4	3,5708180200E-4
3,1938845920E+4	3,5700445700E-4
3,1939397397E+4	3,5666035000E-4
3,1939952434E+4	3,5657142900E-4
3,1940503421E+4	3,5645711800E-4
3,1941059662E+4	3,5617451200E-4
3,1941609695E+4	3,5616468900E-4
3,1942166505E+4	3,5608003400E-4
3,1942717821E+4	3,5566999600E-4
3,1943274563E+4	3,5564211600E-4
3,1943824850E+4	3,5528719300E-4
3,1944377111E+4	3,5505412200E-4
3,1944933781E+4	3,5488199900E-4
3,1945484314E+4	3,5470560900E-4
3,1946041248E+4	3,5447970900E-4
3,1946592078E+4	3,5431222200E-4
3,1947150105E+4	3,5412213500E-4
3,1947700946E+4	3,5407573700E-4
3,1948259610E+4	3,5395284800E-4
3,1948811704E+4	3,5373165200E-4
3,1949368072E+4	3,5336868100E-4
3,1949918374E+4	3,5327743100E-4
3,1950470275E+4	3,5310909000E-4
3,1951025576E+4	3,5287304300E-4
3,1951578490E+4	3,5252455400E-4
3,1952133036E+4	3,5236271600E-4
3,1952683667E+4	3,5228235100E-4
3,1953239467E+4	3,5200873900E-4
3,1953789804E+4	3,5171052100E-4
3,1954351436E+4	3,5155119700E-4
3,1954902776E+4	3,5148250000E-4
3,1955458806E+4	3,5138112600E-4
3,1956009436E+4	3,5115010700E-4
3,1956561885E+4	3,5106319200E-4
3,1957118708E+4	3,5070132800E-4
3,1957672431E+4	3,5074613400E-4
3,1958226650E+4	3,5046329800E-4
3,1958778874E+4	3,5027108900E-4
3,1959336543E+4	3,5013609400E-4
3,1959889557E+4	3,4994863500E-4
3,1960444157E+4	3,4979159400E-4
3,1960996139E+4	3,4975601200E-4
3,1961554157E+4	3,4942057500E-4
3,1962104749E+4	3,4932358300E-4
3,1962656494E+4	3,4928172800E-4
3,1963212409E+4	3,4888052300E-4
3,1963763982E+4	3,4878449900E-4
3,1964322798E+4	3,4875179900E-4
3,1964874541E+4	3,4875904000E-4
3,1965432909E+4	3,4857333500E-4
3,1965985418E+4	3,4833050800E-4
3,1966544488E+4	3,4834215400E-4
3,1967096255E+4	3,4809264000E-4
3,1967657164E+4	3,4780920400E-4
3,1968209737E+4	3,4759045300E-4
3,1968767487E+4	3,4754936000E-4
3,1969319462E+4	3,4738786700E-4
3,1969879642E+4	3,4721189300E-4
3,1970429506E+4	3,4699618600E-4
3,1970992043E+4	3,4691879500E-4
3,1971542814E+4	3,4687832400E-4
3,1972104062E+4	3,4684878400E-4
3,1972654845E+4	3,4672889300E-4
3,1973214108E+4	3,4660065400E-4
3,1973766326E+4	3,4655102800E-4
3,1974326091E+4	3,4620193900E-4
3,1974878286E+4	3,4610049600E-4
3,1975434821E+4	3,4577735000E-4
3,1975985994E+4	3,4592869600E-4
3,1976542570E+4	3,4590263800E-4
3,1977092370E+4	3,4562316800E-4
3,1977644282E+4	3,4550752000E-4
3,1978204563E+4	3,4530611000E-4
3,1978757399E+4	3,4510684500E-4
3,1979312682E+4	3,4507947300E-4
3,1979864211E+4	3,4483627700E-4
3,1980422738E+4	3,4486934600E-4
3,1980975023E+4	3,4469851400E-4
3,1981534706E+4	3,4458761700E-4
3,1982085452E+4	3,4437156400E-4
3,1982642550E+4	3,4417672600E-4
3,1983193541E+4	3,4403610400E-4
3,1983751249E+4	3,4377623600E-4
3,1984301893E+4	3,4355296500E-4
3,1984862575E+4	3,4346508100E-4
3,1985414312E+4	3,4319181500E-4
3,1985969874E+4	3,4299534000E-4
3,1986521469E+4	3,4284752300E-4
3,1987077580E+4	3,4272106000E-4
3,1987629593E+4	3,4254640000E-4
3,1988186825E+4	3,4235995600E-4
3,1988738192E+4	3,4209621400E-4
3,1989295061E+4	3,4200454900E-4
3,1989845471E+4	3,4172992300E-4
3,1990395712E+4	3,4151578300E-4
3,1990954258E+4	3,4159262100E-4
3,1991505655E+4	3,4140550800E-4
3,1992060594E+4	3,4112421700E-4
3,1992613081E+4	3,4099823800E-4
3,1993169827E+4	3,4088265900E-4
3,1993721105E+4	3,4057932300E-4
3,1994280954E+4	3,4054551600E-4
3,1994831662E+4	3,4030250500E-4
3,1995389130E+4	3,4014089800E-4
3,1995940379E+4	3,3984823800E-4
3,1996491115E+4	3,3981544600E-4
3,1997047759E+4	3,3958617900E-4
3,1997598739E+4	3,3935622100E-4
3,1998155643E+4	3,3929301200E-4
3,1998706738E+4	3,3917775600E-4
3,1999264432E+4	3,3890921700E-4
3,1999816961E+4	3,3874302100E-4
3,2000375841E+4	3,3856550200E-4
3,2000926581E+4	3,3842879900E-4
3,2001484618E+4	3,3822049500E-4
3,2002037176E+4	3,3803822500E-4
3,2002588498E+4	3,3789628800E-4
3,2003144115E+4	3,3782669200E-4
3,2003694563E+4	3,3764423800E-4
3,2004252096E+4	3,3752324000E-4
3,2004803264E+4	3,3725287900E-4
3,2005360069E+4	3,3709544600E-4
3,2005912284E+4	3,3684164200E-4
3,2006469821E+4	3,3677820300E-4
3,2007022052E+4	3,3639842100E-4
3,2007580418E+4	3,3633897100E-4
3,2008131053E+4	3,3603508100E-4
3,2008691788E+4	3,3584672300E-4
3,2009241646E+4	3,3569574700E-4
3,2009802743E+4	3,3573252800E-4
3,2010354773E+4	3,3554214100E-4
3,2010914615E+4	3,3551894300E-4
3,2011464705E+4	3,3513646200E-4
3,2012026215E+4	3,3493256200E-4
3,2012576792E+4	3,3472029100E-4
3,2013138480E+4	3,3457099800E-4
3,2013688639E+4	3,3441338000E-4
3,2014243655E+4	3,3427266500E-4
3,2014794843E+4	3,3420627400E-4
3,2015353008E+4	3,3398339500E-4
3,2015903552E+4	3,3378775000E-4
3,2016463646E+4	3,3354621500E-4
3,2017014205E+4	3,3340277900E-4
3,2017571613E+4	3,3318287500E-4
3,2018122022E+4	3,3314464100E-4
3,2018673143E+4	3,3285472500E-4
3,2019232138E+4	3,3272823900E-4
3,2019783179E+4	3,3252224000E-4
3,2020339749E+4	3,3258556400E-4
3,2020891135E+4	3,3223938100E-4
3,2021448071E+4	3,3205332900E-4
3,2021998616E+4	3,3191374500E-4
3,2022557709E+4	3,3169607700E-4
3,2023108811E+4	3,3148708100E-4
3,2023666799E+4	3,3149589000E-4
3,2024217649E+4	3,3118120700E-4
3,2024768797E+4	3,3099374900E-4
3,2025323615E+4	3,3076593500E-4
3,2025875013E+4	3,3068522300E-4
3,2026434295E+4	3,3042692400E-4
3,2026984633E+4	3,3031443500E-4
3,2027545901E+4	3,3015195100E-4
3,2028097683E+4	3,2993080200E-4
3,2028655453E+4	3,2980646000E-4
3,2029206469E+4	3,2975708700E-4
3,2029764128E+4	3,2956229600E-4
3,2030315293E+4	3,2935705800E-4
3,2030873316E+4	3,2901802400E-4
3,2031423987E+4	3,2914128200E-4
3,2031986539E+4	3,2887901600E-4
3,2032537894E+4	3,2867135600E-4
3,2033095845E+4	3,2842548600E-4
3,2033647640E+4	3,2839426200E-4
3,2034205511E+4	3,2826939000E-4
3,2034756605E+4	3,2801003000E-4
3,2035316904E+4	3,2792258400E-4
3,2035868871E+4	3,2761200700E-4
3,2036429019E+4	3,2763822600E-4
3,2036979738E+4	3,2728780000E-4
3,2037538402E+4	3,2710603800E-4
3,2038090416E+4	3,2693682000E-4
3,2038646595E+4	3,2685832300E-4
3,2039197271E+4	3,2653354000E-4
3,2039759318E+4	3,2654873600E-4
3,2040309970E+4	3,2616328100E-4
3,2040868610E+4	3,2613874500E-4
3,2041419476E+4	3,2595988800E-4
3,2041975654E+4	3,2566697500E-4
3,2042525861E+4	3,2559491100E-4
3,2043086446E+4	3,2542186600E-4
3,2043636526E+4	3,2537558300E-4
3,2044197368E+4	3,2533423600E-4
3,2044748202E+4	3,2516296600E-4
3,2045303568E+4	3,2491891800E-4
3,2045854464E+4	3,2482160300E-4
3,2046413173E+4	3,2447551200E-4
3,2046964590E+4	3,2434708800E-4
3,2047524096E+4	3,2426370200E-4
3,2048075284E+4	3,2396041100E-4
3,2048629147E+4	3,2392480600E-4
3,2049180586E+4	3,2374737900E-4
3,2049738557E+4	3,2348474400E-4
3,2050289592E+4	3,2352639100E-4
3,2050849480E+4	3,2310535400E-4
3,2051401705E+4	3,2306391400E-4
3,2051957210E+4	3,2286285000E-4
3,2052509358E+4	3,2277157700E-4
3,2053064031E+4	3,2243028300E-4
3,2053616595E+4	3,2231592600E-4
3,2054175195E+4	3,2227833700E-4
3,2054726276E+4	3,2215692400E-4
3,2055286508E+4	3,2209032600E-4
3,2055837640E+4	3,2181544600E-4
3,2056397315E+4	3,2160056800E-4
3,2056948288E+4	3,2135135400E-4
3,2057506687E+4	3,2121631300E-4
3,2058058290E+4	3,2106342200E-4