2,5416225354E+4	-7,6079252100E-5
2,5416777352E+4	-7,6132429400E-5
2,5417343647E+4	-7,6036774700E-5
2,5417895612E+4	-7,6041548300E-5
2,5418455364E+4	-7,6235417300E-5
2,5419006478E+4	-7,5946677700E-5
2,5419586976E+4	-7,5712406800E-5
2,5420139051E+4	-7,5573490800E-5
2,5420695235E+4	-7,5355223800E-5
2,5421245663E+4	-7,4742900400E-5
2,5421805484E+4	-7,4292645500E-5
2,5422357120E+4	-7,3425596600E-5
2,5422911361E+4	-7,2855496700E-5
2,5423464335E+4	-7,2340419000E-5
2,5424019169E+4	-7,1637122100E-5
2,5424570600E+4	-7,0885605900E-5
2,5425126999E+4	-7,0317489200E-5
2,5425678152E+4	-6,9508529500E-5
2,5426238635E+4	-6,9067360500E-5
2,5426790353E+4	-6,8288402300E-5
2,5427347122E+4	-6,7523234300E-5
2,5427898723E+4	-6,6805985900E-5
2,5428456364E+4	-6,6184876400E-5
2,5429009298E+4	-6,5502426100E-5
2,5429565659E+4	-6,4775469200E-5
2,5430118315E+4	-6,4201748900E-5
2,5430673364E+4	-6,3543304500E-5
2,5431225924E+4	-6,2759411500E-5
2,5431781552E+4	-6,2217399200E-5
2,5432332090E+4	-6,1530775000E-5
2,5432889013E+4	-6,0692643800E-5
2,5433441121E+4	-5,9982106000E-5
2,5433996740E+4	-5,9357491200E-5
2,5434549341E+4	-5,8666024400E-5
2,5435099363E+4	-5,7829438200E-5
2,5435656047E+4	-5,7201456700E-5
2,5436209337E+4	-5,6584797800E-5
2,5436763456E+4	-5,5860123900E-5
2,5437314957E+4	-5,5361788100E-5
2,5437865820E+4	-5,4671013000E-5
2,5438416920E+4	-5,4098169000E-5
2,5438972474E+4	-5,3398884600E-5
2,5439524143E+4	-5,2707740600E-5
2,5440083483E+4	-5,2216899400E-5
2,5440635162E+4	-5,1435566100E-5
2,5441193396E+4	-5,0778920400E-5
2,5441745024E+4	-5,0150523800E-5
2,5442301986E+4	-4,9343662500E-5
2,5442854205E+4	-4,8737542300E-5
2,5443405501E+4	-4,7980122600E-5
2,5443959199E+4	-4,7421345400E-5
2,5444510525E+4	-4,6838423900E-5
2,5445065613E+4	-4,6046321400E-5
2,5445618115E+4	-4,5444444200E-5
2,5446170257E+4	-4,4704550500E-5
2,5446727996E+4	-4,3967700700E-5
2,5447278480E+4	-4,3406571300E-5
2,5447833254E+4	-4,2873252800E-5
2,5448385167E+4	-4,2044714800E-5
2,5448942393E+4	-4,1607673600E-5
2,5449494629E+4	-4,0837524500E-5
2,5450049890E+4	-4,0247269800E-5
2,5450600593E+4	-3,9481617600E-5
2,5451155550E+4	-3,8953257100E-5
2,5451708272E+4	-3,8432529600E-5
2,5452264174E+4	-3,7681105600E-5
2,5452816089E+4	-3,7194161600E-5
2,5453371490E+4	-3,6530413400E-5
2,5453921854E+4	-3,5828684600E-5
2,5454480398E+4	-3,5215738500E-5
2,5455032037E+4	-3,4325029500E-5
2,5455587164E+4	-3,3681067100E-5
2,5456139969E+4	-3,3073724700E-5
2,5456694862E+4	-3,2495576700E-5
2,5457246223E+4	-3,1846125900E-5
2,5457801617E+4	-3,1058520100E-5
2,5458353147E+4	-3,0546993700E-5
2,5458903572E+4	-3,0014159500E-5
2,5459460487E+4	-2,9444751500E-5
2,5460011286E+4	-2,8809252300E-5
2,5460568970E+4	-2,8202624700E-5
2,5461120368E+4	-2,7376346500E-5
2,5461679313E+4	-2,6745390200E-5
2,5462232235E+4	-2,6242442300E-5
2,5462788397E+4	-2,5464960000E-5
2,5463338778E+4	-2,4857779000E-5
2,5463896489E+4	-2,4095470500E-5
2,5464446657E+4	-2,3516446300E-5
2,5465005437E+4	-2,2919135100E-5
2,5465556134E+4	-2,2182331400E-5
2,5466113295E+4	-2,1373763700E-5
2,5466663336E+4	-2,0840583600E-5
2,5467221394E+4	-2,0168464400E-5
2,5467771452E+4	-1,9295281300E-5
2,5468322916E+4	-1,8794685600E-5
2,5468880494E+4	-1,8166611800E-5
2,5469431240E+4	-1,7678399600E-5
2,5469989703E+4	-1,6907858500E-5
2,5470540625E+4	-1,6324867800E-5
2,5471101382E+4	-1,5977162700E-5
2,5471654377E+4	-1,5382434300E-5
2,5472212285E+4	-1,4604029600E-5
2,5472762425E+4	-1,3982205200E-5
2,5473321140E+4	-1,3552220500E-5
2,5473872249E+4	-1,2928574400E-5
2,5474431993E+4	-1,2161630700E-5
2,5474982341E+4	-1,1394917600E-5
2,5475542534E+4	-1,0712951700E-5
2,5476093418E+4	-1,0174813600E-5
2,5476653661E+4	-9,4776046200E-6
2,5477205154E+4	-8,7653372300E-6
2,5477761288E+4	-8,2479535100E-6
2,5478312395E+4	-7,3860700700E-6
2,5478868409E+4	-6,8150478000E-6
2,5479419397E+4	-6,1455344400E-6
2,5479980052E+4	-5,4413151400E-6
2,5480530456E+4	-4,6927275800E-6
2,5481087483E+4	-4,1712160400E-6
2,5481638217E+4	-3,5576242100E-6
2,5482196691E+4	-2,8466251500E-6
2,5482749147E+4	-2,1775038200E-6
2,5483310177E+4	-1,3454605700E-6
2,5483861285E+4	-5,7941627200E-7
2,5484419657E+4	2,1794408900E-7
2,5484971160E+4	8,2540184000E-7
2,5485530600E+4	1,6280661000E-6
2,5486082512E+4	2,2172599900E-6
2,5486640299E+4	2,7798882700E-6
2,5487191416E+4	3,5220419800E-6
2,5487750443E+4	4,0622555200E-6
2,5488301483E+4	4,7430223700E-6
2,5488858988E+4	5,1353724600E-6
2,5489410198E+4	6,0600955600E-6
2,5489967436E+4	6,6024537300E-6
2,5490519221E+4	7,1830691400E-6
2,5491076265E+4	7,9181432900E-6
2,5491628215E+4	8,6237923400E-6
2,5492182385E+4	9,3723568400E-6
2,5492734035E+4	9,9543789400E-6
2,5493285721E+4	1,0532895900E-5
2,5493843205E+4	1,1245532200E-5
2,5494393792E+4	1,1712967100E-5
2,5494950541E+4	1,2322638600E-5
2,5495501709E+4	1,3074154800E-5
2,5496059256E+4	1,3670197700E-5
2,5496612360E+4	1,4347528500E-5
2,5497167813E+4	1,5169263800E-5
2,5497720278E+4	1,5822957700E-5
2,5498280358E+4	1,6573436200E-5
2,5498831614E+4	1,7350687800E-5
2,5499391418E+4	1,8092334200E-5
2,5499942560E+4	1,8790534700E-5
2,5500500524E+4	1,9565411200E-5
2,5501050907E+4	2,0112473700E-5
2,5501607364E+4	2,0833550200E-5
2,5502159027E+4	2,1494669500E-5
2,5502709404E+4	2,2206106700E-5
2,5503269334E+4	2,2645661500E-5
2,5503819419E+4	2,3250536500E-5
2,5504377620E+4	2,3931718400E-5
2,5504928454E+4	2,4691351900E-5
2,5505487499E+4	2,5290646300E-5
2,5506037552E+4	2,6127117100E-5
2,5506599757E+4	2,6645584700E-5
2,5507150661E+4	2,7228967400E-5
2,5507709930E+4	2,7863682600E-5
2,5508260856E+4	2,8531420300E-5
2,5508816504E+4	2,9361019100E-5
2,5509367375E+4	2,9853497600E-5
2,5509924179E+4	3,0553012500E-5
2,5510474588E+4	3,1085062700E-5
2,5511033129E+4	3,1774730900E-5
2,5511583861E+4	3,2329241900E-5
2,5512140266E+4	3,3066207000E-5
2,5512690421E+4	3,3613707600E-5
2,5513250378E+4	3,4263665700E-5
2,5513802398E+4	3,5028095800E-5
2,5514356286E+4	3,5640027300E-5
2,5514908199E+4	3,6354577700E-5
2,5515463633E+4	3,6934754900E-5
2,5516014321E+4	3,7605167600E-5
2,5516575443E+4	3,8028741600E-5
2,5517128056E+4	3,8664056300E-5
2,5517684494E+4	3,9445297400E-5
2,5518235598E+4	3,9862437500E-5
2,5518792073E+4	4,0577702700E-5
2,5519343255E+4	4,1239744500E-5
2,5519902396E+4	4,1922725100E-5
2,5520453562E+4	4,2456089700E-5
2,5521010289E+4	4,3085339600E-5
2,5521561294E+4	4,3769750000E-5
2,5522118581E+4	4,4147848700E-5
2,5522670150E+4	4,4973365900E-5
2,5523227334E+4	4,5631487400E-5
2,5523780319E+4	4,6217291400E-5
2,5524335319E+4	4,6808399300E-5
2,5524885656E+4	4,7371673300E-5
2,5525436284E+4	4,8006388500E-5
2,5525992648E+4	4,8622793700E-5
2,5526543591E+4	4,9391697500E-5
2,5527101992E+4	4,9802703400E-5
2,5527652720E+4	5,0412213600E-5
2,5528214219E+4	5,1071465000E-5
2,5528764429E+4	5,1626644800E-5
2,5529325256E+4	5,2245886400E-5
2,5529875660E+4	5,2710738500E-5
2,5530434422E+4	5,3386224500E-5
2,5530985296E+4	5,4071419000E-5
2,5531545333E+4	5,4663426200E-5
2,5532098101E+4	5,5127010000E-5
2,5532656112E+4	5,5771387500E-5
2,5533206410E+4	5,6381243500E-5
2,5533766099E+4	5,6908012800E-5
2,5534316469E+4	5,7636722300E-5
2,5534876447E+4	5,8161347000E-5
2,5535428005E+4	5,8559185500E-5
2,5535986474E+4	5,9314598900E-5
2,5536536370E+4	5,9942188400E-5
2,5537097318E+4	6,0592746100E-5
2,5537647283E+4	6,1108861500E-5
2,5538208050E+4	6,1687816600E-5
2,5538758336E+4	6,2238545700E-5
2,5539315504E+4	6,2858386900E-5
2,5539867130E+4	6,3428163900E-5
2,5540424411E+4	6,4234287200E-5
2,5540975430E+4	6,4839946300E-5
2,5541531181E+4	6,5471594400E-5
2,5542081706E+4	6,6200050200E-5
2,5542638816E+4	6,6727718900E-5
2,5543189423E+4	6,7515947300E-5
2,5543739321E+4	6,7899050200E-5
2,5544296829E+4	6,8619803800E-5
2,5544849292E+4	6,9322016900E-5
2,5545408387E+4	6,9880332800E-5
2,5545958766E+4	7,0466505800E-5
2,5546519981E+4	7,1185991100E-5
2,5547071344E+4	7,1723460500E-5
2,5547630191E+4	7,2615783700E-5
2,5548180721E+4	7,3277548700E-5
2,5548741169E+4	7,3991338100E-5
2,5549291748E+4	7,4635715600E-5
2,5549852972E+4	7,5348859300E-5
2,5550404430E+4	7,6083380000E-5
2,5550961419E+4	7,6551160700E-5
2,5551512459E+4	7,7301178000E-5
2,5552072963E+4	7,7761763900E-5
2,5552625496E+4	7,8375378800E-5
2,5553182039E+4	7,9196837300E-5
2,5553733144E+4	7,9758128100E-5
2,5554292293E+4	8,0282614500E-5
2,5554842578E+4	8,0841114900E-5
2,5555403690E+4	8,1444583200E-5
2,5555954413E+4	8,2163169200E-5
2,5556512997E+4	8,2829846100E-5
2,5557063340E+4	8,3524679800E-5
2,5557613602E+4	8,4267202500E-5
2,5558173280E+4	8,4668246300E-5
2,5558724446E+4	8,5377262200E-5
2,5559280291E+4	8,5880048700E-5
2,5559830703E+4	8,6437465300E-5
2,5560380661E+4	8,6677086200E-5
2,5560940441E+4	8,7414604800E-5
2,5561491696E+4	8,8018903200E-5
2,5562049152E+4	8,8485277300E-5
2,5562601360E+4	8,9142776200E-5
2,5563159342E+4	8,9659721800E-5
2,5563710489E+4	9,0105941000E-5
2,5564269399E+4	9,0762263800E-5
2,5564821121E+4	9,1460556600E-5
2,5565376393E+4	9,1924002000E-5
2,5565927435E+4	9,2504479000E-5
2,5566477431E+4	9,3169541700E-5
2,5567035634E+4	9,3450533000E-5
2,5567586445E+4	9,4427326500E-5
2,5568146113E+4	9,4898474100E-5
2,5568696320E+4	9,5626145900E-5
2,5569246832E+4	9,6102435900E-5
2,5569805076E+4	9,6706111800E-5
2,5570355600E+4	9,7395411000E-5
2,5570911352E+4	9,7938876000E-5
2,5571462323E+4	9,8714674900E-5
2,5572020882E+4	9,9292684500E-5
2,5572573237E+4	9,9865182600E-5
2,5573128592E+4	1,0041591200E-4
2,5573679293E+4	1,0121474800E-4
2,5574236517E+4	1,0185640400E-4
2,5574788688E+4	1,0247327100E-4
2,5575339756E+4	1,0317497600E-4
2,5575897031E+4	1,0351325000E-4
2,5576449361E+4	1,0409594100E-4
2,5577008055E+4	1,0477098900E-4
2,5577558423E+4	1,0530077900E-4
2,5578116361E+4	1,0571268400E-4
2,5578667898E+4	1,0640876300E-4
2,5579228329E+4	1,0700485200E-4
2,5579781224E+4	1,0749689200E-4
2,5580338432E+4	1,0798402100E-4
2,5580888996E+4	1,0886370700E-4
2,5581449180E+4	1,0938099800E-4
2,5582000284E+4	1,0991604600E-4
2,5582558298E+4	1,1046875900E-4
2,5583109933E+4	1,1090669900E-4
2,5583667389E+4	1,1160427700E-4
2,5584220116E+4	1,1206412500E-4
2,5584773536E+4	1,1257864900E-4
2,5585323883E+4	1,1314533600E-4
2,5585885333E+4	1,1374186300E-4
2,5586437377E+4	1,1442353000E-4
2,5586994558E+4	1,1496651000E-4
2,5587544256E+4	1,1548336400E-4
2,5588104105E+4	1,1613602000E-4
2,5588657332E+4	1,1682026900E-4
2,5589215573E+4	1,1749365600E-4
2,5589766785E+4	1,1798968600E-4
2,5590325415E+4	1,1875992700E-4
2,5590877386E+4	1,1943575900E-4
2,5591436360E+4	1,1991068900E-4
2,5591986301E+4	1,2069137700E-4
2,5592545032E+4	1,2127628100E-4
2,5593096214E+4	1,2200978700E-4
2,5593654574E+4	1,2260124100E-4
2,5594205617E+4	1,2330128600E-4
2,5594763190E+4	1,2402589100E-4
2,5595314716E+4	1,2466295800E-4
2,5595869686E+4	1,2537019900E-4
2,5596422013E+4	1,2600159300E-4
2,5596974088E+4	1,2676125000E-4
2,5597528631E+4	1,2738106800E-4
2,5598080181E+4	1,2811406700E-4
2,5598636464E+4	1,2873289300E-4
2,5599187242E+4	1,2934556300E-4
2,5599737710E+4	1,2989188700E-4
2,5600297280E+4	1,3067584900E-4
2,5600847450E+4	1,3153118400E-4
2,5601405995E+4	1,3208587900E-4
2,5601957420E+4	1,3278936100E-4
2,5602517686E+4	1,3333822200E-4
2,5603068327E+4	1,3407408000E-4
2,5603626676E+4	1,3484392900E-4
2,5604178685E+4	1,3551579500E-4
2,5604737335E+4	1,3618009600E-4
2,5605289010E+4	1,3671888000E-4
2,5605843686E+4	1,3734849900E-4
2,5606394608E+4	1,3798268400E-4
2,5606951728E+4	1,3850862300E-4
2,5607503691E+4	1,3907953000E-4
2,5608059548E+4	1,3987649800E-4
2,5608612343E+4	1,4050037500E-4
2,5609163679E+4	1,4112434400E-4
2,5609719151E+4	1,4165016800E-4
2,5610271920E+4	1,4220181900E-4
2,5610825648E+4	1,4306437200E-4
2,5611377350E+4	1,4374359300E-4
2,5611927828E+4	1,4441728100E-4
2,5612487434E+4	1,4507830800E-4
2,5613038910E+4	1,4580572600E-4
2,5613595941E+4	1,4624269800E-4
2,5614146335E+4	1,4694447300E-4
2,5614706943E+4	1,4751568000E-4
2,5615259347E+4	1,4811834100E-4
2,5615818597E+4	1,4880254400E-4
2,5616370623E+4	1,4953519600E-4
2,5616926480E+4	1,5023482700E-4
2,5617476267E+4	1,5072156300E-4
2,5618034040E+4	1,5145546100E-4
2,5618586449E+4	1,5212117000E-4
2,5619141165E+4	1,5262956000E-4
2,5619691478E+4	1,5321236600E-4
2,5620249364E+4	1,5391753100E-4
2,5620799527E+4	1,5460530800E-4
2,5621349410E+4	1,5522482600E-4
2,5621908497E+4	1,5576213400E-4
2,5622461059E+4	1,5622154400E-4
2,5623017919E+4	1,5704791400E-4
2,5623570290E+4	1,5773963500E-4
2,5624129240E+4	1,5843555300E-4
2,5624681205E+4	1,5905866800E-4
2,5625240236E+4	1,5966963100E-4
2,5625792405E+4	1,6035226600E-4
2,5626349353E+4	1,6111775700E-4
2,5626901429E+4	1,6162796900E-4
2,5627455475E+4	1,6225156900E-4
2,5628006352E+4	1,6296708800E-4
2,5628564143E+4	1,6342792700E-4
2,5629115429E+4	1,6405369500E-4
2,5629670638E+4	1,6468253000E-4
2,5630222031E+4	1,6505744600E-4
2,5630773110E+4	1,6575933600E-4
2,5631328608E+4	1,6619384100E-4
2,5631879034E+4	1,6683771100E-4
2,5632438496E+4	1,6724094600E-4
2,5632989472E+4	1,6779840900E-4
2,5633549889E+4	1,6847431000E-4
2,5634101885E+4	1,6889693800E-4
2,5634660929E+4	1,6937927000E-4
2,5635211748E+4	1,6986471500E-4
2,5635770000E+4	1,7012054700E-4
2,5636321956E+4	1,7076397900E-4
2,5636877062E+4	1,7136657100E-4
2,5637428466E+4	1,7191584800E-4
2,5637980274E+4	1,7253912500E-4
2,5638536790E+4	1,7308757100E-4
2,5639088176E+4	1,7371868900E-4
2,5639646169E+4	1,7445696800E-4
2,5640196493E+4	1,7487067200E-4
2,5640757426E+4	1,7543367000E-4
2,5641309410E+4	1,7588786800E-4
2,5641866483E+4	1,7652544200E-4
2,5642416509E+4	1,7721792400E-4
2,5642978675E+4	1,7774268700E-4
2,5643530007E+4	1,7848122000E-4
2,5644087940E+4	1,7905328000E-4
2,5644638574E+4	1,7972279400E-4
2,5645198412E+4	1,8037713300E-4
2,5645748319E+4	1,8101581500E-4
2,5646309386E+4	1,8143387700E-4
2,5646861172E+4	1,8183888800E-4
2,5647416252E+4	1,8256174000E-4
2,5647966654E+4	1,8316968200E-4
2,5648517445E+4	1,8361108100E-4
2,5649068646E+4	1,8412818800E-4
2,5649626215E+4	1,8480890900E-4
2,5650177499E+4	1,8528826600E-4
2,5650737875E+4	1,8595141500E-4
2,5651288860E+4	1,8652402800E-4
2,5651849946E+4	1,8717177300E-4
2,5652401413E+4	1,8772093400E-4
2,5652956124E+4	1,8838684900E-4
2,5653507060E+4	1,8895134600E-4
2,5654068111E+4	1,8920201200E-4
2,5654619039E+4	1,8985137100E-4
2,5655179248E+4	1,9053133100E-4
2,5655731997E+4	1,9111667400E-4
2,5656284278E+4	1,9162059000E-4
2,5656835240E+4	1,9207492700E-4
2,5657385988E+4	1,9284235400E-4
2,5657945958E+4	1,9336513400E-4
2,5658499031E+4	1,9393571800E-4
2,5659052407E+4	1,9454728100E-4
2,5659603633E+4	1,9517420200E-4
2,5660160408E+4	1,9574845200E-4
2,5660713153E+4	1,9626235400E-4
2,5661272873E+4	1,9673590000E-4
2,5661823474E+4	1,9738429000E-4
2,5662382398E+4	1,9797288400E-4
2,5662934167E+4	1,9845883700E-4
2,5663484586E+4	1,9907881600E-4
2,5664040827E+4	1,9960032800E-4
2,5664591227E+4	2,0008602600E-4
2,5665147909E+4	2,0080076100E-4
2,5665699381E+4	2,0133615500E-4
2,5666258472E+4	2,0189841500E-4
2,5666809333E+4	2,0257445400E-4
2,5667367384E+4	2,0293814000E-4
2,5667918057E+4	2,0344489300E-4
2,5668478982E+4	2,0425147700E-4
2,5669029649E+4	2,0486892000E-4
2,5669588741E+4	2,0542495300E-4
2,5670141311E+4	2,0611960300E-4
2,5670698356E+4	2,0662243500E-4
2,5671249970E+4	2,0722648000E-4
2,5671805878E+4	2,0744866700E-4
2,5672358311E+4	2,0814018000E-4
2,5672910375E+4	2,0872310200E-4
2,5673463457E+4	2,0948969900E-4
2,5674014480E+4	2,1000742900E-4
2,5674574341E+4	2,1048143600E-4
2,5675125399E+4	2,1117308700E-4
2,5675686319E+4	2,1181375200E-4
2,5676236978E+4	2,1232112800E-4
2,5676796110E+4	2,1287704500E-4
2,5677346764E+4	2,1352165400E-4
2,5677905377E+4	2,1410667300E-4
2,5678456396E+4	2,1458868200E-4
2,5679007409E+4	2,1512564500E-4
2,5679566694E+4	2,1583673600E-4
2,5680118700E+4	2,1638882600E-4
2,5680674718E+4	2,1698064800E-4
2,5681225708E+4	2,1758780600E-4
2,5681786284E+4	2,1810341400E-4
2,5682338067E+4	2,1871181800E-4
2,5682896983E+4	2,1926697400E-4
2,5683449330E+4	2,1965741000E-4
2,5684009522E+4	2,2038111600E-4
2,5684559242E+4	2,2098253200E-4
2,5685118254E+4	2,2171287800E-4
2,5685668753E+4	2,2212007900E-4
2,5686230304E+4	2,2258078100E-4
2,5686781963E+4	2,2299914300E-4
2,5687340374E+4	2,2350202200E-4
2,5687892128E+4	2,2423276000E-4
2,5688447296E+4	2,2457652200E-4
2,5688997449E+4	2,2507838600E-4
2,5689549340E+4	2,2553984800E-4
2,5690109607E+4	2,2610081600E-4
2,5690659922E+4	2,2680213000E-4
2,5691216032E+4	2,2724233100E-4
2,5691767351E+4	2,2786540000E-4
2,5692324665E+4	2,2851891000E-4
2,5692876865E+4	2,2912745100E-4
2,5693437285E+4	2,2951002400E-4
2,5693987468E+4	2,3018982200E-4
2,5694546158E+4	2,3078863200E-4
2,5695096773E+4	2,3117863000E-4
2,5695648639E+4	2,3178159100E-4
2,5696205483E+4	2,3234412700E-4
2,5696758138E+4	2,3301730700E-4
2,5697313705E+4	2,3363315900E-4
2,5697865878E+4	2,3421179100E-4
2,5698424434E+4	2,3487828300E-4
2,5698974537E+4	2,3533407300E-4
2,5699537849E+4	2,3584232500E-4
2,5700088674E+4	2,3638090100E-4
2,5700645079E+4	2,3700143400E-4
2,5701196834E+4	2,3754342300E-4
2,5701747718E+4	2,3820364300E-4
2,5702305247E+4	2,3857915900E-4
2,5702855702E+4	2,3920347400E-4
2,5703412406E+4	2,3973114300E-4
2,5703965232E+4	2,4035785600E-4
2,5704521892E+4	2,4094045400E-4
2,5705072900E+4	2,4142961200E-4
2,5705628421E+4	2,4216680800E-4
2,5706180373E+4	2,4257933600E-4
2,5706735119E+4	2,4309252300E-4
2,5707287175E+4	2,4354081700E-4
2,5707839174E+4	2,4435069900E-4
2,5708389654E+4	2,4466635100E-4
2,5708948728E+4	2,4539644400E-4
2,5709502192E+4	2,4588604000E-4
2,5710053435E+4	2,4636927100E-4
2,5710604045E+4	2,4691850100E-4
2,5711162445E+4	2,4743457000E-4
2,5711713224E+4	2,4811483000E-4
2,5712264359E+4	2,4868608300E-4
2,5712820524E+4	2,4926503800E-4
2,5713373734E+4	2,4960921500E-4
2,5713928922E+4	2,5035397400E-4
2,5714481317E+4	2,5104525700E-4
2,5715037238E+4	2,5141214800E-4
2,5715587706E+4	2,5202901400E-4
2,5716149386E+4	2,5250592700E-4
2,5716701209E+4	2,5310201600E-4
2,5717258538E+4	2,5364709500E-4
2,5717808915E+4	2,5417831500E-4
2,5718370360E+4	2,5483842000E-4
2,5718921300E+4	2,5539514500E-4
2,5719481882E+4	2,5621056200E-4
2,5720033532E+4	2,5679249100E-4
2,5720592717E+4	2,5715186500E-4
2,5721144398E+4	2,5789976100E-4
2,5721702006E+4	2,5855465400E-4
2,5722253945E+4	2,5902882200E-4
2,5722811690E+4	2,5950972400E-4
2,5723363819E+4	2,6018880800E-4
2,5723922419E+4	2,6063030000E-4
2,5724474157E+4	2,6139267700E-4
2,5725032359E+4	2,6190533400E-4
2,5725583474E+4	2,6243072000E-4
2,5726140965E+4	2,6308796500E-4
2,5726692390E+4	2,6373172000E-4
2,5727243331E+4	2,6442565400E-4
2,5727800689E+4	2,6471072700E-4
2,5728352060E+4	2,6532106700E-4
2,5728906559E+4	2,6575448800E-4
2,5729457095E+4	2,6597473800E-4
2,5730007551E+4	2,6604929200E-4
2,5730567056E+4	2,6617999900E-4
2,5731117469E+4	2,6616904500E-4
2,5731674630E+4	2,6617716300E-4
2,5732225577E+4	2,6639252400E-4
2,5732787681E+4	2,6642317100E-4
2,5733339492E+4	2,6616694700E-4
2,5733897950E+4	2,6646034500E-4
2,5734448329E+4	2,6647122900E-4
2,5735008581E+4	2,6646345800E-4
2,5735560104E+4	2,6621057700E-4
2,5736117995E+4	2,6618813900E-4
2,5736669378E+4	2,6627911300E-4
2,5737228453E+4	2,6605883900E-4
2,5737781257E+4	2,6614527000E-4
2,5738337970E+4	2,6593551200E-4
2,5738889472E+4	2,6602245000E-4
2,5739443493E+4	2,6580441400E-4
2,5739994586E+4	2,6574028300E-4
2,5740546001E+4	2,6566914100E-4
2,5741101312E+4	2,6550716500E-4
2,5741652716E+4	2,6556721400E-4
2,5742209415E+4	2,6541568400E-4
2,5742760380E+4	2,6545472500E-4
2,5743310413E+4	2,6539859600E-4
2,5743868135E+4	2,6552462200E-4
2,5744419034E+4	2,6529461700E-4
2,5744974135E+4	2,6513208700E-4
2,5745524257E+4	2,6499923600E-4
2,5746083354E+4	2,6488960700E-4
2,5746635710E+4	2,6491889300E-4
2,5747193665E+4	2,6469806700E-4
2,5747743630E+4	2,6463287500E-4
2,5748300363E+4	2,6474785400E-4
2,5748851036E+4	2,6452871100E-4
2,5749402977E+4	2,6459053600E-4
2,5749959801E+4	2,6427952000E-4
2,5750512162E+4	2,6412070300E-4
2,5751070292E+4	2,6427299400E-4
2,5751620478E+4	2,6422117700E-4
2,5752180083E+4	2,6417925300E-4
2,5752730971E+4	2,6398563800E-4
2,5753290604E+4	2,6388555600E-4
2,5753842354E+4	2,6389263500E-4
2,5754401248E+4	2,6370363200E-4
2,5754952302E+4	2,6362614900E-4
2,5755511092E+4	2,6350842500E-4
2,5756061536E+4	2,6335424300E-4
2,5756622619E+4	2,6329103500E-4
2,5757173350E+4	2,6330763800E-4
2,5757733406E+4	2,6310978000E-4
2,5758284178E+4	2,6319932400E-4
2,5758841818E+4	2,6302337200E-4
2,5759393367E+4	2,6301802200E-4
2,5759945617E+4	2,6296438400E-4
2,5760498350E+4	2,6286914400E-4
2,5761049038E+4	2,6300208800E-4
2,5761600063E+4	2,6292040800E-4
2,5762158658E+4	2,6282207800E-4
2,5762709515E+4	2,6292303700E-4
2,5763265596E+4	2,6277362800E-4
2,5763815433E+4	2,6285475500E-4
2,5764366576E+4	2,6284211800E-4
2,5764924734E+4	2,6270165600E-4
2,5765476661E+4	2,6274268100E-4
2,5766033491E+4	2,6281972600E-4
2,5766584067E+4	2,6258847600E-4
2,5767145369E+4	2,6256698400E-4
2,5767698125E+4	2,6251659700E-4
2,5768255360E+4	2,6248177500E-4
2,5768806954E+4	2,6236794900E-4
2,5769364063E+4	2,6228737600E-4
2,5769914246E+4	2,6236592000E-4
2,5770465864E+4	2,6219282800E-4
2,5771023366E+4	2,6198802900E-4
2,5771576322E+4	2,6165768800E-4
2,5772132509E+4	2,6150657300E-4
2,5772682513E+4	2,6133108300E-4
2,5773243705E+4	2,6110596700E-4
2,5773796118E+4	2,6092330600E-4
2,5774353735E+4	2,6073640100E-4
2,5774904397E+4	2,6065947100E-4
2,5775462664E+4	2,6053665100E-4
2,5776014195E+4	2,6059566300E-4
2,5776564979E+4	2,6051871000E-4
2,5777121391E+4	2,6038083200E-4
2,5777673524E+4	2,6033005300E-4
2,5778232367E+4	2,6027201000E-4
2,5778785385E+4	2,6021177600E-4
2,5779342668E+4	2,6005060700E-4
2,5779894829E+4	2,6004410400E-4
2,5780454254E+4	2,5991058400E-4
2,5781005138E+4	2,5980051600E-4
2,5781562062E+4	2,5991076800E-4
2,5782114137E+4	2,5976908500E-4
2,5782669670E+4	2,5957168800E-4
2,5783221230E+4	2,5950375200E-4
2,5783779114E+4	2,5957821400E-4
2,5784329882E+4	2,5955194800E-4
2,5784886088E+4	2,5939403000E-4
2,5785437134E+4	2,5958259500E-4
2,5785987867E+4	2,5947541100E-4
2,5786544972E+4	2,5942875900E-4
2,5787095448E+4	2,5925942700E-4
2,5787653025E+4	2,5927978900E-4
2,5788205265E+4	2,5930241100E-4
2,5788762171E+4	2,5938224600E-4
2,5789314039E+4	2,5923648100E-4
2,5789871349E+4	2,5927153300E-4
2,5790422107E+4	2,5913337800E-4
2,5790982328E+4	2,5901544700E-4
2,5791532407E+4	2,5895998700E-4
2,5792085385E+4	2,5883204800E-4
2,5792643516E+4	2,5881535200E-4
2,5793193540E+4	2,5868983400E-4
2,5793752145E+4	2,5873198900E-4
2,5794302817E+4	2,5874732400E-4
2,5794861693E+4	2,5875894600E-4
2,5795412510E+4	2,5876870100E-4
2,5795968889E+4	2,5875781600E-4
2,5796519274E+4	2,5855848200E-4
2,5797077029E+4	2,5854155600E-4
2,5797629067E+4	2,5861484200E-4
2,5798184501E+4	2,5850445100E-4
2,5798734395E+4	2,5835285200E-4
2,5799291475E+4	2,5835144500E-4
2,5799842211E+4	2,5844354900E-4
2,5800393537E+4	2,5813638400E-4
2,5800953130E+4	2,5820282100E-4
2,5801503934E+4	2,5817275000E-4
2,5802062100E+4	2,5823623500E-4
2,5802612208E+4	2,5827188700E-4
2,5803170953E+4	2,5802892200E-4
2,5803721838E+4	2,5815421000E-4
2,5804281230E+4	2,5785887500E-4
2,5804832197E+4	2,5778701800E-4
2,5805389522E+4	2,5775853900E-4
2,5805940073E+4	2,5766265400E-4
2,5806490464E+4	2,5775318900E-4
2,5807050208E+4	2,5742637600E-4
2,5807600557E+4	2,5744800700E-4
2,5808157548E+4	2,5737303800E-4
2,5808707513E+4	2,5727519200E-4
2,5809270105E+4	2,5690719400E-4
2,5809820387E+4	2,5687124300E-4
2,5810381190E+4	2,5678596500E-4
2,5810932872E+4	2,5665103900E-4
2,5811489330E+4	2,5647089100E-4
2,5812039967E+4	2,5637419800E-4
2,5812597864E+4	2,5604272800E-4
2,5813149079E+4	2,5598569900E-4
2,5813707317E+4	2,5582600600E-4
2,5814260066E+4	2,5594721100E-4
2,5814812502E+4	2,5572488600E-4
2,5815364314E+4	2,5563183700E-4
2,5815917310E+4	2,5519664100E-4
2,5816472136E+4	2,5527241700E-4
2,5817022400E+4	2,5511980300E-4
2,5817579985E+4	2,5491292800E-4
2,5818131970E+4	2,5488615500E-4
2,5818688614E+4	2,5489526400E-4
2,5819239693E+4	2,5471624600E-4
2,5819797359E+4	2,5478664900E-4
2,5820348008E+4	2,5463731000E-4
2,5820905342E+4	2,5443108100E-4
2,5821457947E+4	2,5435774800E-4
2,5822012965E+4	2,5427360100E-4
2,5822564349E+4	2,5423068600E-4
2,5823123495E+4	2,5432050600E-4
2,5823674247E+4	2,5420714100E-4
2,5824233931E+4	2,5408944000E-4
2,5824786048E+4	2,5396097100E-4
2,5825344690E+4	2,5390481900E-4
2,5825895521E+4	2,5381912600E-4
2,5826456736E+4	2,5387128900E-4
2,5827008283E+4	2,5390724000E-4
2,5827565374E+4	2,5373191200E-4
2,5828116191E+4	2,5393189200E-4
2,5828666747E+4	2,5399964300E-4
2,5829223376E+4	2,5382452200E-4
2,5829773440E+4	2,5363189900E-4
2,5830329815E+4	2,5379316000E-4
2,5830880232E+4	2,5369932700E-4
2,5831430625E+4	2,5358123500E-4
2,5831991235E+4	2,5349605000E-4
2,5832541872E+4	2,5341199400E-4
2,5833096427E+4	2,5351599700E-4
2,5833647053E+4	2,5332457200E-4
2,5834205529E+4	2,5329906700E-4
2,5834755903E+4	2,5339529900E-4
2,5835314188E+4	2,5332438800E-4
2,5835864560E+4	2,5313095700E-4
2,5836422281E+4	2,5323595100E-4
2,5836974446E+4	2,5298569900E-4
2,5837529182E+4	2,5264945500E-4
2,5838079896E+4	2,5252891800E-4
2,5838640408E+4	2,5247396500E-4
2,5839191445E+4	2,5229815300E-4
2,5839750379E+4	2,5224255400E-4
2,5840300800E+4	2,5225115500E-4
2,5840858908E+4	2,5226420800E-4
2,5841409746E+4	2,5213949700E-4
2,5841964697E+4	2,5210084800E-4
2,5842514400E+4	2,5205011500E-4
2,5843075518E+4	2,5204893900E-4
2,5843625674E+4	2,5199428500E-4
2,5844186779E+4	2,5178722600E-4
2,5844737931E+4	2,5183655200E-4
2,5845296458E+4	2,5163664100E-4
2,5845846600E+4	2,5150837900E-4
2,5846406988E+4	2,5163493500E-4
2,5846958618E+4	2,5153845000E-4
2,5847519373E+4	2,5148382000E-4
2,5848070774E+4	2,5143124200E-4
2,5848628527E+4	2,5140126300E-4
2,5849179738E+4	2,5129490900E-4
2,5849737942E+4	2,5146327300E-4
2,5850288308E+4	2,5129004300E-4
2,5850839251E+4	2,5137977100E-4
2,5851398390E+4	2,5130722300E-4
2,5851950876E+4	2,5118135900E-4
2,5852508019E+4	2,5131956000E-4
2,5853058412E+4	2,5114543100E-4
2,5853617422E+4	2,5119671700E-4
2,5854168293E+4	2,5106388900E-4
2,5854728830E+4	2,5103854600E-4
2,5855280891E+4	2,5083229400E-4
2,5855838620E+4	2,5084444600E-4
2,5856391275E+4	2,5071867500E-4
2,5856948850E+4	2,5065073900E-4
2,5857499296E+4	2,5044670000E-4
2,5858059359E+4	2,5026445400E-4
2,5858609694E+4	2,5024067800E-4
2,5859171931E+4	2,5020398900E-4
2,5859722379E+4	2,5005278200E-4
2,5860277962E+4	2,4989172800E-4
2,5860828546E+4	2,4974282700E-4
2,5861387589E+4	2,4964611100E-4
2,5861939373E+4	2,4965844900E-4
2,5862499269E+4	2,4951953300E-4
2,5863053683E+4	2,4940769000E-4
2,5863607969E+4	2,4933292800E-4
2,5864160092E+4	2,4943628500E-4
2,5864717975E+4	2,4906146000E-4
2,5865268702E+4	2,4925542200E-4
2,5865828213E+4	2,4894373700E-4
2,5866378980E+4	2,4894336800E-4
2,5866939412E+4	2,4860228100E-4
2,5867490396E+4	2,4874435600E-4
2,5868049788E+4	2,4849159100E-4
2,5868600354E+4	2,4848497300E-4
2,5869156772E+4	2,4847570200E-4
2,5869707600E+4	2,4840403100E-4
2,5870264695E+4	2,4841738300E-4
2,5870816634E+4	2,4837645000E-4
2,5871375267E+4	2,4847752400E-4
2,5871925567E+4	2,4829170300E-4
2,5872482367E+4	2,4832664000E-4
2,5873034206E+4	2,4817298800E-4
2,5873594952E+4	2,4811741300E-4
2,5874145652E+4	2,4800718400E-4
2,5874702227E+4	2,4786506200E-4
2,5875253364E+4	2,4794865600E-4
2,5875803517E+4	2,4765242200E-4
2,5876360810E+4	2,4759092000E-4
2,5876911266E+4	2,4766932500E-4
2,5877471002E+4	2,4759207300E-4
2,5878021673E+4	2,4744273400E-4
2,5878586924E+4	2,4728633800E-4
2,5879137279E+4	2,4738702000E-4
2,5879695310E+4	2,4712051000E-4
2,5880245264E+4	2,4706880900E-4
2,5880801291E+4	2,4697546000E-4
2,5881352278E+4	2,4682676700E-4
2,5881910458E+4	2,4679946300E-4
2,5882461493E+4	2,4678256000E-4
2,5883019942E+4	2,4648468800E-4
2,5883570457E+4	2,4664788700E-4
2,5884128758E+4	2,4636154600E-4
2,5884679417E+4	2,4626012600E-4
2,5885237653E+4	2,4612918900E-4
2,5885789036E+4	2,4588613200E-4
2,5886342324E+4	2,4563470400E-4
2,5886893887E+4	2,4574163500E-4
2,5887451333E+4	2,4569030300E-4
2,5888002282E+4	2,4561498700E-4
2,5888555039E+4	2,4569138700E-4
2,5889112401E+4	2,4561514900E-4
2,5889663693E+4	2,4535057700E-4
2,5890220445E+4	2,4537038500E-4
2,5890771531E+4	2,4513371600E-4
2,5891331740E+4	2,4504714700E-4
2,5891882886E+4	2,4506861700E-4
2,5892442283E+4	2,4507917800E-4
2,5892992469E+4	2,4478033800E-4
2,5893553931E+4	2,4474729300E-4
2,5894105876E+4	2,4460171200E-4
2,5894664137E+4	2,4474341900E-4
2,5895214881E+4	2,4477187500E-4
2,5895773801E+4	2,4475619400E-4
2,5896325092E+4	2,4455194800E-4
2,5896880572E+4	2,4453013300E-4
2,5897431404E+4	2,4434996200E-4
2,5897984285E+4	2,4432399600E-4
2,5898538428E+4	2,4429856000E-4
2,5899089402E+4	2,4394781100E-4
2,5899640488E+4	2,4416421000E-4
2,5900200388E+4	2,4389359600E-4
2,5900751347E+4	2,4399224800E-4
2,5901307297E+4	2,4373517100E-4
2,5901858432E+4	2,4369898900E-4
2,5902417585E+4	2,4343446300E-4
2,5902970069E+4	2,4350592700E-4
2,5903527199E+4	2,4326132500E-4
2,5904077262E+4	2,4322120000E-4
2,5904638113E+4	2,4327301700E-4
2,5905189129E+4	2,4324954100E-4
2,5905748631E+4	2,4312273200E-4
2,5906300581E+4	2,4314521600E-4
2,5906860497E+4	2,4313287800E-4
2,5907411426E+4	2,4300473200E-4
2,5907969324E+4	2,4283431500E-4
2,5908520425E+4	2,4268107800E-4
2,5909077404E+4	2,4274440200E-4
2,5909629477E+4	2,4271403200E-4
2,5910184256E+4	2,4260064400E-4
2,5910736645E+4	2,4248584900E-4
2,5911290847E+4	2,4235539600E-4
2,5911842909E+4	2,4224346100E-4
2,5912394381E+4	2,4221611100E-4
2,5912950182E+4	2,4224106200E-4
2,5913501914E+4	2,4205009900E-4
2,5914059918E+4	2,4207601900E-4
2,5914611036E+4	2,4177782500E-4
2,5915171027E+4	2,4185210200E-4
2,5915722150E+4	2,4181458300E-4
2,5916281948E+4	2,4171378600E-4
2,5916833141E+4	2,4155706700E-4
2,5917390952E+4	2,4160263500E-4
2,5917941613E+4	2,4154752000E-4
2,5918502590E+4	2,4167806500E-4
2,5919053764E+4	2,4163893200E-4
2,5919614114E+4	2,4149830900E-4
2,5920165538E+4	2,4145929100E-4
2,5920722285E+4	2,4154030200E-4
2,5921273047E+4	2,4147831600E-4
2,5921831191E+4	2,4148491100E-4
2,5922382645E+4	2,4132159700E-4
2,5922940652E+4	2,4116243400E-4
2,5923492164E+4	2,4110413700E-4
2,5924056208E+4	2,4122045400E-4
2,5924606515E+4	2,4120652600E-4
2,5925157858E+4	2,4115846800E-4
2,5925708698E+4	2,4098855800E-4
2,5926266525E+4	2,4086767600E-4
2,5926816600E+4	2,4070249400E-4
2,5927373673E+4	2,4082981100E-4
2,5927926214E+4	2,4063232100E-4
2,5928479691E+4	2,4063792500E-4
2,5929030667E+4	2,4050890200E-4
2,5929589191E+4	2,4039443000E-4
2,5930142959E+4	2,4013610700E-4
2,5930698168E+4	2,4010227700E-4
2,5931248553E+4	2,3999809000E-4
2,5931803329E+4	2,3997477600E-4
2,5932354350E+4	2,3988241900E-4
2,5932904289E+4	2,3985871300E-4
2,5933464940E+4	2,3946998300E-4
2,5934016407E+4	2,3955240100E-4
2,5934575205E+4	2,3932975300E-4
2,5935126269E+4	2,3951126100E-4
2,5935684199E+4	2,3918283500E-4
2,5936234632E+4	2,3905738600E-4
2,5936796002E+4	2,3905226700E-4
2,5937347808E+4	2,3898495300E-4
2,5937905978E+4	2,3885507700E-4
2,5938456882E+4	2,3878195200E-4
2,5939015388E+4	2,3873151900E-4
2,5939570240E+4	2,3858494700E-4
2,5940127341E+4	2,3865638800E-4
2,5940679030E+4	2,3841510700E-4
2,5941239075E+4	2,3834170600E-4
2,5941790224E+4	2,3819296600E-4
2,5942349360E+4	2,3813462300E-4
2,5942901938E+4	2,3821713300E-4
2,5943458553E+4	2,3818348800E-4
2,5944009558E+4	2,3805474200E-4
2,5944571103E+4	2,3812777400E-4
2,5945122199E+4	2,3803553300E-4
2,5945678457E+4	2,3786590000E-4
2,5946228519E+4	2,3795883400E-4
2,5946780102E+4	2,3779053900E-4
2,5947339297E+4	2,3793238300E-4
2,5947891173E+4	2,3760377200E-4
2,5948448519E+4	2,3760165100E-4
2,5948999675E+4	2,3761966100E-4
2,5949556184E+4	2,3751346800E-4
2,5950107407E+4	2,3755666000E-4
2,5950667433E+4	2,3750491200E-4
2,5951218345E+4	2,3714205600E-4
2,5951777748E+4	2,3723180700E-4
2,5952328365E+4	2,3725413000E-4
2,5952888282E+4	2,3720023800E-4
2,5953438262E+4	2,3715241000E-4
2,5953998789E+4	2,3704195100E-4
2,5954551356E+4	2,3698667500E-4
2,5955109454E+4	2,3694336800E-4
2,5955662001E+4	2,3687893700E-4
2,5956222364E+4	2,3681017100E-4
2,5956773430E+4	2,3677410400E-4
2,5957333708E+4	2,3672457000E-4
2,5957883942E+4	2,3682011000E-4
2,5958443059E+4	2,3659328700E-4
2,5958994932E+4	2,3648209000E-4
2,5959553524E+4	2,3656224800E-4
2,5960103379E+4	2,3631259600E-4
2,5960664115E+4	2,3603711600E-4
2,5961216321E+4	2,3623539000E-4
2,5961775457E+4	2,3600808300E-4
2,5962326548E+4	2,3600720700E-4
2,5962882308E+4	2,3607235200E-4
2,5963432770E+4	2,3597222400E-4
2,5963993446E+4	2,3588187300E-4
2,5964544102E+4	2,3563544900E-4
2,5965103423E+4	2,3557812100E-4
2,5965653426E+4	2,3563888500E-4
2,5966216056E+4	2,3535021500E-4
2,5966767746E+4	2,3551309100E-4
2,5967326444E+4	2,3543224100E-4
2,5967877429E+4	2,3542497700E-4
2,5968437847E+4	2,3542225600E-4
2,5968989361E+4	2,3533019900E-4
2,5969549542E+4	2,3510259200E-4
2,5970102036E+4	2,3515798300E-4
2,5970658139E+4	2,3507118400E-4
2,5971210122E+4	2,3515457000E-4
2,5971769349E+4	2,3512941100E-4
2,5972322410E+4	2,3502621600E-4
2,5972879148E+4	2,3486836700E-4
2,5973430121E+4	2,3493711100E-4
2,5973989659E+4	2,3486889800E-4
2,5974542141E+4	2,3473062700E-4
2,5975100487E+4	2,3459863000E-4
2,5975651457E+4	2,3466301400E-4
2,5976211064E+4	2,3464763300E-4
2,5976762296E+4	2,3449748700E-4
2,5977319721E+4	2,3448823900E-4
2,5977872140E+4	2,3433541800E-4
2,5978422430E+4	2,3431406400E-4
2,5978979317E+4	2,3425226200E-4
2,5979530338E+4	2,3401979000E-4
2,5980088718E+4	2,3390541000E-4
2,5980639904E+4	2,3386939000E-4
2,5981199683E+4	2,3379760300E-4
2,5981750796E+4	2,3364095300E-4
2,5982308844E+4	2,3368361500E-4
2,5982859539E+4	2,3352565100E-4
2,5983414753E+4	2,3362965400E-4
2,5983966191E+4	2,3344600000E-4
2,5984516827E+4	2,3335477300E-4
2,5985074398E+4	2,3337859500E-4
2,5985626946E+4	2,3319856200E-4
2,5986182240E+4	2,3321634200E-4
2,5986733366E+4	2,3321541900E-4
2,5987285729E+4	2,3303321900E-4
2,5987842233E+4	2,3311607500E-4
2,5988393062E+4	2,3297441500E-4
2,5988949920E+4	2,3284686700E-4
2,5989500693E+4	2,3284103300E-4
2,5990061364E+4	2,3270910400E-4
2,5990613344E+4	2,3266478200E-4
2,5991172804E+4	2,3252143900E-4
2,5991723591E+4	2,3251352900E-4
2,5992282369E+4	2,3245264900E-4
2,5992833617E+4	2,3223203000E-4
2,5993391363E+4	2,3201846800E-4
2,5993942403E+4	2,3198509900E-4
2,5994503437E+4	2,3198701300E-4
2,5995054259E+4	2,3204238100E-4
2,5995613005E+4	2,3197576000E-4
2,5996163216E+4	2,3176443400E-4
2,5996722453E+4	2,3163361200E-4
2,5997274290E+4	2,3148436500E-4
2,5997830939E+4	2,3137217600E-4
2,5998383145E+4	2,3129063500E-4
2,5998942080E+4	2,3125883400E-4
2,5999493227E+4	2,3124442100E-4
2,6000050302E+4	2,3117238100E-4
2,6000602202E+4	2,3104227400E-4
2,6001159184E+4	2,3096211600E-4
2,6001710174E+4	2,3095386000E-4
2,6002266480E+4	2,3075752400E-4
2,6002817533E+4	2,3068156300E-4
2,6003373995E+4	2,3062566400E-4
2,6003925270E+4	2,3050215200E-4
2,6004476329E+4	2,3052161500E-4
2,6005031229E+4	2,3040453800E-4
2,6005583087E+4	2,3029207200E-4
2,6006141275E+4	2,3035214400E-4
2,6006692342E+4	2,3006252800E-4
2,6007245107E+4	2,3020718600E-4
2,6007800445E+4	2,3020453500E-4
2,6008351361E+4	2,3007039200E-4
2,6008910258E+4	2,3006734800E-4
2,6009462713E+4	2,3011409200E-4
2,6010019214E+4	2,3005399600E-4
2,6010570185E+4	2,3002108900E-4
2,6011121891E+4	2,2998758200E-4
2,6011677331E+4	2,2990885400E-4
2,6012228751E+4	2,2992303600E-4
2,6012785380E+4	2,2987394000E-4
2,6013336543E+4	2,2993837100E-4
2,6013887938E+4	2,2962908500E-4
2,6014444826E+4	2,2947845400E-4
2,6014995285E+4	2,2947969900E-4
2,6015556879E+4	2,2951576600E-4
2,6016108199E+4	2,2948297400E-4
2,6016666717E+4	2,2946934500E-4
2,6017218125E+4	2,2939354500E-4
2,6017777663E+4	2,2933624000E-4
2,6018329112E+4	2,2938436700E-4
2,6018887046E+4	2,2930872900E-4
2,6019439151E+4	2,2943823700E-4
2,6019990909E+4	2,2951484300E-4
2,6020541763E+4	2,2936564200E-4
2,6021097738E+4	2,2939165500E-4
2,6021648714E+4	2,2925112400E-4
2,6022207725E+4	2,2912756700E-4
2,6022759113E+4	2,2900011200E-4
2,6023317788E+4	2,2888499400E-4
2,6023868518E+4	2,2881523600E-4
2,6024423722E+4	2,2870676000E-4
2,6024974417E+4	2,2880209200E-4
2,6025531566E+4	2,2865526600E-4
2,6026083545E+4	2,2872709900E-4
2,6026640278E+4	2,2857540800E-4
2,6027191814E+4	2,2856849000E-4
2,6027742232E+4	2,2842016500E-4
2,6028298298E+4	2,2843808300E-4
2,6028849902E+4	2,2832506400E-4
2,6029405230E+4	2,2834923100E-4
2,6029957788E+4	2,2825477500E-4
2,6030509002E+4	2,2819973000E-4
2,6031059978E+4	2,2812780500E-4
2,6031617245E+4	2,2796446800E-4
2,6032167985E+4	2,2803565500E-4
2,6032724880E+4	2,2790550200E-4
2,6033276960E+4	2,2790630900E-4
2,6033830948E+4	2,2798457600E-4
2,6034382369E+4	2,2788573900E-4
2,6034934203E+4	2,2771624500E-4
2,6035492914E+4	2,2755180100E-4
2,6036044338E+4	2,2752115400E-4
2,6036601022E+4	2,2749733300E-4
2,6037151670E+4	2,2749541900E-4
2,6037702625E+4	2,2735481900E-4
2,6038261152E+4	2,2729161100E-4
2,6038811947E+4	2,2721950100E-4
2,6039370577E+4	2,2719353500E-4
2,6039921654E+4	2,2725321500E-4
2,6040482319E+4	2,2708773300E-4
2,6041034993E+4	2,2722026200E-4
2,6041592896E+4	2,2704269600E-4
2,6042144363E+4	2,2705830800E-4
2,6042701757E+4	2,2692594100E-4
2,6043253338E+4	2,2679599600E-4
2,6043810843E+4	2,2695061600E-4
2,6044362909E+4	2,2689713900E-4
2,6044920610E+4	2,2660710800E-4
2,6045471311E+4	2,2658716100E-4
2,6046030057E+4	2,2652134600E-4
2,6046580545E+4	2,2635953100E-4
2,6047132674E+4	2,2620915400E-4
2,6047683700E+4	2,2617283400E-4
2,6048241015E+4	2,2632339600E-4
2,6048791588E+4	2,2624201500E-4
2,6049351808E+4	2,2619497200E-4
2,6049903516E+4	2,2609491300E-4
2,6050457979E+4	2,2591365800E-4
2,6051009078E+4	2,2601390200E-4
2,6051559397E+4	2,2586255600E-4
2,6052117505E+4	2,2583338500E-4
2,6052670039E+4	2,2569778900E-4
2,6053226087E+4	2,2583573700E-4
2,6053777334E+4	2,2568586700E-4
2,6054334088E+4	2,2560792300E-4
2,6054884470E+4	2,2541652100E-4
2,6055446179E+4	2,2526605200E-4
2,6055997114E+4	2,2513230100E-4
2,6056556736E+4	2,2519975300E-4
2,6057107636E+4	2,2520217500E-4
2,6057665357E+4	2,2519094400E-4
2,6058217494E+4	2,2518195100E-4
2,6058776462E+4	2,2515374800E-4
2,6059327219E+4	2,2510209200E-4
2,6059888040E+4	2,2511795800E-4
2,6060438856E+4	2,2492219800E-4
2,6060995563E+4	2,2484916600E-4
2,6061546242E+4	2,2491449600E-4
2,6062102768E+4	2,2458012000E-4
2,6062653578E+4	2,2469436100E-4
2,6063205158E+4	2,2494110800E-4
2,6063765309E+4	2,2472606900E-4
2,6064317114E+4	2,2480957100E-4
2,6064873334E+4	2,2442619100E-4
2,6065424934E+4	2,2453568200E-4
2,6065984500E+4	2,2450452800E-4
2,6066535992E+4	2,2451478900E-4
2,6067095691E+4	2,2447973800E-4
2,6067647250E+4	2,2452830300E-4
2,6068203931E+4	2,2430867500E-4
2,6068754429E+4	2,2438512100E-4
2,6069306305E+4	2,2448999900E-4
2,6069862541E+4	2,2439639700E-4
2,6070413645E+4	2,2433318900E-4
2,6070972845E+4	2,2436215200E-4
2,6071524210E+4	2,2424516700E-4
2,6072083411E+4	2,2420485700E-4
2,6072636106E+4	2,2416530900E-4
2,6073195118E+4	2,2421788600E-4
2,6073746060E+4	2,2431757700E-4
2,6074304660E+4	2,2422111500E-4
2,6074856859E+4	2,2400550000E-4
2,6075407524E+4	2,2404717000E-4
2,6075965024E+4	2,2398064100E-4
2,6076516029E+4	2,2380593500E-4
2,6077071669E+4	2,2396320700E-4
2,6077623746E+4	2,2390272000E-4
2,6078181549E+4	2,2369745900E-4
2,6078734100E+4	2,2382152400E-4
2,6079292614E+4	2,2376405700E-4
2,6079844899E+4	2,2374759200E-4
2,6080398651E+4	2,2376327300E-4
2,6080949698E+4	2,2375144300E-4
2,6081509142E+4	2,2364149100E-4
2,6082061366E+4	2,2353303800E-4
2,6082619750E+4	2,2345301800E-4
2,6083170654E+4	2,2327416200E-4
2,6083727374E+4	2,2327614500E-4
2,6084280267E+4	2,2328649900E-4
2,6084830674E+4	2,2324270700E-4
2,6085386673E+4	2,2306172900E-4
2,6085937961E+4	2,2298346200E-4
2,6086494415E+4	2,2286645300E-4
2,6087045115E+4	2,2298650600E-4
2,6087604175E+4	2,2280935600E-4
2,6088156020E+4	2,2283649800E-4
2,6088714149E+4	2,2271231700E-4
2,6089265576E+4	2,2268090900E-4
2,6089820161E+4	2,2264249000E-4
2,6090373403E+4	2,2262127500E-4
2,6090928722E+4	2,2255038700E-4
2,6091480141E+4	2,2241942700E-4
2,6092038861E+4	2,2248611800E-4
2,6092589661E+4	2,2215284800E-4
2,6093149823E+4	2,2220272800E-4
2,6093701859E+4	2,2226706700E-4
2,6094258493E+4	2,2226561400E-4
2,6094809156E+4	2,2218693200E-4
2,6095369450E+4	2,2216276400E-4
2,6095919832E+4	2,2209840300E-4
2,6096480468E+4	2,2200272500E-4
2,6097031359E+4	2,2183327700E-4
2,6097590636E+4	2,2182675100E-4
2,6098143531E+4	2,2175450200E-4
2,6098701257E+4	2,2151605800E-4
2,6099252352E+4	2,2142858900E-4
2,6099812190E+4	2,2136208300E-4
2,6100363521E+4	2,2130724600E-4
2,6100918307E+4	2,2123608100E-4
2,6101469215E+4	2,2117891400E-4
2,6102026535E+4	2,2108302900E-4
2,6102578360E+4	2,2077104400E-4
2,6103137620E+4	2,2064898600E-4
2,6103687850E+4	2,2074500900E-4
2,6104241941E+4	2,2071154900E-4
2,6104792731E+4	2,2074607000E-4
2,6105344654E+4	2,2067361400E-4
2,6105899744E+4	2,2035155200E-4
2,6106450487E+4	2,2028723700E-4
2,6107006821E+4	2,2042866600E-4
2,6107557709E+4	2,2030218000E-4
2,6108109698E+4	2,2032517100E-4
2,6108667143E+4	2,2026950300E-4
2,6109217249E+4	2,2019275800E-4
2,6109773507E+4	2,2002347200E-4
2,6110325586E+4	2,2010628200E-4
2,6110885558E+4	2,2019940000E-4
2,6111435425E+4	2,1995491300E-4
2,6111993855E+4	2,2005790100E-4
2,6112545969E+4	2,2001641500E-4
2,6113101659E+4	2,1995477500E-4
2,6113653936E+4	2,1989843800E-4
2,6114212076E+4	2,1999976500E-4
2,6114763265E+4	2,1977268900E-4
2,6115318832E+4	2,1992242100E-4
2,6115868584E+4	2,1971386200E-4
2,6116429242E+4	2,1958730700E-4
2,6116980865E+4	2,1973876800E-4
2,6117537999E+4	2,1966225300E-4
2,6118088833E+4	2,1947311100E-4
2,6118645781E+4	2,1968051700E-4
2,6119197052E+4	2,1956249400E-4
2,6119751595E+4	2,1957633000E-4
2,6120304053E+4	2,1955442200E-4
2,6120854360E+4	2,1954413800E-4
2,6121411214E+4	2,1935873200E-4
2,6121961414E+4	2,1934484900E-4
2,6122521332E+4	2,1920704000E-4
2,6123073218E+4	2,1932202000E-4
2,6123632541E+4	2,1931874500E-4
2,6124183492E+4	2,1931238000E-4
2,6124742237E+4	2,1934337300E-4
2,6125292401E+4	2,1917839900E-4
2,6125853280E+4	2,1893702600E-4
2,6126404669E+4	2,1885509200E-4
2,6126955617E+4	2,1895941700E-4
2,6127512316E+4	2,1889210400E-4
2,6128062619E+4	2,1877442700E-4
2,6128623920E+4	2,1868825000E-4
2,6129175040E+4	2,1873105000E-4
2,6129733442E+4	2,1860627000E-4
2,6130284464E+4	2,1863170600E-4
2,6130846011E+4	2,1854195400E-4
2,6131396900E+4	2,1841853500E-4
2,6131956165E+4	2,1832306500E-4
2,6132508982E+4	2,1834725500E-4
2,6133065478E+4	2,1835366600E-4
2,6133616326E+4	2,1813521500E-4
2,6134177225E+4	2,1821175200E-4
2,6134728974E+4	2,1803114300E-4
2,6135286287E+4	2,1781864100E-4
2,6135837212E+4	2,1784636000E-4
2,6136395256E+4	2,1779539600E-4
2,6136946318E+4	2,1768074000E-4
2,6137501302E+4	2,1761335700E-4
2,6138053555E+4	2,1767942500E-4
2,6138608449E+4	2,1763401900E-4
2,6139158381E+4	2,1751710300E-4
2,6139708439E+4	2,1730444000E-4
2,6140268672E+4	2,1734530300E-4
2,6140821006E+4	2,1733255000E-4
2,6141378567E+4	2,1729941300E-4
2,6141930788E+4	2,1721572600E-4
2,6142488863E+4	2,1721743300E-4
2,6143039995E+4	2,1706050700E-4
2,6143597245E+4	2,1713423100E-4
2,6144147463E+4	2,1703431000E-4
2,6144705340E+4	2,1699097900E-4
2,6145256501E+4	2,1699224800E-4
2,6145813480E+4	2,1681947900E-4
2,6146364482E+4	2,1665551900E-4
2,6146921975E+4	2,1672313300E-4
2,6147474398E+4	2,1657865900E-4
2,6148029166E+4	2,1660218100E-4
2,6148581328E+4	2,1670410800E-4
2,6149131981E+4	2,1659911400E-4
2,6149688640E+4	2,1647371100E-4
2,6150241844E+4	2,1643139500E-4
2,6150800531E+4	2,1641919600E-4
2,6151351660E+4	2,1630483900E-4
2,6151909769E+4	2,1624668100E-4
2,6152462119E+4	2,1615015000E-4
2,6153021897E+4	2,1611389900E-4
2,6153573107E+4	2,1616677700E-4
2,6154130435E+4	2,1595519700E-4
2,6154680893E+4	2,1592088300E-4
2,6155241416E+4	2,1576310400E-4
2,6155791549E+4	2,1587593900E-4
2,6156352695E+4	2,1583113200E-4
2,6156903632E+4	2,1575747700E-4
2,6157460327E+4	2,1558226400E-4
2,6158012672E+4	2,1566004700E-4
2,6158563007E+4	2,1556040300E-4
2,6159115243E+4	2,1562564100E-4
2,6159669926E+4	2,1534455700E-4
2,6160220651E+4	2,1532295000E-4
2,6160778192E+4	2,1548677100E-4
2,6161328332E+4	2,1546735400E-4
2,6161884320E+4	2,1538145400E-4
2,6162435983E+4	2,1540504500E-4
2,6162991431E+4	2,1550990000E-4
2,6163543596E+4	2,1515089600E-4
2,6164103534E+4	2,1530519300E-4
2,6164655743E+4	2,1527366900E-4
2,6165213069E+4	2,1506624100E-4
2,6165764714E+4	2,1507380500E-4
2,6166320860E+4	2,1506647100E-4
2,6166871268E+4	2,1501262500E-4
2,6167428946E+4	2,1493666400E-4
2,6167979518E+4	2,1502076600E-4
2,6168535498E+4	2,1479943200E-4
2,6169086368E+4	2,1457749800E-4
2,6169639234E+4	2,1454717400E-4
2,6170194188E+4	2,1455190100E-4
2,6170745555E+4	2,1435503400E-4
2,6171305395E+4	2,1437239900E-4
2,6171856927E+4	2,1425024800E-4
2,6172417998E+4	2,1416340200E-4
2,6172971018E+4	2,1409984800E-4
2,6173528257E+4	2,1397377600E-4
2,6174079903E+4	2,1377109800E-4
2,6174636851E+4	2,1362381100E-4
2,6175188570E+4	2,1373565400E-4
2,6175740863E+4	2,1361788500E-4
2,6176296768E+4	2,1353507500E-4
2,6176847746E+4	2,1360033600E-4
2,6177404170E+4	2,1352578100E-4
2,6177956355E+4	2,1330497800E-4
2,6178512215E+4	2,1330940500E-4
2,6179064374E+4	2,1305500300E-4
2,6179624114E+4	2,1302276400E-4
2,6180174697E+4	2,1321834000E-4
2,6180730699E+4	2,1295791800E-4
2,6181281574E+4	2,1289441000E-4
2,6181833563E+4	2,1291876200E-4
2,6182389571E+4	2,1299103300E-4
2,6182940630E+4	2,1290160500E-4
2,6183497272E+4	2,1301151100E-4
2,6184049365E+4	2,1301660700E-4
2,6184599641E+4	2,1281681200E-4
2,6185156960E+4	2,1283634400E-4
2,6185707539E+4	2,1266198400E-4
2,6186266362E+4	2,1276624000E-4
2,6186819158E+4	2,1282522900E-4
2,6187376313E+4	2,1249366600E-4
2,6187927338E+4	2,1238435900E-4
2,6188487773E+4	2,1247399500E-4
2,6189039939E+4	2,1246426400E-4
2,6189595382E+4	2,1230210300E-4
2,6190145523E+4	2,1225914100E-4
2,6190695702E+4	2,1229119500E-4
2,6191257638E+4	2,1223370600E-4
2,6191808052E+4	2,1215343200E-4
2,6192363812E+4	2,1199323200E-4
2,6192915041E+4	2,1202288700E-4
2,6193468086E+4	2,1200877400E-4
2,6194024888E+4	2,1196226100E-4
2,6194576480E+4	2,1196841800E-4
2,6195132765E+4	2,1187327100E-4
2,6195684164E+4	2,1184871200E-4
2,6196245271E+4	2,1165809400E-4
2,6196796467E+4	2,1163383500E-4
2,6197354369E+4	2,1155130100E-4
2,6197905716E+4	2,1127559100E-4
2,6198463081E+4	2,1105490300E-4
2,6199014710E+4	2,1103193500E-4
2,6199570459E+4	2,1087890600E-4
2,6200122129E+4	2,1089583200E-4
2,6200682433E+4	2,1090823800E-4
2,6201233588E+4	2,1080488200E-4
2,6201791596E+4	2,1069857300E-4
2,6202342415E+4	2,1062339600E-4
2,6202893104E+4	2,1062088200E-4
2,6203451171E+4	2,1045959800E-4
2,6204001984E+4	2,1055380000E-4
2,6204560605E+4	2,1056406200E-4
2,6205110922E+4	2,1040111700E-4
2,6205672458E+4	2,1034600200E-4
2,6206225013E+4	2,1056018700E-4
2,6206782789E+4	2,1040349200E-4
2,6207334230E+4	2,1048021400E-4
2,6207892368E+4	2,1042039500E-4
2,6208445021E+4	2,1029974300E-4
2,6208995686E+4	2,1036770200E-4
2,6209552432E+4	2,1044435500E-4
2,6210102449E+4	2,1042228600E-4
2,6210660660E+4	2,1047687000E-4
2,6211212175E+4	2,1063312800E-4
2,6211764125E+4	2,1049361200E-4
2,6212320552E+4	2,1053904100E-4
2,6212874348E+4	2,1050048400E-4
2,6213430979E+4	2,1049202100E-4
2,6213981815E+4	2,1064438100E-4
2,6214542315E+4	2,1065517300E-4
2,6215093463E+4	2,1065920900E-4
2,6215651228E+4	2,1055135500E-4
2,6216202395E+4	2,1072232500E-4
2,6216760761E+4	2,1070051000E-4
2,6217312989E+4	2,1056936500E-4
2,6217869540E+4	2,1058649900E-4
2,6218419893E+4	2,1058098800E-4
2,6218983264E+4	2,1046524800E-4
2,6219535018E+4	2,1035949300E-4
2,6220089481E+4	2,1035508800E-4
2,6220640363E+4	2,1038836400E-4
2,6221201419E+4	2,1027721300E-4
2,6221751984E+4	2,1018737000E-4
2,6222309385E+4	2,1009658100E-4
2,6222859349E+4	2,1008299800E-4
2,6223420053E+4	2,0996174600E-4
2,6223971142E+4	2,0991433400E-4
2,6224530274E+4	2,0994184500E-4
2,6225081519E+4	2,0979093800E-4
2,6225642212E+4	2,0960638500E-4
2,6226193679E+4	2,0950994600E-4
2,6226750639E+4	2,0947420300E-4
2,6227301666E+4	2,0925637400E-4
2,6227862040E+4	2,0942508400E-4
2,6228412405E+4	2,0908277500E-4
2,6228972716E+4	2,0901829800E-4
2,6229524071E+4	2,0890394100E-4
2,6230082047E+4	2,0893643400E-4
2,6230632523E+4	2,0894143800E-4
2,6231183589E+4	2,0875879900E-4
2,6231740298E+4	2,0872144100E-4
2,6232291856E+4	2,0872453100E-4
2,6232852374E+4	2,0876057500E-4
2,6233404188E+4	2,0873594600E-4
2,6233960882E+4	2,0860138900E-4
2,6234512372E+4	2,0849351200E-4
2,6235072619E+4	2,0844476200E-4
2,6235623680E+4	2,0846441000E-4
2,6236181466E+4	2,0856610600E-4
2,6236732893E+4	2,0846309500E-4
2,6237283640E+4	2,0847939900E-4
2,6237841279E+4	2,0860987500E-4
2,6238391509E+4	2,0839246100E-4
2,6238949001E+4	2,0840288500E-4
2,6239500326E+4	2,0831710000E-4
2,6240057430E+4	2,0812535200E-4
2,6240609311E+4	2,0804284200E-4
2,6241167316E+4	2,0813293900E-4
2,6241718189E+4	2,0805162800E-4
2,6242277169E+4	2,0791079800E-4
2,6242829333E+4	2,0785483000E-4
2,6243381927E+4	2,0788190300E-4
2,6243936538E+4	2,0777619400E-4
2,6244486843E+4	2,0765528900E-4
2,6245043363E+4	2,0788861400E-4
2,6245594351E+4	2,0768718100E-4
2,6246153181E+4	2,0785494600E-4
2,6246706344E+4	2,0776906900E-4
2,6247261767E+4	2,0770493800E-4
2,6247813272E+4	2,0774026600E-4
2,6248369383E+4	2,0778318200E-4
2,6248921987E+4	2,0781883300E-4
2,6249472926E+4	2,0767548900E-4
2,6250029537E+4	2,0757473800E-4
2,6250579582E+4	2,0748445700E-4
2,6251139160E+4	2,0738465100E-4
2,6251690088E+4	2,0749817800E-4
2,6252250336E+4	2,0737729500E-4
2,6252801843E+4	2,0716006600E-4
2,6253361251E+4	2,0721483400E-4
2,6253912128E+4	2,0731263400E-4
2,6254469366E+4	2,0719899200E-4
2,6255020608E+4	2,0697057800E-4
2,6255572671E+4	2,0713871200E-4
2,6256128718E+4	2,0702892100E-4
2,6256679864E+4	2,0705149700E-4
2,6257237244E+4	2,0697749700E-4
2,6257787340E+4	2,0691703200E-4
2,6258346434E+4	2,0686067200E-4
2,6258897587E+4	2,0688401000E-4
2,6259457096E+4	2,0678464200E-4
2,6260007658E+4	2,0652053100E-4
2,6260568154E+4	2,0658925100E-4
2,6261119022E+4	2,0674133500E-4
2,6261677947E+4	2,0668057000E-4
2,6262228712E+4	2,0663585600E-4
2,6262790845E+4	2,0665407400E-4
2,6263342618E+4	2,0648727800E-4
2,6263901967E+4	2,0631845300E-4
2,6264453073E+4	2,0629347800E-4
2,6265012270E+4	2,0628727500E-4
2,6265565110E+4	2,0642374600E-4
2,6266122408E+4	2,0639185400E-4
2,6266672651E+4	2,0624230700E-4
2,6267233466E+4	2,0627138600E-4
2,6267784061E+4	2,0611328400E-4
2,6268345533E+4	2,0610325300E-4
2,6268897056E+4	2,0610569700E-4
2,6269455407E+4	2,0594545000E-4
2,6270006006E+4	2,0604094300E-4
2,6270564398E+4	2,0596945600E-4
2,6271115618E+4	2,0597397600E-4
2,6271667079E+4	2,0599044100E-4
2,6272222423E+4	2,0562530200E-4
2,6272773166E+4	2,0562599400E-4
2,6273331264E+4	2,0560498600E-4
2,6273881375E+4	2,0574528600E-4
2,6274431510E+4	2,0592467300E-4
2,6274990752E+4	2,0593461200E-4
2,6275542947E+4	2,0562871500E-4
2,6276101427E+4	2,0565048400E-4
2,6276653414E+4	2,0560660000E-4
2,6277211958E+4	2,0557962000E-4
2,6277764574E+4	2,0569420700E-4
2,6278322965E+4	2,0545880600E-4
2,6278875184E+4	2,0558091100E-4
2,6279431647E+4	2,0548629400E-4
2,6279983709E+4	2,0539345300E-4
2,6280542789E+4	2,0571044100E-4
2,6281093542E+4	2,0558065700E-4
2,6281651186E+4	2,0553098500E-4
2,6282202094E+4	2,0556264700E-4
2,6282754543E+4	2,0548507200E-4
2,6283310591E+4	2,0549676300E-4
2,6283861542E+4	2,0540731200E-4
2,6284419287E+4	2,0539020100E-4
2,6284970084E+4	2,0545564700E-4
2,6285527796E+4	2,0524328300E-4
2,6286078575E+4	2,0530079600E-4
2,6286636979E+4	2,0534809300E-4
2,6287187512E+4	2,0518318800E-4
2,6287743886E+4	2,0501065000E-4
2,6288294450E+4	2,0504948300E-4
2,6288844714E+4	2,0501830600E-4
2,6289403310E+4	2,0493448100E-4
2,6289953564E+4	2,0500527700E-4
2,6290512606E+4	2,0519451000E-4
2,6291062330E+4	2,0495611200E-4
2,6291626507E+4	2,0501510000E-4
2,6292177483E+4	2,0520846200E-4
2,6292735956E+4	2,0493116000E-4
2,6293286947E+4	2,0470913500E-4
2,6293844995E+4	2,0469998000E-4
2,6294395720E+4	2,0474231900E-4
2,6294956776E+4	2,0485091000E-4
2,6295510154E+4	2,0487028100E-4
2,6296066531E+4	2,0477218200E-4
2,6296617998E+4	2,0479353600E-4
2,6297176483E+4	2,0482787300E-4
2,6297727122E+4	2,0480806400E-4
2,6298282528E+4	2,0473597700E-4
2,6298832791E+4	2,0472525400E-4
2,6299383486E+4	2,0472144900E-4
2,6299942224E+4	2,0459563100E-4
2,6300493676E+4	2,0472523100E-4
2,6301050761E+4	2,0462609400E-4
2,6301602725E+4	2,0434392700E-4
2,6302153641E+4	2,0443778300E-4
2,6302709396E+4	2,0427202400E-4
2,6303260482E+4	2,0428413100E-4
2,6303817139E+4	2,0416995900E-4
2,6304367392E+4	2,0425048600E-4
2,6304918000E+4	2,0417369500E-4
2,6305474705E+4	2,0392782400E-4
2,6306027051E+4	2,0388036600E-4
2,6306584522E+4	2,0396695800E-4
2,6307136807E+4	2,0392097500E-4
2,6307696400E+4	2,0386226400E-4
2,6308247445E+4	2,0374691500E-4
2,6308806672E+4	2,0358526200E-4
2,6309357356E+4	2,0361913700E-4
2,6309915112E+4	2,0369957200E-4
2,6310466639E+4	2,0362568700E-4
2,6311022739E+4	2,0368725800E-4
2,6311573660E+4	2,0366115400E-4
2,6312129137E+4	2,0345158000E-4
2,6312679471E+4	2,0363571800E-4
2,6313235007E+4	2,0359766800E-4
2,6313787108E+4	2,0365983900E-4
2,6314338704E+4	2,0361136600E-4
2,6314893905E+4	2,0363278900E-4
2,6315445499E+4	2,0353538200E-4
2,6316000694E+4	2,0352198400E-4
2,6316553114E+4	2,0360610800E-4
2,6317103610E+4	2,0339369900E-4
2,6317659817E+4	2,0338489000E-4
2,6318212586E+4	2,0340098600E-4
2,6318768175E+4	2,0332147300E-4
2,6319318497E+4	2,0330800600E-4
2,6319869772E+4	2,0325840300E-4
2,6320427297E+4	2,0328047200E-4
2,6320977476E+4	2,0323393600E-4
2,6321535289E+4	2,0313115600E-4
2,6322088096E+4	2,0318193500E-4
2,6322646000E+4	2,0318283400E-4
2,6323197360E+4	2,0315218700E-4
2,6323757528E+4	2,0300692900E-4
2,6324309947E+4	2,0315608400E-4
2,6324867218E+4	2,0307112900E-4
2,6325418027E+4	2,0293569600E-4
2,6325979305E+4	2,0297229200E-4
2,6326529292E+4	2,0297722700E-4
2,6327089351E+4	2,0273993600E-4
2,6327642269E+4	2,0254475200E-4
2,6328198412E+4	2,0270241600E-4
2,6328749356E+4	2,0266355900E-4
2,6329310016E+4	2,0253746500E-4
2,6329860774E+4	2,0256636000E-4
2,6330421959E+4	2,0253949400E-4
2,6330973351E+4	2,0251500400E-4
2,6331529441E+4	2,0262066700E-4
2,6332079773E+4	2,0249877000E-4
2,6332637665E+4	2,0230570800E-4
2,6333189485E+4	2,0233368000E-4
2,6333745209E+4	2,0245788400E-4
2,6334297725E+4	2,0231615400E-4
2,6334851638E+4	2,0235900000E-4
2,6335402278E+4	2,0244490100E-4
2,6335960744E+4	2,0245087300E-4
2,6336511935E+4	2,0251207600E-4
2,6337068080E+4	2,0243018800E-4
2,6337617175E+4	2,0238971700E-4
2,6338167856E+4	2,0245317900E-4
2,6338727383E+4	2,0260625400E-4
2,6339280156E+4	2,0255734300E-4
2,6339833258E+4	2,0269930300E-4
2,6340383285E+4	2,0247896100E-4
2,6340933910E+4	2,0244095700E-4
2,6341493066E+4	2,0250780900E-4
2,6342045705E+4	2,0257233200E-4
2,6342601669E+4	2,0231654600E-4
2,6343153043E+4	2,0215913600E-4
2,6343712397E+4	2,0211375300E-4
2,6344265103E+4	2,0207856300E-4
2,6344824538E+4	2,0201588400E-4
2,6345375009E+4	2,0216600800E-4