3,2424306016E+4	-9,7519314400E-5
3,2424856632E+4	-9,7406387500E-5
3,2425408379E+4	-9,7361673400E-5
3,2425986557E+4	-9,7338866600E-5
3,2426537750E+4	-9,7488598000E-5
3,2427094431E+4	-9,7307020200E-5
3,2427645558E+4	-9,7283314000E-5
3,2428235556E+4	-9,7284213400E-5
3,2428786512E+4	-9,6966994200E-5
3,2429347592E+4	-9,6513234200E-5
3,2429898656E+4	-9,5980561400E-5
3,2430453852E+4	-9,5065708100E-5
3,2431006511E+4	-9,4303768600E-5
3,2431563572E+4	-9,3668500000E-5
3,2432114544E+4	-9,2896921200E-5
3,2432675631E+4	-9,2179534400E-5
3,2433227453E+4	-9,1459587900E-5
3,2433783094E+4	-9,0716742300E-5
3,2434336130E+4	-9,0010263100E-5
3,2434891263E+4	-8,9244587800E-5
3,2435442038E+4	-8,8531859200E-5
3,2436004200E+4	-8,7820744800E-5
3,2436557543E+4	-8,7037520500E-5
3,2437109662E+4	-8,6308349800E-5
3,2437660707E+4	-8,5482809600E-5
3,2438211412E+4	-8,4817354900E-5
3,2438770548E+4	-8,3963312000E-5
3,2439320542E+4	-8,3268109400E-5
3,2439877067E+4	-8,2536148400E-5
3,2440428754E+4	-8,1748980700E-5
3,2440986414E+4	-8,0814249400E-5
3,2441537756E+4	-8,0194246800E-5
3,2442097416E+4	-7,9661320300E-5
3,2442648043E+4	-7,8831906000E-5
3,2443203746E+4	-7,7961167300E-5
3,2443755649E+4	-7,7102350900E-5
3,2444305648E+4	-7,6192109800E-5
3,2444860743E+4	-7,5527508300E-5
3,2445411792E+4	-7,4494447300E-5
3,2445971808E+4	-7,3777337200E-5
3,2446522711E+4	-7,3123320500E-5
3,2447084818E+4	-7,2309010700E-5
3,2447636738E+4	-7,1761002700E-5
3,2448196020E+4	-7,0851753200E-5
3,2448748834E+4	-7,0272198600E-5
3,2449305865E+4	-6,9560000400E-5
3,2449857299E+4	-6,8891709200E-5
3,2450415406E+4	-6,8036767000E-5
3,2450966613E+4	-6,7468834800E-5
3,2451518769E+4	-6,6733875900E-5
3,2452075102E+4	-6,6154252100E-5
3,2452625773E+4	-6,5365239600E-5
3,2453183422E+4	-6,4492448600E-5
3,2453733586E+4	-6,3728641200E-5
3,2454290944E+4	-6,2734414000E-5
3,2454843252E+4	-6,1946854300E-5
3,2455402510E+4	-6,1441554200E-5
3,2455952632E+4	-6,0671266800E-5
3,2456509442E+4	-5,9786715000E-5
3,2457059775E+4	-5,9221342500E-5
3,2457611315E+4	-5,8319403100E-5
3,2458169801E+4	-5,7770910900E-5
3,2458721680E+4	-5,7139839200E-5
3,2459276835E+4	-5,6121029600E-5
3,2459828235E+4	-5,5387592700E-5
3,2460384634E+4	-5,4778474600E-5
3,2460937487E+4	-5,4181232700E-5
3,2461494842E+4	-5,3225700800E-5
3,2462045536E+4	-5,2471740200E-5
3,2462604160E+4	-5,1706779700E-5
3,2463156560E+4	-5,1047528300E-5
3,2463706970E+4	-5,0314298900E-5
3,2464264208E+4	-4,9469111300E-5
3,2464814726E+4	-4,8694649900E-5
3,2465374736E+4	-4,7852898200E-5
3,2465926983E+4	-4,7147848700E-5
3,2466485597E+4	-4,6480595300E-5
3,2467035722E+4	-4,5706018700E-5
3,2467597023E+4	-4,4813903000E-5
3,2468148801E+4	-4,4018779500E-5
3,2468703632E+4	-4,3270353400E-5
3,2469255377E+4	-4,2448064700E-5
3,2469811154E+4	-4,1647475900E-5
3,2470362481E+4	-4,0767305500E-5
3,2470923627E+4	-4,0240628400E-5
3,2471475306E+4	-3,9486368000E-5
3,2472028885E+4	-3,8971590100E-5
3,2472579793E+4	-3,7903315900E-5
3,2473137914E+4	-3,7090897000E-5
3,2473688989E+4	-3,6445043700E-5
3,2474247798E+4	-3,5646092200E-5
3,2474799660E+4	-3,5043131200E-5
3,2475355457E+4	-3,4167342300E-5
3,2475905638E+4	-3,3493401400E-5
3,2476463865E+4	-3,2825202400E-5
3,2477014784E+4	-3,2194269200E-5
3,2477570816E+4	-3,1493970200E-5
3,2478121898E+4	-3,0618550200E-5
3,2478679734E+4	-2,9961881500E-5
3,2479230824E+4	-2,9349235200E-5
3,2479788496E+4	-2,8692474300E-5
3,2480339586E+4	-2,8016181100E-5
3,2480898095E+4	-2,7240682100E-5
3,2481449619E+4	-2,6509136200E-5
3,2482006900E+4	-2,5762762400E-5
3,2482557754E+4	-2,5020378100E-5
3,2483108744E+4	-2,4351210600E-5
3,2483664709E+4	-2,3523802500E-5
3,2484215552E+4	-2,2789374100E-5
3,2484774397E+4	-2,2294635700E-5
3,2485324766E+4	-2,1517084200E-5
3,2485883738E+4	-2,0534248900E-5
3,2486435816E+4	-1,9795231400E-5
3,2486992466E+4	-1,9302268700E-5
3,2487543189E+4	-1,8562374900E-5
3,2488105335E+4	-1,7783024700E-5
3,2488655706E+4	-1,7244517600E-5
3,2489216531E+4	-1,6431084200E-5
3,2489768486E+4	-1,5485145500E-5
3,2490325777E+4	-1,4996010800E-5
3,2490876865E+4	-1,4254595000E-5
3,2491437459E+4	-1,3385609000E-5
3,2491988491E+4	-1,2793071300E-5
3,2492544400E+4	-1,1975671400E-5
3,2493096672E+4	-1,1339065300E-5
3,2493652706E+4	-1,0634822900E-5
3,2494203842E+4	-9,8816002300E-6
3,2494762891E+4	-9,0590117600E-6
3,2495313782E+4	-8,2726742800E-6
3,2495870766E+4	-7,6838493600E-6
3,2496422425E+4	-6,8498921000E-6
3,2496978733E+4	-6,2276295600E-6
3,2497528914E+4	-5,5556026100E-6
3,2498089750E+4	-4,8718609700E-6
3,2498641866E+4	-4,0732784100E-6
3,2499198730E+4	-3,3160662500E-6
3,2499750490E+4	-2,6891455000E-6
3,2500300632E+4	-1,9019086600E-6
3,2500855393E+4	-1,3027065400E-6
3,2501408415E+4	-4,4389014700E-7
3,2501964386E+4	2,5871492300E-7
3,2502516215E+4	1,0207928300E-6
3,2503074451E+4	1,9510504300E-6
3,2503625523E+4	2,3413481500E-6
3,2504183155E+4	3,1227506900E-6
3,2504734608E+4	3,8075992400E-6
3,2505289631E+4	4,3651542200E-6
3,2505842116E+4	5,1299071400E-6
3,2506400372E+4	5,7655677900E-6
3,2506951348E+4	6,2857418300E-6
3,2507510588E+4	7,0281030800E-6
3,2508060461E+4	7,8312516000E-6
3,2508618997E+4	8,5458481000E-6
3,2509171281E+4	9,1097447000E-6
3,2509726646E+4	9,8600387300E-6
3,2510277641E+4	1,0564235000E-5
3,2510834501E+4	1,1102119400E-5
3,2511385453E+4	1,1978669300E-5
3,2511942693E+4	1,2743952600E-5
3,2512495466E+4	1,3360357800E-5
3,2513049790E+4	1,4096861700E-5
3,2513601759E+4	1,4731669100E-5
3,2514162517E+4	1,5319594700E-5
3,2514712889E+4	1,6148939800E-5
3,2515272811E+4	1,6554549700E-5
3,2515824583E+4	1,7634630900E-5
3,2516383055E+4	1,8359397000E-5
3,2516933604E+4	1,9030709100E-5
3,2517493457E+4	1,9667868700E-5
3,2518043781E+4	2,0161384800E-5
3,2518602915E+4	2,0970436800E-5
3,2519153630E+4	2,1647444800E-5
3,2519710811E+4	2,2153851800E-5
3,2520261682E+4	2,2996156900E-5
3,2520821447E+4	2,3854442900E-5
3,2521372766E+4	2,4513948100E-5
3,2521931773E+4	2,5133858500E-5
3,2522482519E+4	2,6023114600E-5
3,2523041816E+4	2,6684556800E-5
3,2523593351E+4	2,7363017600E-5
3,2524153535E+4	2,8039564400E-5
3,2524703830E+4	2,8865335200E-5
3,2525262565E+4	2,9544833800E-5
3,2525813431E+4	3,0225370000E-5
3,2526370732E+4	3,0874290400E-5
3,2526922369E+4	3,1439040200E-5
3,2527477762E+4	3,2236054700E-5
3,2528029378E+4	3,2856887500E-5
3,2528584795E+4	3,3522872600E-5
3,2529135540E+4	3,4304229000E-5
3,2529685395E+4	3,4829983700E-5
3,2530243654E+4	3,5556986700E-5
3,2530793854E+4	3,6102896200E-5
3,2531351694E+4	3,6834372900E-5
3,2531902240E+4	3,7653225600E-5
3,2532458546E+4	3,8323476900E-5
3,2533009739E+4	3,9237661300E-5
3,2533569931E+4	3,9718771000E-5
3,2534120743E+4	4,0563635900E-5
3,2534681757E+4	4,1183684600E-5
3,2535233097E+4	4,1793402300E-5
3,2535791685E+4	4,2506799600E-5
3,2536343862E+4	4,3381066500E-5
3,2536905285E+4	4,3992582900E-5
3,2537457650E+4	4,4744398900E-5
3,2538010228E+4	4,5309886700E-5
3,2538561846E+4	4,6278332400E-5
3,2539118513E+4	4,6856987600E-5
3,2539668823E+4	4,7651050400E-5
3,2540230494E+4	4,8159209900E-5
3,2540782434E+4	4,8815809400E-5
3,2541336633E+4	4,9333147000E-5
3,2541886701E+4	5,0093011100E-5
3,2542438633E+4	5,0949890500E-5
3,2542995805E+4	5,1697417300E-5
3,2543547558E+4	5,2331901800E-5
3,2544105813E+4	5,3011999900E-5
3,2544657516E+4	5,3707294800E-5
3,2545218198E+4	5,4571761000E-5
3,2545770081E+4	5,5239706300E-5
3,2546331066E+4	5,5862084100E-5
3,2546884483E+4	5,6441431200E-5
3,2547441372E+4	5,7213379000E-5
3,2547992017E+4	5,7901917200E-5
3,2548552070E+4	5,8368867800E-5
3,2549103807E+4	5,9141069200E-5
3,2549658478E+4	5,9845196300E-5
3,2550210103E+4	6,0548400900E-5
3,2550766864E+4	6,1037189700E-5
3,2551318617E+4	6,1740855600E-5
3,2551876781E+4	6,2461401600E-5
3,2552427680E+4	6,3229106300E-5
3,2552989272E+4	6,3796992400E-5
3,2553541464E+4	6,4464776200E-5
3,2554099343E+4	6,5054546600E-5
3,2554650119E+4	6,5732822900E-5
3,2555209838E+4	6,6340857200E-5
3,2555762026E+4	6,7075585400E-5
3,2556318755E+4	6,7653848700E-5
3,2556869729E+4	6,8391228900E-5
3,2557425766E+4	6,8921042200E-5
3,2557976433E+4	6,9775638500E-5
3,2558537951E+4	7,0379821700E-5
3,2559089818E+4	7,1029572200E-5
3,2559646451E+4	7,1921595700E-5
3,2560197434E+4	7,2605660100E-5
3,2560754013E+4	7,3144674600E-5
3,2561306413E+4	7,3734445000E-5
3,2561864844E+4	7,4308834100E-5
3,2562415648E+4	7,4828039600E-5
3,2562973099E+4	7,5624477500E-5
3,2563523758E+4	7,6196330000E-5
3,2564081583E+4	7,6907329000E-5
3,2564632643E+4	7,7584037200E-5
3,2565193396E+4	7,8316897600E-5
3,2565744418E+4	7,8949767900E-5
3,2566303260E+4	7,9598642200E-5
3,2566854803E+4	8,0324054000E-5
3,2567414545E+4	8,1179457500E-5
3,2567966854E+4	8,1848970900E-5
3,2568523489E+4	8,2409615900E-5
3,2569074782E+4	8,2863076200E-5
3,2569631602E+4	8,3631657100E-5
3,2570183327E+4	8,4131607200E-5
3,2570738761E+4	8,4795194000E-5
3,2571289823E+4	8,5481149400E-5
3,2571851778E+4	8,6130438800E-5
3,2572403462E+4	8,6878265400E-5
3,2572958279E+4	8,7569132700E-5
3,2573509751E+4	8,8364348400E-5
3,2574065623E+4	8,9042717000E-5
3,2574618646E+4	8,9613208900E-5
3,2575176954E+4	9,0201318900E-5
3,2575729017E+4	9,0720639700E-5
3,2576284801E+4	9,1676840300E-5
3,2576835676E+4	9,2210827500E-5
3,2577394346E+4	9,3172562600E-5
3,2577945759E+4	9,3758182200E-5
3,2578504125E+4	9,4545372900E-5
3,2579054616E+4	9,5130646500E-5
3,2579610690E+4	9,5889588200E-5
3,2580161493E+4	9,6580017400E-5
3,2580720249E+4	9,6991138600E-5
3,2581270737E+4	9,7891717500E-5
3,2581827655E+4	9,8360282300E-5
3,2582378715E+4	9,8884561100E-5
3,2582934829E+4	9,9706457700E-5
3,2583485860E+4	1,0025983900E-4
3,2584038893E+4	1,0084211500E-4
3,2584594477E+4	1,0167111400E-4
3,2585147078E+4	1,0243150800E-4
3,2585699639E+4	1,0285051600E-4
3,2586249604E+4	1,0331855100E-4
3,2586810502E+4	1,0394846900E-4
3,2587360793E+4	1,0476070400E-4
3,2587920801E+4	1,0529090900E-4
3,2588472216E+4	1,0614774200E-4
3,2589027825E+4	1,0666973800E-4
3,2589579225E+4	1,0739408900E-4
3,2590131542E+4	1,0804148700E-4
3,2590688592E+4	1,0879095100E-4
3,2591239103E+4	1,0931705200E-4
3,2591796470E+4	1,1009368100E-4
3,2592348843E+4	1,1078210400E-4
3,2592907547E+4	1,1151491800E-4
3,2593457551E+4	1,1219852100E-4
3,2594018109E+4	1,1300081700E-4
3,2594569701E+4	1,1359402300E-4
3,2595126968E+4	1,1403489200E-4
3,2595677534E+4	1,1475566900E-4
3,2596234556E+4	1,1540343600E-4
3,2596785458E+4	1,1595262000E-4
3,2597345758E+4	1,1654836300E-4
3,2597897602E+4	1,1728696600E-4
3,2598454516E+4	1,1801565200E-4
3,2599005763E+4	1,1884483600E-4
3,2599561009E+4	1,1940771800E-4
3,2600111690E+4	1,2027771900E-4
3,2600667757E+4	1,2093814600E-4
3,2601219789E+4	1,2159702900E-4
3,2601775514E+4	1,2227023200E-4
3,2602325635E+4	1,2315891100E-4
3,2602875690E+4	1,2370412900E-4
3,2603433843E+4	1,2426892500E-4
3,2603986588E+4	1,2513159200E-4
3,2604544786E+4	1,2582838600E-4
3,2605095854E+4	1,2631394700E-4
3,2605656428E+4	1,2710148300E-4
3,2606206702E+4	1,2771226200E-4
3,2606766767E+4	1,2840711900E-4
3,2607317666E+4	1,2898974000E-4
3,2607877747E+4	1,2963658500E-4
3,2608429343E+4	1,3021724700E-4
3,2608988700E+4	1,3107597100E-4
3,2609540892E+4	1,3141936400E-4
3,2610099408E+4	1,3228507500E-4
3,2610649653E+4	1,3275244100E-4
3,2611205575E+4	1,3346171000E-4
3,2611755828E+4	1,3422452600E-4
3,2612314757E+4	1,3465527200E-4
3,2612865674E+4	1,3520447900E-4
3,2613425589E+4	1,3594236600E-4
3,2613977095E+4	1,3674427000E-4
3,2614536713E+4	1,3738297400E-4
3,2615086672E+4	1,3790976700E-4
3,2615646495E+4	1,3865876900E-4
3,2616196574E+4	1,3915505300E-4
3,2616757545E+4	1,3980637200E-4
3,2617308832E+4	1,4055198400E-4
3,2617866449E+4	1,4119281100E-4
3,2618419629E+4	1,4178615500E-4
3,2618974458E+4	1,4250319600E-4
3,2619524760E+4	1,4291067400E-4
3,2620084792E+4	1,4356759600E-4
3,2620636980E+4	1,4438375100E-4
3,2621192481E+4	1,4481355100E-4
3,2621744264E+4	1,4554401300E-4
3,2622300594E+4	1,4592815400E-4
3,2622851119E+4	1,4671889600E-4
3,2623412477E+4	1,4733954400E-4
3,2623962656E+4	1,4800350000E-4
3,2624520332E+4	1,4870130800E-4
3,2625072403E+4	1,4927392200E-4
3,2625626441E+4	1,5002585300E-4
3,2626177848E+4	1,5048941400E-4
3,2626734935E+4	1,5111216100E-4
3,2627286745E+4	1,5196703400E-4
3,2627842240E+4	1,5250231200E-4
3,2628392807E+4	1,5313059400E-4
3,2628945441E+4	1,5379676300E-4
3,2629498518E+4	1,5455877200E-4
3,2630051597E+4	1,5519484800E-4
3,2630604332E+4	1,5595118400E-4
3,2631162793E+4	1,5653641100E-4
3,2631712844E+4	1,5710835600E-4
3,2632269612E+4	1,5778338100E-4
3,2632821351E+4	1,5852405800E-4
3,2633372725E+4	1,5921432600E-4
3,2633929909E+4	1,5971538300E-4
3,2634482533E+4	1,6048804600E-4
3,2635036759E+4	1,6103683800E-4
3,2635588359E+4	1,6179112100E-4
3,2636145026E+4	1,6240222300E-4
3,2636696688E+4	1,6300832000E-4
3,2637255477E+4	1,6352711000E-4
3,2637806083E+4	1,6406515600E-4
3,2638364548E+4	1,6482080000E-4
3,2638914717E+4	1,6544357000E-4
3,2639472312E+4	1,6592428800E-4
3,2640023319E+4	1,6648391800E-4
3,2640583307E+4	1,6724442800E-4
3,2641133840E+4	1,6793301200E-4
3,2641690693E+4	1,6853724200E-4
3,2642242046E+4	1,6888121100E-4
3,2642798708E+4	1,6968701100E-4
3,2643349999E+4	1,7005392600E-4
3,2643909745E+4	1,7061390200E-4
3,2644460253E+4	1,7127329200E-4
3,2645017782E+4	1,7174199500E-4
3,2645569116E+4	1,7258683700E-4
3,2646125585E+4	1,7300697500E-4
3,2646676942E+4	1,7377910700E-4
3,2647236674E+4	1,7437614100E-4
3,2647787334E+4	1,7470166200E-4
3,2648344286E+4	1,7545041100E-4
3,2648895289E+4	1,7618264900E-4
3,2649452320E+4	1,7664920800E-4
3,2650004358E+4	1,7739276800E-4
3,2650561461E+4	1,7803518500E-4
3,2651111784E+4	1,7866328200E-4
3,2651669589E+4	1,7940878000E-4
3,2652221265E+4	1,7987990400E-4
3,2652772719E+4	1,8057672100E-4
3,2653327859E+4	1,8119317300E-4
3,2653879824E+4	1,8157260900E-4
3,2654434644E+4	1,8232244200E-4
3,2654985802E+4	1,8282557400E-4
3,2655543602E+4	1,8339774900E-4
3,2656094782E+4	1,8391517900E-4
3,2656654795E+4	1,8475663100E-4
3,2657205832E+4	1,8532338700E-4
3,2657767111E+4	1,8573413900E-4
3,2658318562E+4	1,8649481100E-4
3,2658879463E+4	1,8698191600E-4
3,2659429803E+4	1,8773649900E-4
3,2659987687E+4	1,8829668300E-4
3,2660539342E+4	1,8885769700E-4
3,2661096916E+4	1,8951745600E-4
3,2661648784E+4	1,9007595700E-4
3,2662205858E+4	1,9071157100E-4
3,2662757599E+4	1,9130028100E-4
3,2663315780E+4	1,9210490500E-4
3,2663866496E+4	1,9256632100E-4
3,2664427912E+4	1,9326620500E-4
3,2664978855E+4	1,9384633600E-4
3,2665534646E+4	1,9440564400E-4
3,2666086775E+4	1,9516101100E-4
3,2666642683E+4	1,9573058100E-4
3,2667194940E+4	1,9648804600E-4
3,2667754464E+4	1,9691157400E-4
3,2668307575E+4	1,9784798900E-4
3,2668859783E+4	1,9846446300E-4
3,2669411556E+4	1,9900433100E-4
3,2669961485E+4	1,9978402700E-4
3,2670519643E+4	2,0040280800E-4
3,2671070413E+4	2,0087434700E-4
3,2671627769E+4	2,0156272400E-4
3,2672178781E+4	2,0225617400E-4
3,2672736484E+4	2,0286063400E-4
3,2673286807E+4	2,0359019700E-4
3,2673847774E+4	2,0419551000E-4
3,2674399184E+4	2,0480702600E-4
3,2674956446E+4	2,0544794500E-4
3,2675508678E+4	2,0618617800E-4
3,2676061852E+4	2,0676444100E-4
3,2676614293E+4	2,0737372100E-4
3,2677172375E+4	2,0791776200E-4
3,2677722880E+4	2,0872905100E-4
3,2678283234E+4	2,0914220200E-4
3,2678833918E+4	2,1004852300E-4
3,2679392777E+4	2,1063921600E-4
3,2679943920E+4	2,1105953800E-4
3,2680501475E+4	2,1184239300E-4
3,2681052326E+4	2,1218502500E-4
3,2681609752E+4	2,1278425000E-4
3,2682160973E+4	2,1371494600E-4
3,2682712739E+4	2,1398339200E-4
3,2683269669E+4	2,1462767800E-4
3,2683820748E+4	2,1539704300E-4
3,2684379172E+4	2,1607003800E-4
3,2684930104E+4	2,1668446000E-4
3,2685489755E+4	2,1727819700E-4
3,2686041565E+4	2,1802975900E-4
3,2686602440E+4	2,1853012400E-4
3,2687152645E+4	2,1913271600E-4
3,2687713363E+4	2,1973701500E-4
3,2688264151E+4	2,2049595700E-4
3,2688824441E+4	2,2101221000E-4
3,2689375753E+4	2,2154626700E-4
3,2689935578E+4	2,2220572600E-4
3,2690485777E+4	2,2283769700E-4
3,2691040669E+4	2,2345703100E-4
3,2691591312E+4	2,2382191600E-4
3,2692149604E+4	2,2465317500E-4
3,2692701392E+4	2,2519165900E-4
3,2693259737E+4	2,2582858800E-4
3,2693810575E+4	2,2654772700E-4
3,2694368110E+4	2,2716228800E-4
3,2694919491E+4	2,2811802700E-4
3,2695469629E+4	2,2866057000E-4
3,2696026631E+4	2,2909032400E-4
3,2696577022E+4	2,2988344100E-4
3,2697134707E+4	2,3047657800E-4
3,2697686640E+4	2,3099945000E-4
3,2698236809E+4	2,3171185600E-4
3,2698794813E+4	2,3223657300E-4
3,2699345184E+4	2,3279567300E-4
3,2699900635E+4	2,3325582100E-4
3,2700452301E+4	2,3398513000E-4
3,2701011418E+4	2,3466255300E-4
3,2701563469E+4	2,3546542500E-4
3,2702121339E+4	2,3590534900E-4
3,2702672591E+4	2,3679476600E-4
3,2703229759E+4	2,3749792500E-4
3,2703782550E+4	2,3799462300E-4
3,2704333783E+4	2,3858091200E-4
3,2704889877E+4	2,3903836100E-4
3,2705442458E+4	2,3960419500E-4
3,2705996543E+4	2,4022661900E-4
3,2706547792E+4	2,4072214100E-4
3,2707105837E+4	2,4149609500E-4
3,2707658378E+4	2,4211238500E-4
3,2708213734E+4	2,4267787300E-4
3,2708763744E+4	2,4334203600E-4
3,2709325635E+4	2,4402628500E-4
3,2709877531E+4	2,4461732400E-4
3,2710435641E+4	2,4518564800E-4
3,2710985761E+4	2,4574075900E-4
3,2711547708E+4	2,4634088300E-4
3,2712100517E+4	2,4686758400E-4
3,2712659551E+4	2,4750873300E-4
3,2713210662E+4	2,4805478000E-4
3,2713765921E+4	2,4864752600E-4
3,2714316736E+4	2,4939272300E-4
3,2714868776E+4	2,5004533300E-4
3,2715425412E+4	2,5038208500E-4
3,2715976700E+4	2,5102321100E-4
3,2716534596E+4	2,5154555300E-4
3,2717086779E+4	2,5218628600E-4
3,2717642535E+4	2,5287408700E-4
3,2718195702E+4	2,5338808100E-4
3,2718754807E+4	2,5385761400E-4
3,2719306278E+4	2,5458731500E-4
3,2719862273E+4	2,5508941000E-4
3,2720413455E+4	2,5577559600E-4
3,2720970787E+4	2,5633847800E-4
3,2721522921E+4	2,5701352600E-4
3,2722085576E+4	2,5752389900E-4
3,2722636283E+4	2,5833435800E-4
3,2723191662E+4	2,5884429300E-4
3,2723742770E+4	2,5948689500E-4
3,2724299356E+4	2,6002007500E-4
3,2724850504E+4	2,6054207100E-4
3,2725408381E+4	2,6111957300E-4
3,2725960604E+4	2,6183739800E-4
3,2726514311E+4	2,6236806400E-4
3,2727064578E+4	2,6307269900E-4
3,2727620897E+4	2,6372650800E-4
3,2728172638E+4	2,6428853700E-4
3,2728731750E+4	2,6491033800E-4
3,2729282714E+4	2,6544427900E-4
3,2729840570E+4	2,6616076700E-4
3,2730391526E+4	2,6654848200E-4
3,2730948948E+4	2,6721269100E-4
3,2731500458E+4	2,6789629400E-4
3,2732059791E+4	2,6846819300E-4
3,2732609811E+4	2,6919648700E-4
3,2733169508E+4	2,6994050900E-4
3,2733719608E+4	2,7046817800E-4
3,2734276453E+4	2,7100338700E-4
3,2734829248E+4	2,7176136000E-4
3,2735387482E+4	2,7224772800E-4
3,2735939488E+4	2,7300353300E-4
3,2736493712E+4	2,7368409200E-4
3,2737045592E+4	2,7406682600E-4
3,2737602414E+4	2,7471664600E-4
3,2738152589E+4	2,7517889200E-4
3,2738712447E+4	2,7592630400E-4
3,2739264014E+4	2,7654699800E-4
3,2739820471E+4	2,7711380000E-4
3,2740371567E+4	2,7758395600E-4
3,2740922632E+4	2,7818025300E-4
3,2741480747E+4	2,7885322500E-4
3,2742032698E+4	2,7923838100E-4
3,2742585461E+4	2,7987646300E-4
3,2743136512E+4	2,8054664500E-4
3,2743696044E+4	2,8069335500E-4
3,2744246547E+4	2,8127743000E-4
3,2744805813E+4	2,8178575100E-4
3,2745358023E+4	2,8227979700E-4
3,2745914799E+4	2,8240114100E-4
3,2746465658E+4	2,8216428700E-4
3,2747024634E+4	2,8133777900E-4
3,2747576416E+4	2,8110705900E-4
3,2748133925E+4	2,8093039300E-4
3,2748685020E+4	2,8112788300E-4
3,2749242603E+4	2,8164907100E-4
3,2749793508E+4	2,8128893700E-4
3,2750354520E+4	2,8100559300E-4
3,2750905833E+4	2,8075571000E-4
3,2751463115E+4	2,8072819900E-4
3,2752013706E+4	2,8062541900E-4
3,2752573234E+4	2,8051161600E-4
3,2753123801E+4	2,8055130300E-4
3,2753682778E+4	2,8036213800E-4
3,2754234548E+4	2,8025366200E-4
3,2754795604E+4	2,8002704700E-4
3,2755345650E+4	2,8004616400E-4
3,2755901753E+4	2,7994951800E-4
3,2756453899E+4	2,7988225100E-4
3,2757012375E+4	2,7986853000E-4
3,2757563268E+4	2,7975355000E-4
3,2758121700E+4	2,7972161200E-4
3,2758672779E+4	2,7981449900E-4
3,2759228800E+4	2,7977384400E-4
3,2759779778E+4	2,7957224900E-4
3,2760331747E+4	2,7966539000E-4
3,2760889283E+4	2,7939556000E-4
3,2761439633E+4	2,7914397100E-4
3,2761996993E+4	2,7930477200E-4
3,2762548856E+4	2,7900387900E-4
3,2763105301E+4	2,7880977900E-4
3,2763655964E+4	2,7865133100E-4
3,2764215488E+4	2,7866067100E-4
3,2764765930E+4	2,7855712900E-4
3,2765323899E+4	2,7820640300E-4
3,2765875747E+4	2,7844551700E-4
3,2766430892E+4	2,7821917900E-4
3,2766982419E+4	2,7811330800E-4
3,2767541707E+4	2,7800121200E-4
3,2768094596E+4	2,7797457700E-4
3,2768650368E+4	2,7788584000E-4
3,2769201870E+4	2,7768563000E-4
3,2769757945E+4	2,7773933800E-4
3,2770310330E+4	2,7771879100E-4
3,2770868732E+4	2,7764013200E-4
3,2771419722E+4	2,7770085000E-4
3,2771979266E+4	2,7762850900E-4
3,2772532661E+4	2,7747368100E-4
3,2773089954E+4	2,7740311600E-4
3,2773641407E+4	2,7710070200E-4
3,2774201588E+4	2,7712028000E-4
3,2774753349E+4	2,7696639800E-4
3,2775309258E+4	2,7706532700E-4
3,2775859871E+4	2,7711779000E-4
3,2776410641E+4	2,7693937100E-4
3,2776970520E+4	2,7683207100E-4
3,2777521057E+4	2,7674211200E-4
3,2778077561E+4	2,7652165500E-4
3,2778628982E+4	2,7679125400E-4
3,2779187019E+4	2,7640566100E-4
3,2779740022E+4	2,7642749900E-4
3,2780294574E+4	2,7628832900E-4
3,2780845111E+4	2,7608881100E-4
3,2781402877E+4	2,7581826600E-4
3,2781953677E+4	2,7588223500E-4
3,2782510538E+4	2,7572339500E-4
3,2783061012E+4	2,7553007900E-4
3,2783621836E+4	2,7526589900E-4
3,2784172783E+4	2,7529843700E-4
3,2784729509E+4	2,7497337800E-4
3,2785280960E+4	2,7514448600E-4
3,2785836520E+4	2,7503550300E-4
3,2786388343E+4	2,7485879000E-4
3,2786947664E+4	2,7458527100E-4
3,2787498377E+4	2,7448085300E-4
3,2788055802E+4	2,7436146900E-4
3,2788607535E+4	2,7414115000E-4
3,2789158733E+4	2,7420908600E-4
3,2789716515E+4	2,7395030200E-4
3,2790267538E+4	2,7377133000E-4
3,2790821578E+4	2,7349393600E-4
3,2791371847E+4	2,7336622700E-4
3,2791932520E+4	2,7315840700E-4
3,2792483468E+4	2,7310110200E-4
3,2793040384E+4	2,7306176100E-4
3,2793592239E+4	2,7302163500E-4
3,2794151779E+4	2,7268483800E-4
3,2794703805E+4	2,7252798100E-4
3,2795264098E+4	2,7243799900E-4
3,2795817431E+4	2,7227457000E-4
3,2796373869E+4	2,7222865700E-4
3,2796924903E+4	2,7207666500E-4
3,2797481859E+4	2,7183875100E-4
3,2798032831E+4	2,7202162000E-4
3,2798583063E+4	2,7193666500E-4
3,2799141185E+4	2,7166637400E-4
3,2799692413E+4	2,7191840200E-4
3,2800247772E+4	2,7172079700E-4
3,2800798777E+4	2,7163330600E-4
3,2801356677E+4	2,7155181000E-4
3,2801907693E+4	2,7135229100E-4
3,2802466666E+4	2,7137984800E-4
3,2803017397E+4	2,7123175400E-4
3,2803574618E+4	2,7115533200E-4
3,2804124408E+4	2,7107213000E-4
3,2804676542E+4	2,7104074500E-4
3,2805233686E+4	2,7086359500E-4
3,2805785761E+4	2,7080165400E-4
3,2806344783E+4	2,7066329200E-4
3,2806895032E+4	2,7039067100E-4
3,2807455801E+4	2,7052027100E-4
3,2808006810E+4	2,7023206200E-4
3,2808567767E+4	2,6994583600E-4
3,2809119773E+4	2,6992180700E-4
3,2809677056E+4	2,6982377700E-4
3,2810230307E+4	2,6967238500E-4
3,2810781620E+4	2,6946230500E-4
3,2811334463E+4	2,6938835000E-4
3,2811893567E+4	2,6941537700E-4
3,2812443663E+4	2,6899736000E-4
3,2813000923E+4	2,6876382800E-4
3,2813552229E+4	2,6882549100E-4
3,2814107573E+4	2,6838718200E-4
3,2814657607E+4	2,6838854200E-4
3,2815219570E+4	2,6816148900E-4
3,2815769809E+4	2,6804182900E-4
3,2816330447E+4	2,6794073200E-4
3,2816881639E+4	2,6776531100E-4
3,2817436146E+4	2,6776946200E-4
3,2817987038E+4	2,6753521400E-4
3,2818547979E+4	2,6763981600E-4
3,2819098777E+4	2,6743114200E-4
3,2819655853E+4	2,6720664900E-4
3,2820209441E+4	2,6739885800E-4
3,2820763980E+4	2,6737102400E-4
3,2821314995E+4	2,6721481300E-4
3,2821875842E+4	2,6715144200E-4
3,2822427373E+4	2,6721068500E-4
3,2822984443E+4	2,6731062900E-4
3,2823537450E+4	2,6718017600E-4
3,2824091868E+4	2,6715732300E-4
3,2824644107E+4	2,6701312600E-4
3,2825204339E+4	2,6676209000E-4
3,2825755759E+4	2,6683205600E-4
3,2826312768E+4	2,6656093400E-4
3,2826865196E+4	2,6678074600E-4
3,2827423460E+4	2,6663440500E-4
3,2827974557E+4	2,6667902700E-4
3,2828533657E+4	2,6651077800E-4
3,2829086565E+4	2,6638272300E-4
3,2829643784E+4	2,6611478400E-4
3,2830195748E+4	2,6630918300E-4
3,2830752789E+4	2,6612241700E-4
3,2831304712E+4	2,6597898100E-4
3,2831860779E+4	2,6586674600E-4
3,2832412139E+4	2,6579336800E-4
3,2832972589E+4	2,6565016300E-4
3,2833524652E+4	2,6560325800E-4
3,2834079638E+4	2,6560434200E-4
3,2834631019E+4	2,6547697900E-4
3,2835189265E+4	2,6525737400E-4
3,2835739839E+4	2,6516391000E-4
3,2836299809E+4	2,6524699700E-4
3,2836849841E+4	2,6506041500E-4
3,2837408282E+4	2,6481127000E-4
3,2837958732E+4	2,6492659600E-4
3,2838516534E+4	2,6467376100E-4
3,2839068442E+4	2,6453023300E-4
3,2839626780E+4	2,6463398200E-4
3,2840178519E+4	2,6436742600E-4
3,2840735128E+4	2,6438260000E-4
3,2841286073E+4	2,6439046400E-4
3,2841842499E+4	2,6436627300E-4
3,2842392994E+4	2,6433311200E-4
3,2842952770E+4	2,6416384900E-4
3,2843503586E+4	2,6411431500E-4
3,2844060235E+4	2,6404481100E-4
3,2844610507E+4	2,6400300200E-4
3,2845168678E+4	2,6373204200E-4
3,2845719772E+4	2,6366590500E-4
3,2846277494E+4	2,6352878800E-4
3,2846829055E+4	2,6341722200E-4
3,2847384067E+4	2,6331137400E-4
3,2847934737E+4	2,6309442200E-4
3,2848486068E+4	2,6309356800E-4
3,2849041631E+4	2,6301098900E-4
3,2849592882E+4	2,6302012100E-4
3,2850148299E+4	2,6287504800E-4
3,2850698515E+4	2,6275748600E-4
3,2851256887E+4	2,6262954700E-4
3,2851807719E+4	2,6258178800E-4
3,2852368531E+4	2,6243164200E-4
3,2852918904E+4	2,6213697600E-4
3,2853477187E+4	2,6211921900E-4
3,2854028324E+4	2,6178583500E-4
3,2854578866E+4	2,6177435100E-4
3,2855137779E+4	2,6167562900E-4
3,2855689574E+4	2,6153918000E-4
3,2856243379E+4	2,6144098900E-4
3,2856794659E+4	2,6128579200E-4
3,2857351805E+4	2,6116772300E-4
3,2857903890E+4	2,6097738200E-4
3,2858460821E+4	2,6070614600E-4
3,2859012524E+4	2,6052864900E-4
3,2859563964E+4	2,6049163700E-4
3,2860119677E+4	2,6041064900E-4
3,2860670740E+4	2,6034388900E-4
3,2861229612E+4	2,6032458800E-4
3,2861780926E+4	2,6036420600E-4
3,2862337636E+4	2,6011416100E-4
3,2862888798E+4	2,6006488100E-4
3,2863445722E+4	2,6014453200E-4
3,2863996644E+4	2,5985535400E-4
3,2864555549E+4	2,5969605300E-4
3,2865106798E+4	2,5972676900E-4
3,2865662804E+4	2,5959428700E-4
3,2866214407E+4	2,5969845100E-4
3,2866765458E+4	2,5949551900E-4
3,2867322738E+4	2,5936979400E-4
3,2867873953E+4	2,5925310800E-4
3,2868428545E+4	2,5937085500E-4
3,2868979777E+4	2,5924263900E-4
3,2869539203E+4	2,5932708600E-4
3,2870089969E+4	2,5928908200E-4
3,2870652512E+4	2,5911004100E-4
3,2871202804E+4	2,5911278500E-4
3,2871758920E+4	2,5905990800E-4
3,2872310585E+4	2,5879838000E-4
3,2872861794E+4	2,5868058700E-4
3,2873418594E+4	2,5890542600E-4
3,2873969830E+4	2,5890413500E-4
3,2874526618E+4	2,5873680800E-4
3,2875079555E+4	2,5859358000E-4
3,2875636569E+4	2,5863218300E-4
3,2876187766E+4	2,5839699000E-4
3,2876745836E+4	2,5831240400E-4
3,2877297642E+4	2,5830537100E-4
3,2877854561E+4	2,5830818400E-4
3,2878405187E+4	2,5810486000E-4
3,2878956766E+4	2,5808355200E-4
3,2879507478E+4	2,5796285400E-4
3,2880062395E+4	2,5802647800E-4
3,2880612800E+4	2,5784886600E-4
3,2881174529E+4	2,5783726700E-4
3,2881726123E+4	2,5752936400E-4
3,2882280867E+4	2,5747637100E-4
3,2882831494E+4	2,5745278100E-4
3,2883382951E+4	2,5710669000E-4
3,2883941637E+4	2,5718578700E-4
3,2884494407E+4	2,5711153200E-4
3,2885050079E+4	2,5687811500E-4
3,2885602472E+4	2,5675418800E-4
3,2886160698E+4	2,5669434600E-4
3,2886712825E+4	2,5665964000E-4
3,2887272605E+4	2,5643620800E-4
3,2887822823E+4	2,5624434500E-4
3,2888379591E+4	2,5600993600E-4
3,2888931443E+4	2,5598579200E-4
3,2889483527E+4	2,5568734300E-4
3,2890034668E+4	2,5549305900E-4
3,2890589392E+4	2,5542662200E-4
3,2891140818E+4	2,5542609200E-4
3,2891698437E+4	2,5526711300E-4
3,2892248788E+4	2,5508924800E-4
3,2892808694E+4	2,5496084800E-4
3,2893359753E+4	2,5487686200E-4
3,2893910370E+4	2,5466226100E-4
3,2894465602E+4	2,5454677500E-4
3,2895018600E+4	2,5443181900E-4
3,2895577528E+4	2,5437375200E-4
3,2896128432E+4	2,5432933800E-4
3,2896688447E+4	2,5434587200E-4
3,2897239868E+4	2,5437776500E-4
3,2897800919E+4	2,5399512300E-4
3,2898354417E+4	2,5381788100E-4
3,2898908596E+4	2,5408529000E-4
3,2899459871E+4	2,5383976500E-4
3,2900018411E+4	2,5359168100E-4
3,2900569729E+4	2,5346491800E-4
3,2901127108E+4	2,5342197900E-4
3,2901677428E+4	2,5330061200E-4
3,2902235994E+4	2,5325269300E-4
3,2902788381E+4	2,5336169900E-4
3,2903345034E+4	2,5304531000E-4
3,2903895594E+4	2,5264237600E-4
3,2904455013E+4	2,5280349900E-4
3,2905005945E+4	2,5273443300E-4
3,2905564142E+4	2,5259987500E-4
3,2906114771E+4	2,5254946500E-4
3,2906671595E+4	2,5270385500E-4
3,2907223369E+4	2,5256542300E-4
3,2907782599E+4	2,5245429500E-4
3,2908332553E+4	2,5243750700E-4
3,2908890767E+4	2,5241407700E-4
3,2909443380E+4	2,5228334800E-4
3,2909999580E+4	2,5213389300E-4
3,2910549581E+4	2,5184727500E-4
3,2911109753E+4	2,5176075200E-4
3,2911661957E+4	2,5161030600E-4
3,2912219588E+4	2,5166694300E-4
3,2912771524E+4	2,5153762000E-4
3,2913322433E+4	2,5136247600E-4
3,2913879005E+4	2,5132041400E-4
3,2914429745E+4	2,5126297000E-4
3,2914985458E+4	2,5132481800E-4
3,2915537174E+4	2,5114985900E-4
3,2916092660E+4	2,5107613400E-4
3,2916642819E+4	2,5080644300E-4
3,2917202663E+4	2,5085648400E-4
3,2917753602E+4	2,5064557300E-4
3,2918314472E+4	2,5050052300E-4
3,2918865484E+4	2,5056488500E-4
3,2919425367E+4	2,5032148200E-4
3,2919977171E+4	2,5019880100E-4
3,2920537423E+4	2,5004122900E-4
3,2921087682E+4	2,5006002300E-4
3,2921642896E+4	2,4999831300E-4
3,2922194238E+4	2,5001720000E-4
3,2922752501E+4	2,4993665000E-4
3,2923303725E+4	2,4978876300E-4
3,2923863024E+4	2,4970235600E-4
3,2924414681E+4	2,4954229300E-4
3,2924971431E+4	2,4947818500E-4
3,2925522438E+4	2,4935615000E-4
3,2926079327E+4	2,4924762700E-4
3,2926629761E+4	2,4929856800E-4
3,2927191434E+4	2,4907282900E-4
3,2927743934E+4	2,4899440100E-4
3,2928300323E+4	2,4901379400E-4
3,2928850569E+4	2,4880588200E-4
3,2929410330E+4	2,4872180300E-4
3,2929960907E+4	2,4881997200E-4
3,2930520865E+4	2,4860274200E-4
3,2931071586E+4	2,4864420500E-4
3,2931629844E+4	2,4841021100E-4
3,2932180684E+4	2,4845617000E-4
3,2932738832E+4	2,4834963100E-4
3,2933290210E+4	2,4827088000E-4
3,2933848656E+4	2,4825831200E-4
3,2934399965E+4	2,4787421700E-4
3,2934957601E+4	2,4787684600E-4
3,2935509359E+4	2,4773915200E-4
3,2936065797E+4	2,4762885400E-4
3,2936617276E+4	2,4739707400E-4
3,2937176858E+4	2,4776078300E-4
3,2937728892E+4	2,4750474300E-4
3,2938286811E+4	2,4727234000E-4
3,2938839396E+4	2,4721070000E-4
3,2939392702E+4	2,4738893400E-4
3,2939943530E+4	2,4700352500E-4
3,2940500869E+4	2,4718856200E-4
3,2941051912E+4	2,4713639900E-4
3,2941606782E+4	2,4707215300E-4
3,2942158083E+4	2,4687724600E-4
3,2942710008E+4	2,4690358100E-4
3,2943268558E+4	2,4669559900E-4
3,2943820979E+4	2,4653023300E-4
3,2944375820E+4	2,4655188600E-4
3,2944927305E+4	2,4651065400E-4
3,2945497737E+4	2,4626579900E-4
3,2946048741E+4	2,4625586000E-4
3,2946600621E+4	2,4631042100E-4
3,2947196216E+4	2,4622154600E-4
3,2947747586E+4	2,4607462800E-4
3,2948304022E+4	2,4629651500E-4
3,2948856320E+4	2,4604356500E-4
3,2949411642E+4	2,4606787100E-4
3,2949963136E+4	2,4586171100E-4
3,2950522766E+4	2,4587151200E-4
3,2951075551E+4	2,4562499600E-4
3,2951632326E+4	2,4562649500E-4
3,2952184297E+4	2,4547900000E-4
3,2952738640E+4	2,4540868900E-4
3,2953288844E+4	2,4516687700E-4
3,2953846525E+4	2,4514211000E-4
3,2954397771E+4	2,4506944700E-4
3,2954952806E+4	2,4518029800E-4
3,2955505365E+4	2,4509396000E-4
3,2956055994E+4	2,4518968400E-4
3,2956611734E+4	2,4500610000E-4
3,2957162656E+4	2,4492243700E-4
3,2957718674E+4	2,4466642000E-4
3,2958269817E+4	2,4452014700E-4
3,2958828480E+4	2,4438363000E-4
3,2959381097E+4	2,4449628000E-4
3,2959940072E+4	2,4439631300E-4
3,2960490743E+4	2,4436787900E-4
3,2961046603E+4	2,4436850200E-4
3,2961598840E+4	2,4441928100E-4
3,2962148867E+4	2,4436725700E-4
3,2962707796E+4	2,4439924200E-4
3,2963259830E+4	2,4432600200E-4
3,2963813668E+4	2,4422907900E-4
3,2964366437E+4	2,4424070100E-4
3,2964924306E+4	2,4414304000E-4
3,2965477392E+4	2,4399264000E-4
3,2966033822E+4	2,4419709400E-4
3,2966586107E+4	2,4396524400E-4
3,2967143806E+4	2,4392318200E-4
3,2967694246E+4	2,4392161400E-4
3,2968255385E+4	2,4388471700E-4
3,2968806332E+4	2,4358465500E-4
3,2969366971E+4	2,4353936400E-4
3,2969918230E+4	2,4350479700E-4
3,2970473942E+4	2,4350608800E-4
3,2971024630E+4	2,4341626800E-4
3,2971582837E+4	2,4331671600E-4
3,2972134577E+4	2,4312047200E-4
3,2972692971E+4	2,4310248500E-4
3,2973245984E+4	2,4309160000E-4
3,2973803761E+4	2,4282615200E-4
3,2974355065E+4	2,4276183600E-4
3,2974914584E+4	2,4262716300E-4
3,2975466184E+4	2,4235820900E-4
3,2976024539E+4	2,4226804300E-4
3,2976574892E+4	2,4207874000E-4
3,2977139059E+4	2,4218767800E-4
3,2977690581E+4	2,4208021600E-4
3,2978244636E+4	2,4199397000E-4
3,2978795813E+4	2,4184013400E-4
3,2979355257E+4	2,4172824500E-4
3,2979905684E+4	2,4151818700E-4
3,2980465745E+4	2,4155510700E-4
3,2981016720E+4	2,4128472400E-4
3,2981576672E+4	2,4121229100E-4
3,2982126682E+4	2,4090318900E-4
3,2982682624E+4	2,4071471600E-4
3,2983233857E+4	2,4086689200E-4
3,2983792720E+4	2,4074905300E-4
3,2984343959E+4	2,4066273800E-4
3,2984901358E+4	2,4045042000E-4
3,2985453324E+4	2,4047973000E-4
3,2986008903E+4	2,4054480700E-4
3,2986559652E+4	2,4011745100E-4
3,2987119506E+4	2,4015356400E-4
3,2987670530E+4	2,3973284900E-4
3,2988232124E+4	2,3983512200E-4
3,2988782855E+4	2,3967736600E-4
3,2989336635E+4	2,3977029900E-4
3,2989888759E+4	2,3975125100E-4
3,2990446779E+4	2,3959577800E-4
3,2990999587E+4	2,3956736700E-4
3,2991558323E+4	2,3954707400E-4
3,2992109807E+4	2,3941357700E-4
3,2992664775E+4	2,3925026400E-4
3,2993217159E+4	2,3908201500E-4
3,2993768763E+4	2,3924994100E-4
3,2994323457E+4	2,3880681200E-4
3,2994875458E+4	2,3865260600E-4
3,2995434445E+4	2,3861619400E-4
3,2995984859E+4	2,3861100500E-4
3,2996545208E+4	2,3863295900E-4
3,2997095439E+4	2,3868057900E-4
3,2997657413E+4	2,3853345300E-4
3,2998209396E+4	2,3853997900E-4
3,2998768057E+4	2,3847940000E-4
3,2999320076E+4	2,3846710800E-4
3,2999870569E+4	2,3849182900E-4
3,3000426210E+4	2,3832798500E-4
3,3000976608E+4	2,3835305200E-4
3,3001533641E+4	2,3825811200E-4
3,3002086478E+4	2,3815487000E-4
3,3002641694E+4	2,3807242900E-4
3,3003193149E+4	2,3812433800E-4
3,3003752465E+4	2,3802566300E-4
3,3004303014E+4	2,3798703600E-4
3,3004860471E+4	2,3776646300E-4
3,3005410735E+4	2,3766917200E-4
3,3005969350E+4	2,3769119400E-4
3,3006519579E+4	2,3759261100E-4
3,3007079657E+4	2,3736516600E-4
3,3007632331E+4	2,3758018100E-4
3,3008186495E+4	2,3734109100E-4
3,3008737950E+4	2,3737337500E-4
3,3009295667E+4	2,3733825400E-4
3,3009846054E+4	2,3725588300E-4
3,3010403866E+4	2,3727172500E-4
3,3010954599E+4	2,3720990000E-4
3,3011514632E+4	2,3691588000E-4
3,3012066299E+4	2,3690162800E-4
3,3012626990E+4	2,3687047400E-4
3,3013178557E+4	2,3678376600E-4
3,3013738107E+4	2,3681222300E-4
3,3014290316E+4	2,3700689900E-4
3,3014850243E+4	2,3663239800E-4
3,3015401320E+4	2,3636153000E-4
3,3015956052E+4	2,3614639900E-4
3,3016507402E+4	2,3619415700E-4
3,3017057860E+4	2,3608312200E-4
3,3017615361E+4	2,3582479900E-4
3,3018166797E+4	2,3586736800E-4
3,3018722683E+4	2,3572363300E-4
3,3019274374E+4	2,3566768800E-4
3,3019833298E+4	2,3553248500E-4
3,3020383849E+4	2,3537715000E-4
3,3020942106E+4	2,3546909200E-4
3,3021493585E+4	2,3531970600E-4
3,3022052301E+4	2,3505718600E-4
3,3022603388E+4	2,3483566800E-4
3,3023159581E+4	2,3478034600E-4
3,3023712019E+4	2,3461956800E-4
3,3024270926E+4	2,3455841200E-4
3,3024821906E+4	2,3434505700E-4
3,3025378964E+4	2,3421001500E-4
3,3025931045E+4	2,3427917400E-4
3,3026482215E+4	2,3430350200E-4
3,3027036595E+4	2,3411463700E-4
3,3027587588E+4	2,3403842300E-4
3,3028144619E+4	2,3383994200E-4
3,3028696298E+4	2,3371209500E-4
3,3029246741E+4	2,3347533300E-4
3,3029805964E+4	2,3350079200E-4
3,3030358078E+4	2,3326668200E-4
3,3030910667E+4	2,3327348500E-4
3,3031461981E+4	2,3316263400E-4
3,3032021587E+4	2,3291616400E-4
3,3032573183E+4	2,3283208600E-4
3,3033131354E+4	2,3261301200E-4
3,3033682731E+4	2,3251982400E-4
3,3034239297E+4	2,3246046700E-4
3,3034791087E+4	2,3238847200E-4
3,3035350358E+4	2,3228410100E-4
3,3035900621E+4	2,3218531000E-4
3,3036458135E+4	2,3197504500E-4
3,3037009180E+4	2,3193607300E-4
3,3037565488E+4	2,3194213800E-4
3,3038116285E+4	2,3186530000E-4
3,3038678178E+4	2,3154953400E-4
3,3039229326E+4	2,3156330100E-4
3,3039784787E+4	2,3133140500E-4
3,3040336023E+4	2,3131025900E-4
3,3040892441E+4	2,3118483300E-4
3,3041443384E+4	2,3122791000E-4
3,3042003005E+4	2,3097039400E-4
3,3042553710E+4	2,3077641000E-4
3,3043111765E+4	2,3058198800E-4
3,3043664509E+4	2,3061367300E-4
3,3044215644E+4	2,3049816300E-4
3,3044770672E+4	2,3023170000E-4
3,3045321680E+4	2,3018961400E-4
3,3045878283E+4	2,3002187300E-4
3,3046430555E+4	2,3001071200E-4
3,3046988288E+4	2,2987836800E-4
3,3047539185E+4	2,2977805500E-4
3,3048098765E+4	2,2951410500E-4
3,3048648835E+4	2,2938319100E-4
3,3049206588E+4	2,2926286200E-4
3,3049757602E+4	2,2907987800E-4
3,3050308474E+4	2,2913250100E-4
3,3050864838E+4	2,2902367900E-4
3,3051415855E+4	2,2879399700E-4
3,3051973251E+4	2,2874529400E-4
3,3052525012E+4	2,2866027000E-4
3,3053080837E+4	2,2867500600E-4
3,3053632535E+4	2,2858709900E-4
3,3054192165E+4	2,2859143500E-4
3,3054742808E+4	2,2838794900E-4
3,3055299724E+4	2,2809791800E-4
3,3055852612E+4	2,2790910000E-4
3,3056404104E+4	2,2789090500E-4
3,3056960521E+4	2,2765596500E-4
3,3057511585E+4	2,2771986600E-4
3,3058066782E+4	2,2767888700E-4
3,3058617562E+4	2,2742916600E-4
3,3059174921E+4	2,2718288100E-4
3,3059726754E+4	2,2733487200E-4
3,3060284714E+4	2,2713904300E-4
3,3060837115E+4	2,2713189400E-4
3,3061392636E+4	2,2706243600E-4
3,3061943680E+4	2,2698695900E-4
3,3062493927E+4	2,2708969400E-4
3,3063052371E+4	2,2688148100E-4
3,3063604361E+4	2,2703826900E-4
3,3064158712E+4	2,2699127200E-4
3,3064709703E+4	2,2683792000E-4
3,3065270154E+4	2,2667889500E-4
3,3065822248E+4	2,2636395900E-4
3,3066377679E+4	2,2645793000E-4
3,3066928570E+4	2,2645571600E-4
3,3067485693E+4	2,2638637400E-4
3,3068037044E+4	2,2636861700E-4
3,3068588352E+4	2,2613358500E-4
3,3069145626E+4	2,2604510200E-4
3,3069697078E+4	2,2601106500E-4
3,3070254559E+4	2,2592597200E-4
3,3070805913E+4	2,2615219500E-4
3,3071364343E+4	2,2601609200E-4
3,3071914818E+4	2,2579655700E-4
3,3072475700E+4	2,2598844300E-4
3,3073027450E+4	2,2579425100E-4
3,3073580746E+4	2,2591437300E-4
3,3074132374E+4	2,2570443100E-4
3,3074690399E+4	2,2572147200E-4
3,3075241985E+4	2,2570503000E-4
3,3075801156E+4	2,2555721300E-4
3,3076352846E+4	2,2548284300E-4
3,3076909592E+4	2,2520443500E-4
3,3077462245E+4	2,2519276600E-4
3,3078017695E+4	2,2508099200E-4
3,3078568960E+4	2,2486754500E-4
3,3079128435E+4	2,2478360500E-4
3,3079678856E+4	2,2476995300E-4
3,3080240990E+4	2,2471481600E-4
3,3080792801E+4	2,2456900400E-4
3,3081350311E+4	2,2462425700E-4
3,3081901083E+4	2,2462575600E-4
3,3082462389E+4	2,2440695900E-4
3,3083013348E+4	2,2442047200E-4
3,3083567800E+4	2,2432899200E-4
3,3084120440E+4	2,2408049200E-4
3,3084676698E+4	2,2400077200E-4
3,3085228062E+4	2,2387938200E-4
3,3085788445E+4	2,2379357500E-4
3,3086339621E+4	2,2369563700E-4
3,3086895768E+4	2,2385011900E-4
3,3087447360E+4	2,2365445100E-4
3,3087997749E+4	2,2351684900E-4
3,3088556649E+4	2,2328405400E-4
3,3089108647E+4	2,2332019000E-4
3,3089661728E+4	2,2329450100E-4
3,3090214271E+4	2,2328762900E-4
3,3090772622E+4	2,2322693400E-4
3,3091323125E+4	2,2326426900E-4
3,3091882350E+4	2,2311815800E-4
3,3092434644E+4	2,2298666700E-4
3,3092988675E+4	2,2277008400E-4
3,3093539714E+4	2,2274653900E-4
3,3094090517E+4	2,2274600900E-4
3,3094649663E+4	2,2265063100E-4
3,3095199802E+4	2,2262355800E-4
3,3095756621E+4	2,2264687200E-4
3,3096307444E+4	2,2251835600E-4
3,3096857661E+4	2,2244546200E-4
3,3097416448E+4	2,2264652600E-4
3,3097968462E+4	2,2247239700E-4
3,3098524373E+4	2,2231851400E-4
3,3099075650E+4	2,2242590700E-4
3,3099632348E+4	2,2242104100E-4
3,3100182813E+4	2,2239249200E-4
3,3100741818E+4	2,2242812100E-4
3,3101293245E+4	2,2223743400E-4
3,3101850941E+4	2,2225858000E-4
3,3102401518E+4	2,2214687600E-4
3,3102954389E+4	2,2207598800E-4
3,3103508854E+4	2,2212872700E-4
3,3104059903E+4	2,2216982100E-4
3,3104616533E+4	2,2205299700E-4
3,3105166605E+4	2,2202569300E-4
3,3105719567E+4	2,2193409700E-4
3,3106275958E+4	2,2174361800E-4
3,3106828796E+4	2,2192088300E-4
3,3107384722E+4	2,2174924500E-4
3,3107935367E+4	2,2179379700E-4
3,3108492656E+4	2,2156974200E-4
3,3109043743E+4	2,2173723000E-4
3,3109599761E+4	2,2152588100E-4
3,3110152364E+4	2,2150676400E-4
3,3110707632E+4	2,2158111100E-4
3,3111259248E+4	2,2155503000E-4
3,3111819587E+4	2,2158383200E-4
3,3112370254E+4	2,2163295100E-4
3,3112929587E+4	2,2139706600E-4
3,3113480253E+4	2,2136390500E-4
3,3114037277E+4	2,2135793200E-4
3,3114587841E+4	2,2115168000E-4
3,3115138489E+4	2,2104774700E-4
3,3115696255E+4	2,2066254500E-4
3,3116247296E+4	2,2065738000E-4
3,3116807545E+4	2,2044462400E-4
3,3117358655E+4	2,2046846900E-4
3,3117916888E+4	2,2031912900E-4
3,3118467862E+4	2,2024346800E-4
3,3119028862E+4	2,2013976500E-4
3,3119580274E+4	2,1997483700E-4
3,3120137494E+4	2,1983225500E-4
3,3120687556E+4	2,1990976100E-4
3,3121239788E+4	2,1960423300E-4
3,3121795569E+4	2,1929335500E-4
3,3122346787E+4	2,1966066200E-4
3,3122904363E+4	2,1963451100E-4
3,3123454411E+4	2,1946589400E-4
3,3124013522E+4	2,1946796900E-4
3,3124564044E+4	2,1941619800E-4
3,3125123410E+4	2,1944624600E-4
3,3125674244E+4	2,1944082700E-4
3,3126230311E+4	2,1923053900E-4
3,3126782395E+4	2,1930892100E-4
3,3127333704E+4	2,1903138900E-4
3,3127890589E+4	2,1905018300E-4
3,3128442829E+4	2,1897479900E-4
3,3128997902E+4	2,1892782500E-4
3,3129548666E+4	2,1893711800E-4
3,3130108794E+4	2,1877474900E-4
3,3130660888E+4	2,1871421600E-4
3,3131217719E+4	2,1870035700E-4
3,3131770498E+4	2,1866777200E-4
3,3132324810E+4	2,1847641700E-4
3,3132876629E+4	2,1857534600E-4
3,3133428614E+4	2,1842510700E-4
3,3133985020E+4	2,1836840200E-4
3,3134535824E+4	2,1820001400E-4
3,3135094872E+4	2,1822821700E-4
3,3135645702E+4	2,1820292000E-4
3,3136206113E+4	2,1815317900E-4
3,3136757609E+4	2,1812788100E-4
3,3137315647E+4	2,1810525900E-4
3,3137865803E+4	2,1811060900E-4
3,3138423927E+4	2,1788556200E-4
3,3138976189E+4	2,1787723800E-4
3,3139531649E+4	2,1792379700E-4
3,3140081802E+4	2,1778192900E-4
3,3140643065E+4	2,1784855100E-4
3,3141194278E+4	2,1770313100E-4
3,3141749613E+4	2,1761956000E-4
3,3142300326E+4	2,1769312300E-4
3,3142859815E+4	2,1753170000E-4
3,3143412042E+4	2,1745703100E-4
3,3143970286E+4	2,1737684900E-4
3,3144520892E+4	2,1726853500E-4
3,3145078274E+4	2,1741653600E-4
3,3145628736E+4	2,1721625700E-4
3,3146186138E+4	2,1721741000E-4
3,3146737551E+4	2,1700006500E-4
3,3147297281E+4	2,1682300700E-4
3,3147847804E+4	2,1664396600E-4
3,3148406322E+4	2,1656918100E-4
3,3148958594E+4	2,1645341800E-4
3,3149515731E+4	2,1646651600E-4
3,3150067408E+4	2,1639703500E-4
3,3150621742E+4	2,1626630500E-4
3,3151172716E+4	2,1609849500E-4
3,3151729896E+4	2,1592240500E-4
3,3152281846E+4	2,1574251100E-4
3,3152837712E+4	2,1575780000E-4
3,3153389485E+4	2,1582128500E-4
3,3153948311E+4	2,1552145400E-4
3,3154500126E+4	2,1532122000E-4
3,3155055684E+4	2,1520151300E-4
3,3155606900E+4	2,1508406700E-4
3,3156162839E+4	2,1476885400E-4
3,3156714534E+4	2,1476043700E-4
3,3157274130E+4	2,1446358000E-4
3,3157826363E+4	2,1423122300E-4
3,3158383256E+4	2,1416872900E-4
3,3158934845E+4	2,1399868100E-4
3,3159486737E+4	2,1378638700E-4
3,3160042733E+4	2,1366174600E-4
3,3160595895E+4	2,1354987900E-4
3,3161151846E+4	2,1322318200E-4
3,3161702816E+4	2,1288675400E-4
3,3162260787E+4	2,1272687600E-4
3,3162812114E+4	2,1258542300E-4
3,3163368723E+4	2,1241639000E-4
3,3163919650E+4	2,1229251000E-4
3,3164478788E+4	2,1220259700E-4
3,3165030269E+4	2,1214169500E-4
3,3165580713E+4	2,1201147200E-4
3,3166138119E+4	2,1215292500E-4
3,3166688831E+4	2,1202035100E-4
3,3167248113E+4	2,1204158900E-4
3,3167799754E+4	2,1177517200E-4
3,3168358911E+4	2,1169653600E-4
3,3168910569E+4	2,1157369300E-4
3,3169469588E+4	2,1142126400E-4
3,3170021164E+4	2,1150695600E-4
3,3170578423E+4	2,1136460400E-4
3,3171131336E+4	2,1139396000E-4
3,3171684531E+4	2,1128753600E-4
3,3172235741E+4	2,1129872100E-4
3,3172798571E+4	2,1118362600E-4
3,3173348655E+4	2,1115228700E-4
3,3173908464E+4	2,1117707700E-4
3,3174459290E+4	2,1108033800E-4
3,3175017614E+4	2,1102614600E-4
3,3175567626E+4	2,1094050000E-4
3,3176128629E+4	2,1087770600E-4
3,3176678796E+4	2,1081039300E-4
3,3177239588E+4	2,1076865400E-4
3,3177791188E+4	2,1069345400E-4
3,3178350597E+4	2,1078668700E-4
3,3178901324E+4	2,1082386000E-4
3,3179461578E+4	2,1058520800E-4
3,3180012492E+4	2,1049794700E-4
3,3180574125E+4	2,1055110200E-4
3,3181126103E+4	2,1051485100E-4
3,3181680593E+4	2,1049310500E-4
3,3182231961E+4	2,1062948400E-4
3,3182791060E+4	2,1045023500E-4
3,3183342581E+4	2,1048012200E-4
3,3183903441E+4	2,1019627100E-4
3,3184454714E+4	2,1039977900E-4
3,3185010089E+4	2,1032162700E-4
3,3185562624E+4	2,1033689300E-4
3,3186114244E+4	2,1019278900E-4
3,3186669951E+4	2,1019488700E-4
3,3187220716E+4	2,1026028700E-4
3,3187780899E+4	2,1010520500E-4
3,3188331599E+4	2,1011060100E-4
3,3188889737E+4	2,1001759900E-4
3,3189440845E+4	2,0995464400E-4
3,3190001679E+4	2,0968698100E-4
3,3190552465E+4	2,0972235600E-4
3,3191109808E+4	2,0967109300E-4
3,3191661647E+4	2,0934748600E-4
3,3192217788E+4	2,0913159400E-4
3,3192769102E+4	2,0930380900E-4
3,3193327898E+4	2,0910816500E-4
3,3193878886E+4	2,0912112500E-4
3,3194436988E+4	2,0924523600E-4
3,3194988209E+4	2,0910233000E-4
3,3195544896E+4	2,0906584900E-4
3,3196096889E+4	2,0891461800E-4
3,3196655434E+4	2,0883542900E-4
3,3197205468E+4	2,0894132200E-4
3,3197759618E+4	2,0888796100E-4
3,3198311654E+4	2,0898391500E-4
3,3198869208E+4	2,0874528600E-4
3,3199420831E+4	2,0866003100E-4
3,3199980852E+4	2,0869849600E-4
3,3200531507E+4	2,0876228100E-4
3,3201087672E+4	2,0833065900E-4
3,3201639553E+4	2,0840380700E-4
3,3202190681E+4	2,0830859000E-4
3,3202748516E+4	2,0814834400E-4
3,3203299730E+4	2,0812413000E-4
3,3203854613E+4	2,0795518900E-4
3,3204405931E+4	2,0789834500E-4
3,3204961766E+4	2,0778848600E-4
3,3205512742E+4	2,0784874200E-4
3,3206074574E+4	2,0776918400E-4
3,3206627052E+4	2,0765685700E-4
3,3207183918E+4	2,0767774900E-4
3,3207735854E+4	2,0754192400E-4
3,3208296262E+4	2,0747366500E-4
3,3208846431E+4	2,0748316600E-4
3,3209404827E+4	2,0754835700E-4
3,3209956791E+4	2,0755375400E-4
3,3210512712E+4	2,0728996500E-4
3,3211062898E+4	2,0722449700E-4
3,3211614538E+4	2,0737146100E-4
3,3212170715E+4	2,0710158500E-4
3,3212721294E+4	2,0690490200E-4
3,3213279862E+4	2,0695346800E-4
3,3213831410E+4	2,0678067600E-4
3,3214387131E+4	2,0666777200E-4
3,3214937706E+4	2,0648439500E-4
3,3215499052E+4	2,0668615100E-4
3,3216049949E+4	2,0632241900E-4
3,3216607208E+4	2,0626087100E-4
3,3217157836E+4	2,0623119200E-4
3,3217710466E+4	2,0593629500E-4
3,3218267510E+4	2,0592709400E-4
3,3218817824E+4	2,0579968500E-4
3,3219374341E+4	2,0583741200E-4
3,3219927121E+4	2,0559915200E-4
3,3220482788E+4	2,0566141500E-4
3,3221034325E+4	2,0554620500E-4
3,3221594412E+4	2,0563671700E-4
3,3222145618E+4	2,0574996700E-4
3,3222700697E+4	2,0565362000E-4
3,3223252431E+4	2,0556684400E-4
3,3223802745E+4	2,0557623000E-4
3,3224359806E+4	2,0535277400E-4
3,3224910405E+4	2,0540343800E-4
3,3225468296E+4	2,0520698600E-4
3,3226018464E+4	2,0530494700E-4
3,3226576915E+4	2,0552584300E-4
3,3227129439E+4	2,0542101000E-4
3,3227687111E+4	2,0540286100E-4
3,3228238495E+4	2,0540069400E-4
3,3228796440E+4	2,0538247600E-4
3,3229348452E+4	2,0546102000E-4
3,3229899934E+4	2,0530344800E-4
3,3230454718E+4	2,0522538800E-4
3,3231005442E+4	2,0518106600E-4
3,3231562797E+4	2,0504159700E-4
3,3232115088E+4	2,0514117200E-4
3,3232667864E+4	2,0490242700E-4
3,3233224250E+4	2,0492465700E-4
3,3233775438E+4	2,0471649100E-4
3,3234329136E+4	2,0487975900E-4
3,3234880033E+4	2,0478588000E-4
3,3235439777E+4	2,0465967000E-4
3,3235990592E+4	2,0463358900E-4
3,3236548922E+4	2,0446612400E-4
3,3237099806E+4	2,0419290400E-4
3,3237659364E+4	2,0421935400E-4
3,3238209693E+4	2,0393898600E-4
3,3238767539E+4	2,0374562400E-4
3,3239318868E+4	2,0354117000E-4
3,3239877409E+4	2,0350985400E-4
3,3240429871E+4	2,0328932700E-4
3,3240985247E+4	2,0314095600E-4
3,3241536218E+4	2,0298458400E-4
3,3242086818E+4	2,0281389000E-4
3,3242644509E+4	2,0280621100E-4
3,3243195786E+4	2,0264312800E-4
3,3243752011E+4	2,0253050100E-4
3,3244304368E+4	2,0237373600E-4
3,3244858805E+4	2,0231463200E-4
3,3245411249E+4	2,0228693700E-4
3,3245970576E+4	2,0214693700E-4
3,3246522610E+4	2,0210630400E-4
3,3247081588E+4	2,0218291100E-4
3,3247633366E+4	2,0203223400E-4
3,3248191794E+4	2,0195645800E-4
3,3248742547E+4	2,0174446300E-4
3,3249304357E+4	2,0152465100E-4
3,3249856246E+4	2,0168224600E-4
3,3250412208E+4	2,0156477600E-4
3,3250962970E+4	2,0140153200E-4
3,3251519781E+4	2,0139463600E-4
3,3252070853E+4	2,0139032400E-4
3,3252631874E+4	2,0120906900E-4
3,3253183634E+4	2,0102091900E-4
3,3253737545E+4	2,0101121100E-4
3,3254287794E+4	2,0110737300E-4
3,3254846755E+4	2,0108161400E-4
3,3255397575E+4	2,0113737400E-4
3,3255958703E+4	2,0088193400E-4
3,3256509548E+4	2,0100014200E-4
3,3257066930E+4	2,0078920800E-4
3,3257618856E+4	2,0084586700E-4
3,3258176319E+4	2,0076298800E-4
3,3258726866E+4	2,0077276600E-4
3,3259286788E+4	2,0063318100E-4
3,3259838299E+4	2,0051672600E-4
3,3260392602E+4	2,0044399300E-4
3,3260942704E+4	2,0043453900E-4
3,3261502630E+4	2,0023898600E-4
3,3262054620E+4	2,0022330500E-4
3,3262614812E+4	2,0024060000E-4
3,3263167359E+4	1,9999371600E-4
3,3263722427E+4	2,0026767300E-4
3,3264272813E+4	1,9997369900E-4
3,3264823562E+4	1,9992566400E-4
3,3265380788E+4	1,9988602300E-4
3,3265933377E+4	2,0001064200E-4
3,3266487924E+4	2,0008063000E-4
3,3267038618E+4	1,9983346900E-4
3,3267597743E+4	1,9981393600E-4
3,3268148602E+4	1,9960646200E-4
3,3268706516E+4	1,9950174400E-4
3,3269257429E+4	1,9951800200E-4
3,3269815649E+4	1,9943390100E-4
3,3270365967E+4	1,9932394900E-4
3,3270916772E+4	1,9934590200E-4
3,3271472423E+4	1,9928218600E-4
3,3272024592E+4	1,9933930700E-4
3,3272579822E+4	1,9938598100E-4
3,3273130602E+4	1,9943018800E-4
3,3273689763E+4	1,9942815900E-4
3,3274240830E+4	1,9937355100E-4
3,3274799769E+4	1,9898586000E-4
3,3275351534E+4	1,9899222400E-4
3,3275912541E+4	1,9882231500E-4
3,3276464585E+4	1,9876736200E-4
3,3277024551E+4	1,9902236400E-4
3,3277575007E+4	1,9877529500E-4
3,3278134803E+4	1,9863324300E-4
3,3278685885E+4	1,9880988500E-4
3,3279242416E+4	1,9864267400E-4
3,3279793564E+4	1,9854702000E-4
3,3280349126E+4	1,9866967800E-4
3,3280899859E+4	1,9849292000E-4
3,3281461200E+4	1,9860598500E-4
3,3282011637E+4	1,9863852300E-4
3,3282569416E+4	1,9867777200E-4
3,3283120780E+4	1,9865669500E-4
3,3283677555E+4	1,9853320600E-4
3,3284227727E+4	1,9838799500E-4
3,3284788509E+4	1,9869827300E-4
3,3285339639E+4	1,9849271200E-4
3,3285895776E+4	1,9851690300E-4
3,3286445927E+4	1,9870187000E-4
3,3287004428E+4	1,9856069500E-4
3,3287556099E+4	1,9875848400E-4
3,3288114865E+4	1,9864145200E-4
3,3288665558E+4	1,9846739200E-4
3,3289222727E+4	1,9847122000E-4
3,3289775370E+4	1,9844101100E-4
3,3290330692E+4	1,9824642700E-4
3,3290882506E+4	1,9828473000E-4
3,3291442857E+4	1,9809063100E-4
3,3291995826E+4	1,9819975300E-4
3,3292551564E+4	1,9829155600E-4
3,3293103064E+4	1,9789773000E-4
3,3293658765E+4	1,9817272600E-4
3,3294210495E+4	1,9814134100E-4
3,3294771641E+4	1,9792745500E-4
3,3295324563E+4	1,9790144300E-4
3,3295877682E+4	1,9792240500E-4
3,3296429005E+4	1,9791454100E-4
3,3296986959E+4	1,9784335400E-4
3,3297537904E+4	1,9781565800E-4
3,3298095091E+4	1,9760038900E-4
3,3298647948E+4	1,9765518100E-4
3,3299202445E+4	1,9762248100E-4
3,3299752585E+4	1,9772733700E-4
3,3300303732E+4	1,9745919000E-4
3,3300860601E+4	1,9754905700E-4
3,3301411610E+4	1,9749046000E-4
3,3301967628E+4	1,9735235100E-4
3,3302518421E+4	1,9712389200E-4
3,3303077131E+4	1,9693938500E-4
3,3303627595E+4	1,9684714300E-4
3,3304187746E+4	1,9670094000E-4
3,3304738346E+4	1,9667633500E-4
3,3305295698E+4	1,9648029800E-4
3,3305847281E+4	1,9646784600E-4
3,3306397631E+4	1,9635685600E-4
3,3306955987E+4	1,9630580000E-4
3,3307507288E+4	1,9620428800E-4
3,3308064233E+4	1,9604344100E-4
3,3308614613E+4	1,9602464700E-4
3,3309172345E+4	1,9596261500E-4
3,3309723840E+4	1,9605204300E-4
3,3310284414E+4	1,9583891900E-4
3,3310835970E+4	1,9597230000E-4
3,3311392660E+4	1,9577589400E-4
3,3311944576E+4	1,9566642700E-4
3,3312495799E+4	1,9554102400E-4
3,3313051150E+4	1,9565422800E-4
3,3313602672E+4	1,9544375500E-4
3,3314158525E+4	1,9522793300E-4
3,3314709169E+4	1,9529247900E-4
3,3315267669E+4	1,9507942300E-4
3,3315819298E+4	1,9493471900E-4
3,3316378762E+4	1,9498443700E-4
3,3316929573E+4	1,9495851800E-4
3,3317487601E+4	1,9489318700E-4
3,3318039455E+4	1,9483897200E-4
3,3318589735E+4	1,9492445700E-4
3,3319144597E+4	1,9472883600E-4
3,3319695587E+4	1,9483888000E-4
3,3320255625E+4	1,9443543800E-4
3,3320806332E+4	1,9441120100E-4
3,3321366650E+4	1,9439974000E-4
3,3321916896E+4	1,9424542000E-4
3,3322477628E+4	1,9434467200E-4
3,3323027574E+4	1,9433904500E-4
3,3323588755E+4	1,9424445100E-4
3,3324140788E+4	1,9436411200E-4
3,3324696925E+4	1,9431759900E-4
3,3325247926E+4	1,9421359700E-4
3,3325804707E+4	1,9399878900E-4
3,3326355797E+4	1,9398301500E-4
3,3326915138E+4	1,9375663100E-4
3,3327467640E+4	1,9380162200E-4
3,3328021946E+4	1,9362029800E-4
3,3328574502E+4	1,9365991600E-4
3,3329126385E+4	1,9339679600E-4
3,3329682382E+4	1,9336956200E-4
3,3330233451E+4	1,9340657400E-4
3,3330792476E+4	1,9320189000E-4
3,3331343378E+4	1,9309733400E-4
3,3331904502E+4	1,9322156000E-4
3,3332455496E+4	1,9312129300E-4
3,3333016477E+4	1,9302522400E-4
3,3333567478E+4	1,9323977800E-4
3,3334127477E+4	1,9293948500E-4
3,3334679490E+4	1,9289361800E-4
3,3335235304E+4	1,9271566000E-4
3,3335786771E+4	1,9259452400E-4
3,3336342770E+4	1,9241073200E-4
3,3336893777E+4	1,9237950900E-4
3,3337453796E+4	1,9231427100E-4
3,3338004699E+4	1,9212824200E-4
3,3338560739E+4	1,9193340500E-4
3,3339111779E+4	1,9205016000E-4
3,3339670786E+4	1,9184741200E-4
3,3340221770E+4	1,9179727900E-4
3,3340780775E+4	1,9165043000E-4
3,3341332773E+4	1,9148663200E-4
3,3341889005E+4	1,9145480900E-4
3,3342440329E+4	1,9125081600E-4
3,3342997164E+4	1,9091422600E-4
3,3343547835E+4	1,9106275800E-4
3,3344108888E+4	1,9089151200E-4
3,3344660935E+4	1,9086923500E-4
3,3345217475E+4	1,9071738200E-4
3,3345768393E+4	1,9058591500E-4
3,3346326639E+4	1,9059329400E-4
3,3346876400E+4	1,9045417100E-4
3,3347438557E+4	1,9052556600E-4
3,3347989622E+4	1,9034827700E-4
3,3348544479E+4	1,9040279200E-4
3,3349095604E+4	1,9038708800E-4
3,3349651937E+4	1,9021591000E-4
3,3350202596E+4	1,9004104300E-4
3,3350764550E+4	1,9023998500E-4
3,3351314929E+4	1,9016566200E-4
3,3351871533E+4	1,8995235300E-4
3,3352424285E+4	1,9004685400E-4
3,3352979813E+4	1,8988699900E-4
3,3353530838E+4	1,8972029600E-4
3,3354091746E+4	1,8968457500E-4
3,3354643421E+4	1,8961027400E-4
3,3355197544E+4	1,8953145400E-4
3,3355749007E+4	1,8940605100E-4
3,3356305752E+4	1,8922412700E-4
3,3356856950E+4	1,8914779700E-4
3,3357415605E+4	1,8876550200E-4
3,3357966376E+4	1,8878033000E-4
3,3358522313E+4	1,8864634800E-4
3,3359072794E+4	1,8843204800E-4
3,3359624826E+4	1,8867563500E-4
3,3360180438E+4	1,8845524700E-4
3,3360730861E+4	1,8830062700E-4