2,8249369311E+4	-1,5795815500E-5
2,8249921261E+4	-1,5827154700E-5
2,8250482062E+4	-1,5927444400E-5
2,8251033115E+4	-1,5885497500E-5
2,8251590743E+4	-1,5780503400E-5
2,8252143253E+4	-1,5864581700E-5
2,8252724799E+4	-1,5601370000E-5
2,8253275666E+4	-1,5712221500E-5
2,8253836233E+4	-1,5861514700E-5
2,8254388166E+4	-1,5740562700E-5
2,8254944609E+4	-1,5615390800E-5
2,8255495212E+4	-1,5533987500E-5
2,8256053367E+4	-1,5513809600E-5
2,8256606395E+4	-1,5348627700E-5
2,8257163512E+4	-1,5404526200E-5
2,8257715385E+4	-1,5405033500E-5
2,8258272642E+4	-1,5240451300E-5
2,8258823200E+4	-1,5314798100E-5
2,8259382999E+4	-1,5404549300E-5
2,8259935141E+4	-1,5295796300E-5
2,8260493696E+4	-1,5213055500E-5
2,8261045120E+4	-1,5358589800E-5
2,8261605048E+4	-1,5220504000E-5
2,8262156655E+4	-1,5056613600E-5
2,8262716070E+4	-1,4990015100E-5
2,8263268159E+4	-1,5107369600E-5
2,8263825310E+4	-1,4890324800E-5
2,8264375925E+4	-1,4892100500E-5
2,8264936317E+4	-1,4867771700E-5
2,8265488280E+4	-1,4878702400E-5
2,8266043293E+4	-1,4806753800E-5
2,8266594216E+4	-1,4867840900E-5
2,8267153734E+4	-1,4783624200E-5
2,8267705255E+4	-1,4989438500E-5
2,8268263814E+4	-1,4760448500E-5
2,8268815993E+4	-1,4578202000E-5
2,8269373883E+4	-1,4623723200E-5
2,8269924562E+4	-1,4482593400E-5
2,8270482977E+4	-1,4509066800E-5
2,8271035098E+4	-1,4660988900E-5
2,8271594820E+4	-1,4718017300E-5
2,8272147379E+4	-1,4750509500E-5
2,8272705103E+4	-1,4753968500E-5
2,8273255677E+4	-1,4739325200E-5
2,8273813395E+4	-1,4838577200E-5
2,8274365090E+4	-1,4724243600E-5
2,8274915958E+4	-1,4755490500E-5
2,8275472526E+4	-1,4797529700E-5
2,8276025198E+4	-1,4743383800E-5
2,8276583244E+4	-1,4737826200E-5
2,8277133459E+4	-1,4764184300E-5
2,8277692845E+4	-1,4754314400E-5
2,8278243365E+4	-1,4748595500E-5
2,8278804418E+4	-1,4697447400E-5
2,8279355081E+4	-1,4927751900E-5
2,8279912264E+4	-1,4844941900E-5
2,8280464424E+4	-1,4868947800E-5
2,8281023126E+4	-1,4870677300E-5
2,8281573473E+4	-1,4933055800E-5
2,8282133058E+4	-1,4798728800E-5
2,8282685398E+4	-1,4851813900E-5
2,8283242361E+4	-1,4787682900E-5
2,8283793480E+4	-1,4731646000E-5
2,8284350482E+4	-1,4952518800E-5
2,8284901173E+4	-1,5095032200E-5
2,8285455368E+4	-1,5164444100E-5
2,8286005982E+4	-1,5085000900E-5
2,8286563520E+4	-1,5126970900E-5
2,8287114352E+4	-1,5067590300E-5
2,8287664592E+4	-1,5115832700E-5
2,8288221330E+4	-1,4960958900E-5
2,8288772060E+4	-1,4892538600E-5
2,8289332153E+4	-1,4772001800E-5
2,8289885175E+4	-1,4824372000E-5
2,8290442348E+4	-1,4922471100E-5
2,8290994115E+4	-1,4831797500E-5
2,8291555198E+4	-1,4814340700E-5
2,8292105320E+4	-1,4861683800E-5
2,8292662294E+4	-1,4854189100E-5
2,8293213637E+4	-1,4856564400E-5
2,8293768385E+4	-1,4812611200E-5
2,8294320311E+4	-1,4797806400E-5
2,8294876384E+4	-1,4924177500E-5
2,8295428458E+4	-1,4892538600E-5
2,8295986784E+4	-1,4918251000E-5
2,8296537605E+4	-1,4970229200E-5
2,8297097613E+4	-1,4965640200E-5
2,8297649121E+4	-1,4852182900E-5
2,8298209769E+4	-1,4772578300E-5
2,8298760648E+4	-1,4704965100E-5
2,8299318929E+4	-1,4630364600E-5
2,8299872059E+4	-1,4577579300E-5
2,8300428403E+4	-1,4594690200E-5
2,8300979045E+4	-1,4508006000E-5
2,8301539835E+4	-1,4465298100E-5
2,8302090443E+4	-1,4520550900E-5
2,8302649436E+4	-1,4444359200E-5
2,8303199818E+4	-1,4473207800E-5
2,8303760184E+4	-1,4404441600E-5
2,8304312558E+4	-1,4331432300E-5
2,8304867666E+4	-1,4337843100E-5
2,8305420222E+4	-1,4454159900E-5
2,8305970465E+4	-1,4371396100E-5
2,8306526484E+4	-1,4595151400E-5
2,8307077373E+4	-1,4551198200E-5
2,8307634857E+4	-1,4512479700E-5
2,8308185408E+4	-1,4387215500E-5
2,8308743413E+4	-1,4446619200E-5
2,8309295349E+4	-1,4497997800E-5
2,8309849395E+4	-1,4272466800E-5
2,8310399922E+4	-1,4308625600E-5
2,8310957507E+4	-1,4275764500E-5
2,8311509164E+4	-1,4266747800E-5
2,8312066829E+4	-1,4316396900E-5
2,8312618116E+4	-1,4207690100E-5
2,8313174974E+4	-1,4172661300E-5
2,8313725735E+4	-1,4409514900E-5
2,8314284270E+4	-1,4292368000E-5
2,8314834589E+4	-1,4218920500E-5
2,8315395748E+4	-1,4397062300E-5
2,8315948241E+4	-1,4346329400E-5
2,8316506115E+4	-1,4430361600E-5
2,8317058322E+4	-1,4457734300E-5
2,8317617805E+4	-1,4299724300E-5
2,8318169417E+4	-1,4280930000E-5
2,8318722428E+4	-1,4245716700E-5
2,8319272221E+4	-1,4474660600E-5
2,8319834149E+4	-1,4199019400E-5
2,8320386270E+4	-1,4307979900E-5
2,8320942161E+4	-1,4243618200E-5
2,8321493116E+4	-1,4141160800E-5
2,8322052740E+4	-1,3948306400E-5
2,8322603724E+4	-1,4180709400E-5
2,8323163488E+4	-1,4098752600E-5
2,8323713281E+4	-1,4120360300E-5
2,8324273396E+4	-1,3868817100E-5
2,8324824820E+4	-1,3933086500E-5
2,8325381277E+4	-1,3965532600E-5
2,8325933104E+4	-1,3925937800E-5
2,8326490594E+4	-1,3848362500E-5
2,8327041251E+4	-1,3926445100E-5
2,8327603280E+4	-1,3737626400E-5
2,8328153527E+4	-1,3716641400E-5
2,8328709365E+4	-1,3850530200E-5
2,8329261340E+4	-1,3818914400E-5
2,8329817777E+4	-1,3899256900E-5
2,8330369876E+4	-1,3682143000E-5
2,8330928160E+4	-1,3654977800E-5
2,8331479745E+4	-1,3721161200E-5
2,8332034419E+4	-1,3887426900E-5
2,8332586488E+4	-1,3776529300E-5
2,8333137388E+4	-1,3721991400E-5
2,8333694364E+4	-1,3812872500E-5
2,8334245062E+4	-1,3673656700E-5
2,8334803594E+4	-1,3830167900E-5
2,8335354388E+4	-1,3743829600E-5
2,8335913412E+4	-1,3716456900E-5
2,8336463535E+4	-1,3767051500E-5
2,8337024083E+4	-1,3878110500E-5
2,8337576173E+4	-1,3971482100E-5
2,8338133426E+4	-1,3887426900E-5
2,8338684523E+4	-1,3803002700E-5
2,8339241893E+4	-1,3752915400E-5
2,8339792455E+4	-1,3703381600E-5
2,8340353068E+4	-1,3686524500E-5
2,8340903816E+4	-1,3725796400E-5
2,8341462972E+4	-1,3607727000E-5
2,8342016212E+4	-1,3795323500E-5
2,8342573378E+4	-1,3713735800E-5
2,8343125093E+4	-1,3872622100E-5
2,8343683704E+4	-1,3766843900E-5
2,8344235072E+4	-1,3864504800E-5
2,8344793139E+4	-1,4042139300E-5
2,8345346367E+4	-1,3842251500E-5
2,8345898712E+4	-1,3641602700E-5
2,8346450386E+4	-1,3788244000E-5
2,8347006734E+4	-1,3593198900E-5
2,8347557336E+4	-1,3419876700E-5
2,8348114203E+4	-1,3672388400E-5
2,8348665663E+4	-1,3811189100E-5
2,8349217059E+4	-1,3657491400E-5
2,8349771786E+4	-1,3501141700E-5
2,8350323421E+4	-1,3474829700E-5
2,8350880181E+4	-1,3412635800E-5
2,8351430524E+4	-1,3476467000E-5
2,8351989972E+4	-1,3267585700E-5
2,8352542097E+4	-1,3514493700E-5
2,8353098076E+4	-1,3303652200E-5
2,8353649439E+4	-1,3555679600E-5
2,8354204080E+4	-1,3404449300E-5
2,8354754319E+4	-1,3480687100E-5
2,8355305159E+4	-1,3414111600E-5
2,8355856373E+4	-1,3262673800E-5
2,8356415413E+4	-1,3176819900E-5
2,8356965684E+4	-1,3015650500E-5
2,8357523516E+4	-1,3198012400E-5
2,8358073300E+4	-1,3156480600E-5
2,8358630031E+4	-1,3206314100E-5
2,8359182398E+4	-1,3246692900E-5
2,8359736990E+4	-1,3161830600E-5
2,8360288382E+4	-1,3213762700E-5
2,8360844055E+4	-1,3305658500E-5
2,8361394745E+4	-1,3252757800E-5
2,8361951606E+4	-1,3330656000E-5
2,8362504205E+4	-1,3020493200E-5
2,8363062247E+4	-1,3115917300E-5
2,8363613155E+4	-1,3119399400E-5
2,8364168328E+4	-1,3200110900E-5
2,8364718429E+4	-1,3078052000E-5
2,8365274373E+4	-1,3020677700E-5
2,8365827315E+4	-1,3130422300E-5
2,8366385413E+4	-1,3129130900E-5
2,8366936040E+4	-1,2994135200E-5
2,8367494930E+4	-1,2946192500E-5
2,8368045481E+4	-1,2986409900E-5
2,8368604357E+4	-1,2968099900E-5
2,8369156089E+4	-1,2857064000E-5
2,8369715688E+4	-1,2937083700E-5
2,8370266462E+4	-1,2760994200E-5
2,8370825557E+4	-1,2989661400E-5
2,8371375595E+4	-1,2770241500E-5
2,8371935422E+4	-1,2693427200E-5
2,8372485883E+4	-1,2645161700E-5
2,8373043929E+4	-1,2663264200E-5
2,8373594630E+4	-1,2672119400E-5
2,8374152398E+4	-1,2460632200E-5
2,8374703658E+4	-1,2459479200E-5
2,8375259109E+4	-1,2583106100E-5
2,8375809685E+4	-1,2336405700E-5
2,8376362142E+4	-1,2293628600E-5
2,8376916716E+4	-1,2394102900E-5
2,8377469646E+4	-1,2342977900E-5
2,8378027361E+4	-1,2347013500E-5
2,8378579399E+4	-1,2363040500E-5
2,8379136542E+4	-1,2371319200E-5
2,8379688259E+4	-1,2288809000E-5
2,8380250318E+4	-1,2331055700E-5
2,8380800506E+4	-1,2244948000E-5
2,8381358176E+4	-1,2133958200E-5
2,8381908412E+4	-1,2308617900E-5
2,8382468461E+4	-1,2102665200E-5
2,8383019293E+4	-1,2136702400E-5
2,8383579734E+4	-1,2326236000E-5
2,8384129681E+4	-1,2185613500E-5
2,8384688394E+4	-1,2179295000E-5
2,8385240094E+4	-1,2218382400E-5
2,8385790415E+4	-1,2112719500E-5
2,8386347554E+4	-1,2168110700E-5
2,8386900052E+4	-1,2057535900E-5
2,8387457500E+4	-1,2073263100E-5
2,8388009123E+4	-1,2102665200E-5
2,8388568193E+4	-1,2050202700E-5
2,8389120400E+4	-1,2024213600E-5
2,8389678429E+4	-1,2130868100E-5
2,8390231188E+4	-1,2024859300E-5
2,8390788315E+4	-1,1861983500E-5
2,8391339052E+4	-1,1896528000E-5
2,8391900269E+4	-1,2011899400E-5
2,8392451538E+4	-1,1882184500E-5
2,8393012165E+4	-1,1934992800E-5
2,8393563801E+4	-1,1930865000E-5
2,8394121329E+4	-1,1756228400E-5
2,8394671960E+4	-1,1918988900E-5
2,8395232682E+4	-1,1730954200E-5
2,8395785285E+4	-1,1728786500E-5
2,8396338844E+4	-1,1727887100E-5
2,8396891292E+4	-1,1704065700E-5
2,8397446188E+4	-1,1710430400E-5
2,8397997080E+4	-1,1719285600E-5
2,8398554240E+4	-1,1813118500E-5
2,8399106257E+4	-1,1789274000E-5
2,8399661323E+4	-1,1667099900E-5
2,8400211786E+4	-1,1607258100E-5
2,8400769556E+4	-1,1599878700E-5
2,8401321141E+4	-1,1558808100E-5
2,8401874251E+4	-1,1486236900E-5
2,8402424899E+4	-1,1531135600E-5
2,8402984455E+4	-1,1600547500E-5
2,8403534353E+4	-1,1486375300E-5
2,8404094219E+4	-1,1427594300E-5
2,8404644606E+4	-1,1333184900E-5
2,8405200189E+4	-1,1423305000E-5
2,8405750842E+4	-1,1346744400E-5
2,8406308960E+4	-1,1267162900E-5
2,8406860131E+4	-1,1399368300E-5
2,8407422307E+4	-1,1401466800E-5
2,8407973341E+4	-1,1307149700E-5
2,8408528580E+4	-1,1306411700E-5
2,8409079280E+4	-1,1052839300E-5
2,8409637275E+4	-1,1171116200E-5
2,8410188114E+4	-1,1068312800E-5
2,8410744871E+4	-1,1062824400E-5
2,8411296228E+4	-1,1136710100E-5
2,8411851177E+4	-1,1021569300E-5
2,8412402392E+4	-1,1218113400E-5
2,8412954609E+4	-1,1069904000E-5
2,8413512271E+4	-1,0852813100E-5
2,8414063418E+4	-1,0979899200E-5
2,8414619289E+4	-1,1009462600E-5
2,8415172189E+4	-1,0902208600E-5
2,8415726993E+4	-1,1016565200E-5
2,8416278847E+4	-1,1069673400E-5
2,8416838430E+4	-1,0943694300E-5
2,8417390097E+4	-1,1043269200E-5
2,8417946197E+4	-1,1038887700E-5
2,8418496587E+4	-1,0908527100E-5
2,8419048791E+4	-1,0980844600E-5
2,8419606861E+4	-1,1066883100E-5
2,8420157837E+4	-1,0880577900E-5
2,8420712766E+4	-1,0882814800E-5
2,8421264179E+4	-1,0797767900E-5
2,8421821468E+4	-1,0626567300E-5
2,8422371686E+4	-1,0706863700E-5
2,8422929223E+4	-1,0682189100E-5
2,8423482125E+4	-1,0789950400E-5
2,8424034590E+4	-1,0816885000E-5
2,8424585965E+4	-1,0705687600E-5
2,8425142420E+4	-1,0721760700E-5
2,8425693249E+4	-1,0804409300E-5
2,8426250191E+4	-1,0733475400E-5
2,8426801006E+4	-1,0718993500E-5
2,8427358387E+4	-1,0721437900E-5
2,8427908920E+4	-1,0479165100E-5
2,8428460214E+4	-1,0668537300E-5
2,8429016453E+4	-1,0577748400E-5
2,8429566975E+4	-1,0567809300E-5
2,8430125531E+4	-1,0479741600E-5
2,8430676369E+4	-1,0403065700E-5
2,8431236953E+4	-1,0490856700E-5
2,8431787544E+4	-1,0432536900E-5
2,8432345425E+4	-1,0319955900E-5
2,8432897309E+4	-1,0442960200E-5
2,8433453036E+4	-1,0391304800E-5
2,8434005164E+4	-1,0321224200E-5
2,8434557351E+4	-1,0302430000E-5
2,8435114430E+4	-1,0184683400E-5
2,8435666357E+4	-1,0222295000E-5
2,8436224079E+4	-1,0370296800E-5
2,8436774277E+4	-1,0331578300E-5
2,8437334472E+4	-1,0153390400E-5
2,8437885411E+4	-1,0336444100E-5
2,8438444837E+4	-1,0195452600E-5
2,8438998212E+4	-1,0327565800E-5
2,8439553912E+4	-1,0403596000E-5
2,8440106453E+4	-1,0324452700E-5
2,8440663519E+4	-1,0336951400E-5
2,8441214921E+4	-1,0102357700E-5
2,8441775115E+4	-1,0275818200E-5
2,8442325368E+4	-1,0192731500E-5
2,8442883532E+4	-1,0198565800E-5
2,8443436138E+4	-1,0023444900E-5
2,8443992260E+4	-1,0148893600E-5
2,8444543151E+4	-9,9367146500E-6
2,8445103010E+4	-9,9229014500E-6
2,8445654979E+4	-9,9143229800E-6
2,8446211597E+4	-9,7341518600E-6
2,8446765024E+4	-9,6212019000E-6
2,8447321475E+4	-9,7598642400E-6
2,8447872287E+4	-9,7171102100E-6
2,8448429860E+4	-9,4791266100E-6
2,8448982024E+4	-9,3878303800E-6
2,8449536419E+4	-9,4500704700E-6
2,8450087357E+4	-9,4055638500E-6
2,8450644631E+4	-9,3646777100E-6
2,8451196076E+4	-9,2191203000E-6
2,8451747455E+4	-9,2298895200E-6
2,8452304381E+4	-9,0877911700E-6
2,8452855511E+4	-9,0956547800E-6
2,8453410588E+4	-8,9859793900E-6
2,8453963395E+4	-8,8587550200E-6
2,8454521348E+4	-8,8051395300E-6
2,8455072190E+4	-8,7837625100E-6
2,8455631931E+4	-8,8330887700E-6
2,8456183155E+4	-8,7024975700E-6
2,8456739474E+4	-8,7187321100E-6
2,8457289610E+4	-8,5696003300E-6
2,8457839370E+4	-8,3395034000E-6
2,8458397246E+4	-8,3242143400E-6
2,8458949743E+4	-8,2748189000E-6
2,8459508017E+4	-8,1196453000E-6
2,8460059455E+4	-7,9524802600E-6
2,8460619299E+4	-7,8721377400E-6
2,8461171141E+4	-7,9220866200E-6
2,8461729064E+4	-7,9019548700E-6
2,8462279300E+4	-7,5343947400E-6
2,8462839392E+4	-7,6579063800E-6
2,8463390694E+4	-7,6017081200E-6
2,8463949377E+4	-7,3898981000E-6
2,8464500193E+4	-7,3715189400E-6
2,8465060281E+4	-7,1107747000E-6
2,8465611388E+4	-7,0492264300E-6
2,8466170631E+4	-7,0721715500E-6
2,8466722357E+4	-7,0729556000E-6
2,8467279158E+4	-7,0521320400E-6
2,8467830436E+4	-6,8448879900E-6
2,8468380418E+4	-6,9066438100E-6
2,8468937978E+4	-6,8222426500E-6
2,8469488636E+4	-6,7336214300E-6
2,8470048379E+4	-6,4728541300E-6
2,8470598436E+4	-6,6142606600E-6
2,8471157221E+4	-6,4546133300E-6
2,8471709287E+4	-6,4306996700E-6
2,8472265151E+4	-6,4512234500E-6
2,8472815482E+4	-6,4520766900E-6
2,8473370434E+4	-6,3891678400E-6
2,8473921939E+4	-6,3564220400E-6
2,8474472862E+4	-6,4492402500E-6
2,8475031217E+4	-6,3236070500E-6
2,8475583340E+4	-6,3377661500E-6
2,8476140374E+4	-6,3524325800E-6
2,8476690316E+4	-6,1577334000E-6
2,8477249533E+4	-6,0815648200E-6
2,8477801274E+4	-6,0955163700E-6
2,8478360194E+4	-6,0636699200E-6
2,8478910767E+4	-6,0880217400E-6
2,8479467336E+4	-6,0995980700E-6
2,8480019952E+4	-5,9959414500E-6
2,8480570243E+4	-5,8880417200E-6
2,8481126526E+4	-5,9118170200E-6
2,8481677341E+4	-5,8811005300E-6
2,8482237089E+4	-5,8483777800E-6
2,8482787521E+4	-5,8236339500E-6
2,8483345736E+4	-5,8888027100E-6
2,8483897014E+4	-5,8759811100E-6
2,8484454104E+4	-5,7030279200E-6
2,8485007201E+4	-5,7563897400E-6
2,8485560247E+4	-5,8513525800E-6
2,8486110308E+4	-5,6228929400E-6
2,8486661075E+4	-5,6171278300E-6
2,8487220688E+4	-5,6219013400E-6
2,8487771762E+4	-5,5163768300E-6
2,8488329663E+4	-5,4383634000E-6
2,8488882285E+4	-5,4712475700E-6
2,8489433016E+4	-5,5798160600E-6
2,8489988968E+4	-5,2974180800E-6
2,8490539410E+4	-5,2932210800E-6
2,8491097042E+4	-5,3137909800E-6
2,8491648043E+4	-5,0851007300E-6
2,8492205209E+4	-4,9697294200E-6
2,8492756979E+4	-5,0553758400E-6
2,8493316018E+4	-5,0309779100E-6
2,8493866936E+4	-5,0103157700E-6
2,8494422384E+4	-4,8639281800E-6
2,8494974408E+4	-4,9053677700E-6
2,8495525925E+4	-5,0461516700E-6
2,8496081933E+4	-4,8363709700E-6
2,8496634109E+4	-4,6636022600E-6
2,8497190408E+4	-4,7710869100E-6
2,8497741581E+4	-4,7916106900E-6
2,8498302028E+4	-4,7351126400E-6
2,8498853888E+4	-4,5847817200E-6
2,8499412392E+4	-4,4725235700E-6
2,8499962457E+4	-4,5330110700E-6
2,8500524419E+4	-4,2326259500E-6
2,8501075977E+4	-4,3573828600E-6
2,8501637146E+4	-4,2839123400E-6
2,8502187768E+4	-4,3928036700E-6
2,8502746505E+4	-4,2819983300E-6
2,8503298105E+4	-4,2561706500E-6
2,8503858648E+4	-4,1917398200E-6
2,8504411286E+4	-4,1991422100E-6
2,8504965997E+4	-3,9353309400E-6
2,8505516332E+4	-4,0257278100E-6
2,8506067215E+4	-3,8777029300E-6
2,8506624958E+4	-3,9750871100E-6
2,8507176400E+4	-3,8697009600E-6
2,8507733379E+4	-3,6689138300E-6
2,8508286236E+4	-3,6298955900E-6
2,8508837809E+4	-3,7112066500E-6
2,8509394385E+4	-3,8260245200E-6
2,8509945536E+4	-3,5258008200E-6
2,8510503351E+4	-3,3085946700E-6
2,8511053938E+4	-3,4775353500E-6
2,8511613459E+4	-3,3519943900E-6
2,8512163271E+4	-3,5082749000E-6
2,8512723408E+4	-3,4641141800E-6
2,8513274242E+4	-3,3896059500E-6
2,8513831450E+4	-3,2751339900E-6
2,8514382875E+4	-3,2555095700E-6
2,8514940319E+4	-3,0626782800E-6
2,8515491194E+4	-3,1394233800E-6
2,8516048740E+4	-3,0670136400E-6
2,8516600093E+4	-3,1033568700E-6
2,8517155238E+4	-3,0076561100E-6
2,8517706160E+4	-2,9643947500E-6
2,8518256332E+4	-3,0347290500E-6
2,8518813407E+4	-2,8374240400E-6
2,8519363421E+4	-2,8379544300E-6
2,8519923461E+4	-2,7789197400E-6
2,8520474490E+4	-2,6984849700E-6
2,8521033405E+4	-2,8194599700E-6
2,8521585019E+4	-2,9158986700E-6
2,8522144302E+4	-2,9179510500E-6
2,8522697393E+4	-2,8161392600E-6
2,8523255535E+4	-2,8266087000E-6
2,8523806821E+4	-2,5868263900E-6
2,8524365445E+4	-2,7000761400E-6
2,8524918026E+4	-2,8125418400E-6
2,8525478249E+4	-2,5145088900E-6
2,8526028505E+4	-2,6152137700E-6
2,8526587379E+4	-2,5560176600E-6
2,8527140172E+4	-2,4359650800E-6
2,8527694322E+4	-2,3089251900E-6
2,8528246901E+4	-2,2977408800E-6
2,8528804211E+4	-2,1950758600E-6
2,8529356037E+4	-2,0583736600E-6
2,8529911366E+4	-2,0563674000E-6
2,8530464061E+4	-2,1939228400E-6
2,8531020374E+4	-1,8788713000E-6
2,8531571996E+4	-1,7885205500E-6
2,8532122870E+4	-1,7966147600E-6
2,8532680160E+4	-1,6694365000E-6
2,8533233395E+4	-1,5306127400E-6
2,8533789344E+4	-1,5274073400E-6
2,8534340367E+4	-1,5546186400E-6
2,8534892437E+4	-1,5495914700E-6
2,8535447142E+4	-1,4980975400E-6
2,8535997943E+4	-1,3138216700E-6
2,8536557216E+4	-1,4305535500E-6
2,8537109060E+4	-1,2739732500E-6
2,8537668533E+4	-1,3512718000E-6
2,8538220196E+4	-1,2973334700E-6
2,8538779902E+4	-1,2446403900E-6
2,8539331337E+4	-1,2155611900E-6
2,8539887921E+4	-1,1826078400E-6
2,8540438763E+4	-1,1702013300E-6
2,8540997476E+4	-1,1256947100E-6
2,8541549974E+4	-8,7433606500E-7
2,8542104081E+4	-8,6958561700E-7
2,8542655383E+4	-1,1896873900E-6
2,8543212674E+4	-1,0026212200E-6
2,8543764940E+4	-1,0215999500E-6
2,8544321072E+4	-9,3521559000E-7
2,8544874099E+4	-8,4463423600E-7
2,8545430663E+4	-8,2512511500E-7
2,8545981588E+4	-7,8543812100E-7
2,8546542172E+4	-7,0924647300E-7
2,8547093291E+4	-7,4035498800E-7
2,8547651256E+4	-5,6537247300E-7
2,8548202490E+4	-5,3168119000E-7
2,8548762189E+4	-4,5738049600E-7
2,8549312489E+4	-3,8640050400E-7
2,8549872542E+4	-1,5694926200E-7
2,8550424912E+4	-5,6428863300E-8
2,8550981914E+4	-2,9079197600E-8
2,8551534261E+4	-3,5743660800E-8
2,8552088452E+4	1,6435165900E-7
2,8552639566E+4	3,4595251600E-7
2,8553196105E+4	5,3749241700E-7
2,8553747546E+4	6,5789090300E-7
2,8554297917E+4	6,6070427500E-7
2,8554856385E+4	7,1870124700E-7
2,8555406855E+4	8,5388146700E-7
2,8555965277E+4	7,0244364700E-7
2,8556516277E+4	9,0320771900E-7
2,8557072322E+4	8,9181586800E-7
2,8557624359E+4	1,2053684800E-6
2,8558174405E+4	1,3673218600E-6
2,8558733151E+4	1,2810989300E-6
2,8559284153E+4	1,2407431800E-6
2,8559840404E+4	1,3469133800E-6
2,8560390886E+4	1,5183676500E-6
2,8560951869E+4	1,7167103800E-6
2,8561504506E+4	1,6936038300E-6
2,8562062896E+4	1,7578040600E-6
2,8562613550E+4	1,7365654100E-6
2,8563172679E+4	1,7754222200E-6
2,8563725616E+4	2,0110075400E-6
2,8564282802E+4	2,0694657200E-6
2,8564835370E+4	1,9654862600E-6
2,8565394050E+4	2,0088398600E-6
2,8565946224E+4	2,0938175300E-6
2,8566501993E+4	2,0175797600E-6
2,8567053499E+4	2,0434535600E-6
2,8567612021E+4	1,8591776900E-6
2,8568163556E+4	2,1102596100E-6
2,8568722541E+4	2,0710568900E-6
2,8569275063E+4	2,3508721000E-6
2,8569833361E+4	2,3210780300E-6
2,8570384034E+4	2,3088790700E-6
2,8570942511E+4	2,2662864600E-6
2,8571495138E+4	2,4738994800E-6
2,8572053264E+4	2,3803894500E-6
2,8572605297E+4	2,4799643700E-6
2,8573162252E+4	2,6562152100E-6
2,8573714417E+4	2,7403857600E-6
2,8574270017E+4	2,8698700600E-6
2,8574820399E+4	2,9557470900E-6
2,8575378336E+4	2,9857717600E-6
2,8575929660E+4	2,9506046100E-6
2,8576486379E+4	3,0787744600E-6
2,8577038046E+4	3,1099982800E-6
2,8577593650E+4	3,2601908300E-6
2,8578145031E+4	3,2188434900E-6
2,8578701697E+4	3,5785400200E-6
2,8579254152E+4	3,5008033200E-6
2,8579808177E+4	3,7479649700E-6
2,8580358420E+4	3,5064531300E-6
2,8580908766E+4	3,9387669400E-6
2,8581466953E+4	3,8753277100E-6
2,8582017419E+4	4,0933640400E-6
2,8582576316E+4	4,1024037300E-6
2,8583129187E+4	4,0871838400E-6
2,8583689155E+4	4,2208651400E-6
2,8584240021E+4	4,2631810200E-6
2,8584798425E+4	4,2148002400E-6
2,8585349387E+4	4,3823803600E-6
2,8585909868E+4	4,3650389200E-6
2,8586460876E+4	4,5445874000E-6
2,8587019052E+4	4,4313607100E-6
2,8587571349E+4	4,2553404700E-6
2,8588130698E+4	4,2941742300E-6
2,8588682261E+4	4,3176728100E-6
2,8589237929E+4	4,4100759300E-6
2,8589790251E+4	4,4274404300E-6
2,8590345392E+4	4,3770995200E-6
2,8590895370E+4	4,6247223800E-6
2,8591458379E+4	4,3575904000E-6
2,8592009134E+4	4,5340487900E-6
2,8592567419E+4	4,6012238100E-6
2,8593119369E+4	4,5114956900E-6
2,8593678589E+4	4,6444390500E-6
2,8594230998E+4	4,6830652600E-6
2,8594789256E+4	4,9420107900E-6
2,8595339347E+4	4,9911295000E-6
2,8595899762E+4	4,8819383800E-6
2,8596451488E+4	5,1409069700E-6
2,8597007289E+4	5,1135803600E-6
2,8597558167E+4	5,2095809200E-6
2,8598114420E+4	5,1738833800E-6
2,8598665192E+4	5,0114687900E-6
2,8599222534E+4	5,2721438500E-6
2,8599772279E+4	5,3318011700E-6
2,8600329103E+4	5,2104341500E-6
2,8600881906E+4	5,3516792600E-6
2,8601433032E+4	5,5655416600E-6
2,8601987444E+4	5,5357937100E-6
2,8602539618E+4	5,4053178100E-6
2,8603098403E+4	5,5379613900E-6
2,8603648526E+4	5,5505293200E-6
2,8604207073E+4	5,7230443700E-6
2,8604758170E+4	5,8463023500E-6
2,8605317037E+4	5,8344031700E-6
2,8605869017E+4	5,7620626100E-6
2,8606424273E+4	5,8980038200E-6
2,8606975545E+4	6,0719947400E-6
2,8607525353E+4	5,9210411900E-6
2,8608085460E+4	6,0521627700E-6
2,8608636495E+4	6,1926238300E-6
2,8609194390E+4	6,3087792000E-6
2,8609745119E+4	6,3783755600E-6
2,8610304412E+4	6,3087792000E-6
2,8610856578E+4	6,2262228700E-6
2,8611417250E+4	6,4846380100E-6
2,8611969736E+4	6,4034191900E-6
2,8612525423E+4	6,6013929500E-6
2,8613076557E+4	6,5488151800E-6
2,8613636119E+4	6,6498659600E-6
2,8614186829E+4	6,8399530600E-6
2,8614746433E+4	6,8149325000E-6
2,8615297346E+4	6,6571761200E-6
2,8615858001E+4	6,8615837400E-6
2,8616408839E+4	6,9685610600E-6
2,8616967421E+4	7,0438072300E-6
2,8617519055E+4	6,8949291100E-6
2,8618077067E+4	6,8899250000E-6
2,8618630175E+4	6,9225785700E-6
2,8619182388E+4	7,0531005800E-6
2,8619735206E+4	6,9670621300E-6
2,8620290009E+4	7,0851084500E-6
2,8620841351E+4	6,8792480200E-6
2,8621392966E+4	6,9833427900E-6
2,8621949978E+4	6,8563490200E-6
2,8622500560E+4	6,9214947300E-6
2,8623060116E+4	6,7594491100E-6
2,8623612120E+4	6,7566818600E-6
2,8624171327E+4	6,8651350400E-6
2,8624721516E+4	6,9267294400E-6
2,8625280246E+4	6,9304421700E-6
2,8625831250E+4	6,8632210300E-6
2,8626392468E+4	6,9539638100E-6
2,8626943405E+4	7,0911272200E-6
2,8627503281E+4	6,9449702400E-6
2,8628054477E+4	6,9547939800E-6
2,8628609788E+4	6,9153606500E-6
2,8629160276E+4	6,9736804700E-6
2,8629717981E+4	7,1413297700E-6
2,8630270219E+4	7,1213133200E-6
2,8630824471E+4	7,2392443400E-6
2,8631375935E+4	7,3857702900E-6
2,8631933943E+4	7,4465575700E-6
2,8632485248E+4	7,5387762200E-6
2,8633041453E+4	7,7243665300E-6
2,8633593271E+4	7,8142099500E-6
2,8634149081E+4	7,7893738700E-6
2,8634700958E+4	8,0338605100E-6
2,8635258032E+4	7,8859278800E-6
2,8635809428E+4	8,1922625800E-6
2,8636364771E+4	8,4179319100E-6
2,8636916447E+4	8,4037036300E-6
2,8637471938E+4	8,3295182400E-6
2,8638023089E+4	8,5375232800E-6
2,8638580279E+4	8,5684473100E-6
2,8639131152E+4	8,9389591800E-6
2,8639689353E+4	8,9711284800E-6
2,8640240975E+4	9,0605568100E-6
2,8640795489E+4	8,9098338700E-6
2,8641345506E+4	9,1361719500E-6
2,8641896633E+4	9,4562276100E-6
2,8642457171E+4	9,4409154800E-6
2,8643008416E+4	9,5043086000E-6
2,8643566122E+4	9,5248093200E-6
2,8644116859E+4	9,7296320200E-6
2,8644676817E+4	9,7573045300E-6
2,8645227325E+4	9,9006712000E-6
2,8645787529E+4	9,8204439800E-6
2,8646338281E+4	9,8241336500E-6
2,8646899664E+4	1,0107246500E-5
2,8647452373E+4	1,0190909700E-5
2,8648007500E+4	1,0210949200E-5
2,8648559657E+4	1,0085131600E-5
2,8649117602E+4	1,0052524100E-5
2,8649670341E+4	1,0205691500E-5
2,8650228680E+4	1,0110682500E-5
2,8650779461E+4	1,0236431000E-5
2,8651337306E+4	1,0211456600E-5
2,8651887393E+4	1,0294843100E-5
2,8652445450E+4	1,0317788200E-5
2,8652996424E+4	1,0234839800E-5
2,8653558359E+4	1,0478657700E-5
2,8654110056E+4	1,0298440500E-5
2,8654666522E+4	1,0558354600E-5
2,8655216922E+4	1,0606666200E-5
2,8655777950E+4	1,0601685100E-5
2,8656330352E+4	1,0775491500E-5
2,8656887789E+4	1,0918489200E-5
2,8657438417E+4	1,0900409900E-5
2,8657996383E+4	1,1021638500E-5
2,8658548370E+4	1,1013774900E-5
2,8659103445E+4	1,1008125100E-5
2,8659655396E+4	1,1087314600E-5
2,8660217368E+4	1,1088306200E-5
2,8660768491E+4	1,1076776000E-5
2,8661322556E+4	1,1244609800E-5
2,8661875378E+4	1,1127163000E-5
2,8662426430E+4	1,1239467300E-5
2,8662982919E+4	1,1418900500E-5
2,8663534598E+4	1,1574835100E-5
2,8664092378E+4	1,1363740000E-5
2,8664643069E+4	1,1267716300E-5
2,8665202361E+4	1,1511442000E-5
2,8665754075E+4	1,1490341700E-5
2,8666315429E+4	1,1402089400E-5
2,8666865916E+4	1,1395425000E-5
2,8667424166E+4	1,1294697000E-5
2,8667975553E+4	1,1232710600E-5
2,8668527049E+4	1,1415210800E-5
2,8669078263E+4	1,1440646500E-5
2,8669636352E+4	1,1465298100E-5
2,8670188599E+4	1,1449086600E-5
2,8670748369E+4	1,1421414100E-5
2,8671300388E+4	1,1533556900E-5
2,8671858420E+4	1,1696132900E-5
2,8672408397E+4	1,1592683900E-5
2,8672967278E+4	1,1650727000E-5
2,8673519143E+4	1,1759479900E-5
2,8674079995E+4	1,1732199400E-5
2,8674631202E+4	1,1773200900E-5
2,8675191664E+4	1,1879509500E-5
2,8675744084E+4	1,1846233300E-5
2,8676299672E+4	1,1904230200E-5
2,8676853386E+4	1,2198366000E-5
2,8677406627E+4	1,1926206800E-5
2,8677957250E+4	1,2039272100E-5
2,8678514820E+4	1,2087652900E-5
2,8679066987E+4	1,2123050600E-5
2,8679621390E+4	1,2150238900E-5
2,8680172463E+4	1,2031247100E-5
2,8680723466E+4	1,2153536500E-5
2,8681280214E+4	1,2333753700E-5
2,8681830551E+4	1,2325405900E-5
2,8682389785E+4	1,2401459100E-5
2,8682942365E+4	1,2436626300E-5
2,8683500437E+4	1,2403811300E-5
2,8684050553E+4	1,2671796500E-5
2,8684612375E+4	1,2489134900E-5
2,8685162424E+4	1,2735812300E-5
2,8685722214E+4	1,2718101900E-5
2,8686274406E+4	1,2731038800E-5
2,8686828406E+4	1,2824156800E-5
2,8687378255E+4	1,2892715400E-5
2,8687928699E+4	1,2919373300E-5
2,8688487176E+4	1,2910333600E-5
2,8689038378E+4	1,2836448000E-5
2,8689595577E+4	1,3049595500E-5
2,8690146323E+4	1,3091473200E-5
2,8690708169E+4	1,3060641400E-5
2,8691258498E+4	1,3139900100E-5
2,8691820012E+4	1,3190886700E-5
2,8692370343E+4	1,3184037800E-5
2,8692929092E+4	1,3291015100E-5
2,8693481021E+4	1,3299755000E-5
2,8694039039E+4	1,3372971800E-5
2,8694590026E+4	1,3192062800E-5
2,8695149377E+4	1,3279554100E-5
2,8695702033E+4	1,3411621100E-5
2,8696257403E+4	1,3333307900E-5
2,8696808335E+4	1,3399468300E-5
2,8697366870E+4	1,3411990100E-5
2,8697918440E+4	1,3393726200E-5
2,8698477703E+4	1,3424419700E-5
2,8699028752E+4	1,3549245700E-5
2,8699589386E+4	1,3632632200E-5
2,8700141109E+4	1,3790642300E-5
2,8700697243E+4	1,4001991100E-5
2,8701248865E+4	1,3671765800E-5
2,8701809354E+4	1,3806461700E-5
2,8702361300E+4	1,3905829100E-5
2,8702919848E+4	1,3831390100E-5
2,8703471100E+4	1,4068774100E-5
2,8704032276E+4	1,4103064900E-5
2,8704583237E+4	1,4188019600E-5
2,8705141604E+4	1,4253810900E-5
2,8705692420E+4	1,4079843100E-5
2,8706250437E+4	1,4099444500E-5
2,8706802277E+4	1,4188665200E-5
2,8707358305E+4	1,4488635300E-5
2,8707911183E+4	1,4340633500E-5
2,8708462166E+4	1,4577948300E-5
2,8709017182E+4	1,4686217000E-5
2,8709567524E+4	1,4953349000E-5
2,8710125434E+4	1,5002167900E-5
2,8710675985E+4	1,5083040800E-5
2,8711227202E+4	1,5142605900E-5
2,8711784955E+4	1,5278224300E-5
2,8712335559E+4	1,5247922900E-5
2,8712895944E+4	1,5391612400E-5
2,8713446652E+4	1,5165666300E-5
2,8714006667E+4	1,5039595000E-5
2,8714557397E+4	1,5210495800E-5
2,8715118140E+4	1,5215038700E-5
2,8715669085E+4	1,5393687800E-5
2,8716226444E+4	1,5561452400E-5
2,8716777037E+4	1,5688561500E-5
2,8717338271E+4	1,5514316900E-5
2,8717889372E+4	1,5607458000E-5
2,8718450269E+4	1,5805247300E-5
2,8719000426E+4	1,5753361300E-5
2,8719555871E+4	1,5831559200E-5
2,8720106543E+4	1,5913838800E-5
2,8720659333E+4	1,6110890100E-5
2,8721216392E+4	1,6063524000E-5
2,8721768818E+4	1,5959775200E-5
2,8722325379E+4	1,5855565100E-5
2,8722878312E+4	1,6148524800E-5
2,8723435645E+4	1,6000177000E-5
2,8723987308E+4	1,6048811500E-5
2,8724545474E+4	1,6175805200E-5
2,8725096256E+4	1,6197343700E-5
2,8725657109E+4	1,6209289000E-5
2,8726207572E+4	1,6301092500E-5
2,8726767236E+4	1,6232902900E-5
2,8727319530E+4	1,6411575000E-5
2,8727874986E+4	1,6233317900E-5
2,8728425303E+4	1,6521319600E-5
2,8728982017E+4	1,6476697700E-5
2,8729533455E+4	1,6471486000E-5
2,8730093202E+4	1,6449117400E-5
2,8730643404E+4	1,6484376800E-5
2,8731204172E+4	1,6724827900E-5
2,8731754394E+4	1,6572606000E-5
2,8732313376E+4	1,6663602400E-5
2,8732863768E+4	1,6626636600E-5
2,8733424410E+4	1,6747980500E-5
2,8733976323E+4	1,6685994100E-5
2,8734536876E+4	1,6624676400E-5
2,8735089295E+4	1,6666323600E-5
2,8735646607E+4	1,6718463200E-5
2,8736198767E+4	1,6778051300E-5
2,8736757595E+4	1,6755728800E-5
2,8737309442E+4	1,6966847000E-5
2,8737866305E+4	1,7162284200E-5
2,8738417303E+4	1,7051340400E-5
2,8738975445E+4	1,7098429800E-5
2,8739527239E+4	1,7138831700E-5
2,8740082621E+4	1,7060034200E-5
2,8740633453E+4	1,7179464200E-5
2,8741193253E+4	1,7185275400E-5
2,8741745173E+4	1,7207966900E-5
2,8742302266E+4	1,7114941100E-5
2,8742852938E+4	1,7319763800E-5
2,8743413358E+4	1,7262966000E-5
2,8743964685E+4	1,7520158900E-5
2,8744522528E+4	1,7287479200E-5
2,8745073514E+4	1,7451277400E-5
2,8745632497E+4	1,7378614000E-5
2,8746183425E+4	1,7515062600E-5
2,8746743853E+4	1,7330256300E-5
2,8747295238E+4	1,7397661900E-5
2,8747851370E+4	1,7562982100E-5
2,8748403314E+4	1,7494446500E-5
2,8748956239E+4	1,7601239400E-5
2,8749513432E+4	1,7705080500E-5
2,8750063448E+4	1,7677523300E-5
2,8750622359E+4	1,7773754400E-5
2,8751173455E+4	1,7929481500E-5
2,8751734265E+4	1,7779634800E-5
2,8752285488E+4	1,7921272000E-5
2,8752844015E+4	1,8129184800E-5
2,8753396411E+4	1,8304444000E-5
2,8753953267E+4	1,8369935600E-5
2,8754504633E+4	1,8244925100E-5
2,8755055892E+4	1,8188011900E-5
2,8755606562E+4	1,8511641900E-5
2,8756166473E+4	1,8546832200E-5
2,8756717518E+4	1,8561221900E-5
2,8757273482E+4	1,8572913500E-5
2,8757824549E+4	1,8646499300E-5
2,8758378421E+4	1,8746420100E-5
2,8758929992E+4	1,8672834300E-5
2,8759481082E+4	1,8405679300E-5
2,8760038279E+4	1,8261482400E-5
2,8760589204E+4	1,8528960300E-5
2,8761149136E+4	1,8554926400E-5
2,8761701021E+4	1,8192739300E-5
2,8762254236E+4	1,8182362100E-5
2,8762806211E+4	1,8137002300E-5
2,8763366401E+4	1,8283735800E-5
2,8763917459E+4	1,8140069300E-5
2,8764475161E+4	1,8075984400E-5
2,8765026233E+4	1,8218590000E-5
2,8765578310E+4	1,8282075400E-5
2,8766135046E+4	1,8341617400E-5
2,8766686260E+4	1,8422236700E-5
2,8767242385E+4	1,8331401700E-5
2,8767793431E+4	1,8322108300E-5
2,8768353684E+4	1,8588041100E-5
2,8768904416E+4	1,8496237600E-5
2,8769464337E+4	1,8432752200E-5
2,8770016266E+4	1,8613707400E-5
2,8770575350E+4	1,8550821600E-5
2,8771127197E+4	1,8706594800E-5
2,8771685482E+4	1,8699031000E-5
2,8772235966E+4	1,8871038700E-5
2,8772795435E+4	1,8794086000E-5
2,8773348259E+4	1,8901386200E-5
2,8773906882E+4	1,8931756800E-5
2,8774457682E+4	1,9207444200E-5
2,8775015219E+4	1,9042285400E-5
2,8775565428E+4	1,9165405000E-5
2,8776115263E+4	1,9338888600E-5
2,8776675403E+4	1,9323115300E-5
2,8777226832E+4	1,9441622800E-5
2,8777783365E+4	1,9480687200E-5
2,8778334228E+4	1,9534763900E-5
2,8778893336E+4	1,9412382200E-5
2,8779443385E+4	1,9587756700E-5
2,8780004874E+4	1,9545763700E-5
2,8780556166E+4	1,9725773400E-5
2,8781115510E+4	1,9825901800E-5
2,8781666609E+4	1,9644992700E-5
2,8782217813E+4	1,9835771600E-5
2,8782775493E+4	1,9839484400E-5
2,8783326809E+4	2,0275510900E-5
2,8783884070E+4	2,0195583500E-5
2,8784436065E+4	2,0287064200E-5
2,8784994927E+4	2,0354884900E-5
2,8785545614E+4	2,0376308000E-5
2,8786106907E+4	2,0423950900E-5
2,8786659495E+4	2,0325229200E-5
2,8787213399E+4	2,0527146300E-5
2,8787763274E+4	2,0636176000E-5
2,8788322085E+4	2,0688154200E-5
2,8788874383E+4	2,0862491000E-5
2,8789428414E+4	2,0991583300E-5
2,8789978497E+4	2,1094663400E-5
2,8790537009E+4	2,1122036100E-5
2,8791087511E+4	2,1297802700E-5
2,8791639170E+4	2,1319433300E-5
2,8792196464E+4	2,1278916200E-5
2,8792748222E+4	2,1690245000E-5
2,8793306134E+4	2,1584858800E-5
2,8793857401E+4	2,1638843300E-5
2,8794415466E+4	2,1651342100E-5
2,8794966358E+4	2,1651457400E-5
2,8795529209E+4	2,1923939400E-5
2,8796080182E+4	2,1874474700E-5
2,8796639360E+4	2,1909803300E-5
2,8797190598E+4	2,2058012700E-5
2,8797750334E+4	2,2053954000E-5
2,8798301480E+4	2,2116955100E-5
2,8798858711E+4	2,2073463200E-5
2,8799409462E+4	2,1960605400E-5
2,8799970057E+4	2,2189664600E-5
2,8800520351E+4	2,2086930400E-5
2,8801078423E+4	2,2158648400E-5
2,8801628717E+4	2,2136164500E-5
2,8802190136E+4	2,2250359700E-5
2,8802741795E+4	2,2194784100E-5
2,8803298267E+4	2,2150854000E-5
2,8803850267E+4	2,2330102600E-5
2,8804406396E+4	2,2283197700E-5
2,8804957173E+4	2,2226353800E-5
2,8805515613E+4	2,2192270500E-5
2,8806066526E+4	2,2198635200E-5
2,8806627936E+4	2,2029994300E-5
2,8807179001E+4	2,2294128400E-5
2,8807738704E+4	2,2227299300E-5
2,8808291131E+4	2,2236731000E-5
2,8808848363E+4	2,2313545300E-5
2,8809399012E+4	2,2405118200E-5
2,8809961224E+4	2,2414619100E-5
2,8810512010E+4	2,2472362400E-5
2,8811072370E+4	2,2488458600E-5
2,8811625078E+4	2,2504762300E-5
2,8812179442E+4	2,2203477800E-5
2,8812730440E+4	2,2488274100E-5
2,8813286360E+4	2,2509213000E-5
2,8813837279E+4	2,2409661100E-5
2,8814399112E+4	2,2470586800E-5
2,8814949326E+4	2,2320555600E-5
2,8815506903E+4	2,2539422100E-5
2,8816058165E+4	2,2537000800E-5
2,8816609141E+4	2,2385401500E-5
2,8817166343E+4	2,2215169500E-5
2,8817718485E+4	2,2237307500E-5
2,8818275169E+4	2,2160447100E-5
2,8818826408E+4	2,2121567200E-5
2,8819385714E+4	2,2120460300E-5
2,8819937937E+4	2,2334161300E-5
2,8820498191E+4	2,2340964100E-5
2,8821048898E+4	2,2132036600E-5
2,8821608386E+4	2,2128254700E-5
2,8822159841E+4	2,1959406300E-5
2,8822718448E+4	2,2156273200E-5
2,8823269758E+4	2,2137847900E-5
2,8823829179E+4	2,1960582400E-5
2,8824380037E+4	2,2244156400E-5
2,8824937648E+4	2,2137017700E-5
2,8825489791E+4	2,2187220200E-5
2,8826045765E+4	2,2291061300E-5
2,8826597145E+4	2,2219827700E-5
2,8827156851E+4	2,2105932200E-5
2,8827708186E+4	2,2242426900E-5
2,8828267549E+4	2,2204861500E-5
2,8828819147E+4	2,2342047900E-5
2,8829373899E+4	2,2241389200E-5
2,8829924905E+4	2,2220150500E-5
2,8830482628E+4	2,2268208500E-5
2,8831033587E+4	2,2283705100E-5
2,8831590084E+4	2,2212863400E-5
2,8832140962E+4	2,2338358300E-5
2,8832692415E+4	2,2531627700E-5
2,8833248818E+4	2,2537046900E-5
2,8833799724E+4	2,2529598400E-5
2,8834359969E+4	2,2649051400E-5
2,8834912442E+4	2,2640219300E-5
2,8835469631E+4	2,2620825400E-5
2,8836021399E+4	2,2648359600E-5
2,8836580602E+4	2,2672065700E-5
2,8837131711E+4	2,2622670300E-5
2,8837689390E+4	2,2902185700E-5
2,8838240770E+4	2,2873590800E-5
2,8838797901E+4	2,2826040200E-5
2,8839349338E+4	2,2919135100E-5
2,8839906342E+4	2,2958660700E-5
2,8840456995E+4	2,3003444000E-5
2,8841013634E+4	2,3103918300E-5
2,8841564667E+4	2,2971436200E-5
2,8842122708E+4	2,2991867700E-5
2,8842675120E+4	2,2889733100E-5
2,8843231916E+4	2,2989123500E-5
2,8843783554E+4	2,2975494800E-5
2,8844341043E+4	2,3167334500E-5
2,8844891511E+4	2,3184260800E-5
2,8845448282E+4	2,3141760500E-5
2,8845999111E+4	2,3212763500E-5
2,8846559602E+4	2,3256463000E-5
2,8847110430E+4	2,3256440000E-5
2,8847667406E+4	2,3383964100E-5
2,8848219739E+4	2,3340080100E-5
2,8848776860E+4	2,3515823600E-5
2,8849327317E+4	2,3707109900E-5
2,8849888145E+4	2,3533095900E-5
2,8850438419E+4	2,3704365700E-5
2,8850998845E+4	2,3746520200E-5
2,8851549291E+4	2,3845633900E-5
2,8852110051E+4	2,3906190500E-5
2,8852661355E+4	2,3894614200E-5
2,8853220554E+4	2,4044184100E-5
2,8853770560E+4	2,4156257800E-5
2,8854329763E+4	2,4123604200E-5
2,8854880588E+4	2,4151023100E-5
2,8855440409E+4	2,4222833300E-5
2,8855991171E+4	2,4335529600E-5
2,8856551114E+4	2,4424312200E-5
2,8857102084E+4	2,4318395700E-5
2,8857660255E+4	2,4312907300E-5
2,8858212456E+4	2,4358082700E-5
2,8858768237E+4	2,4534264300E-5
2,8859318857E+4	2,4797314600E-5
2,8859879402E+4	2,4574989000E-5
2,8860431413E+4	2,4811427600E-5
2,8860988668E+4	2,4962081300E-5
2,8861539308E+4	2,4931341800E-5
2,8862090273E+4	2,5048189000E-5
2,8862646665E+4	2,4942387700E-5
2,8863197459E+4	2,4970475300E-5
2,8863756387E+4	2,5058404700E-5
2,8864307206E+4	2,5054899600E-5
2,8864869376E+4	2,5008894000E-5
2,8865419994E+4	2,4973242600E-5
2,8865978633E+4	2,5074616200E-5
2,8866531076E+4	2,5089098200E-5
2,8867088736E+4	2,5198704400E-5
2,8867639886E+4	2,5170616800E-5
2,8868199103E+4	2,5066891000E-5
2,8868750155E+4	2,5102196500E-5
2,8869309526E+4	2,5053769600E-5
2,8869860719E+4	2,5003682400E-5
2,8870422370E+4	2,5025220800E-5
2,8870973404E+4	2,5316450900E-5
2,8871529500E+4	2,4920249700E-5
2,8872080425E+4	2,5051532700E-5
2,8872632402E+4	2,5132036700E-5
2,8873190177E+4	2,5116355600E-5
2,8873742396E+4	2,4933417200E-5
2,8874296554E+4	2,4808522000E-5
2,8874847594E+4	2,4721169100E-5
2,8875405186E+4	2,4650834800E-5
2,8875956230E+4	2,4862598700E-5
2,8876514131E+4	2,4870969600E-5
2,8877064698E+4	2,4712475300E-5
2,8877621679E+4	2,4795446700E-5
2,8878172686E+4	2,4713374600E-5
2,8878724138E+4	2,4726772800E-5
2,8879274560E+4	2,4743653000E-5
2,8879833335E+4	2,4912270800E-5
2,8880383647E+4	2,4838523600E-5
2,8880942043E+4	2,4959982800E-5
2,8881495033E+4	2,4874151900E-5
2,8882050358E+4	2,4982904900E-5
2,8882601047E+4	2,4698223900E-5
2,8883153203E+4	2,4775707000E-5
2,8883708711E+4	2,4998378500E-5
2,8884259444E+4	2,4875305000E-5
2,8884818309E+4	2,4919004500E-5
2,8885368840E+4	2,4855449900E-5
2,8885930612E+4	2,4928021100E-5
2,8886482920E+4	2,4975225800E-5
2,8887040969E+4	2,4691859300E-5
2,8887591516E+4	2,4976032900E-5
2,8888149722E+4	2,4764845500E-5
2,8888702170E+4	2,4910103100E-5
2,8889252304E+4	2,5144881300E-5
2,8889809962E+4	2,4910933300E-5
2,8890360375E+4	2,5030340200E-5
2,8890918403E+4	2,5017241900E-5
2,8891470260E+4	2,4949674800E-5
2,8892021021E+4	2,4975848400E-5
2,8892576777E+4	2,4887803700E-5
2,8893129248E+4	2,4960282600E-5
2,8893689122E+4	2,5076299600E-5
2,8894239457E+4	2,5115894400E-5
2,8894799044E+4	2,5036681800E-5
2,8895349298E+4	2,4979791800E-5
2,8895909392E+4	2,5007279800E-5
2,8896459390E+4	2,5020908500E-5
2,8897018548E+4	2,5040302300E-5
2,8897571106E+4	2,5092695600E-5
2,8898122424E+4	2,5035920800E-5
2,8898677963E+4	2,5163998400E-5
2,8899228778E+4	2,4958207200E-5
2,8899789187E+4	2,5126456100E-5
2,8900340814E+4	2,5246877600E-5
2,8900900575E+4	2,5262351200E-5
2,8901451823E+4	2,5237861000E-5
2,8902010259E+4	2,5062647900E-5
2,8902561027E+4	2,5173337900E-5
2,8903118204E+4	2,5166673400E-5
2,8903669563E+4	2,5002829100E-5
2,8904227322E+4	2,5248607100E-5
2,8904779357E+4	2,5227829700E-5
2,8905334426E+4	2,5131252600E-5
2,8905885320E+4	2,5230989000E-5
2,8906442165E+4	2,5314836700E-5
2,8906992285E+4	2,5372764500E-5
2,8907543419E+4	2,5195614300E-5
2,8908104342E+4	2,5328234800E-5
2,8908654651E+4	2,5307434300E-5
2,8909209526E+4	2,5345576200E-5
2,8909759418E+4	2,5255110200E-5
2,8910310155E+4	2,5444966700E-5
2,8910869733E+4	2,5278747100E-5
2,8911422275E+4	2,5368106300E-5
2,8911978985E+4	2,5353555100E-5
2,8912529845E+4	2,5310040100E-5
2,8913089375E+4	2,5334668700E-5
2,8913639923E+4	2,5280592000E-5
2,8914200711E+4	2,5327174000E-5
2,8914752298E+4	2,5393518900E-5
2,8915311198E+4	2,5457995800E-5
2,8915863901E+4	2,5427371600E-5
2,8916417844E+4	2,5352471300E-5
2,8916968429E+4	2,5397854200E-5
2,8917524478E+4	2,5440631300E-5
2,8918076137E+4	2,5430530800E-5
2,8918634134E+4	2,5513594500E-5
2,8919185948E+4	2,5511403800E-5
2,8919737409E+4	2,5670912700E-5
2,8920292422E+4	2,5746919900E-5
2,8920845245E+4	2,5776229700E-5
2,8921403614E+4	2,5700568400E-5
2,8921954744E+4	2,5806000700E-5
2,8922513466E+4	2,5552728000E-5
2,8923064467E+4	2,5779296700E-5
2,8923624972E+4	2,5772609200E-5
2,8924176230E+4	2,5965417400E-5
2,8924734109E+4	2,6078967000E-5
2,8925286294E+4	2,6091304300E-5
2,8925844372E+4	2,6025904900E-5
2,8926396338E+4	2,6157141800E-5
2,8926950532E+4	2,6044399400E-5
2,8927502751E+4	2,6058166500E-5
2,8928058094E+4	2,6079981600E-5
2,8928608455E+4	2,6136825600E-5
2,8929159392E+4	2,6307680300E-5
2,8929716740E+4	2,6211818100E-5
2,8930267427E+4	2,6257408600E-5
2,8930827447E+4	2,6266794100E-5
2,8931380203E+4	2,6298848100E-5
2,8931932412E+4	2,6281668100E-5
2,8932483588E+4	2,6240620600E-5
2,8933044459E+4	2,6158156500E-5
2,8933595702E+4	2,6226461500E-5
2,8934155129E+4	2,6021177500E-5
2,8934706947E+4	2,6183430700E-5
2,8935264173E+4	2,6048896200E-5
2,8935817195E+4	2,6187005100E-5
2,8936373985E+4	2,6139131600E-5
2,8936924871E+4	2,6167934100E-5
2,8937483404E+4	2,6256785900E-5
2,8938035096E+4	2,6166781100E-5
2,8938587264E+4	2,6121674900E-5
2,8939143517E+4	2,6140307700E-5
2,8939695145E+4	2,6197659000E-5
2,8940251327E+4	2,5974157300E-5
2,8940802111E+4	2,6218943800E-5
2,8941363823E+4	2,6302676200E-5
2,8941914812E+4	2,6086553900E-5
2,8942474659E+4	2,6230520100E-5
2,8943025661E+4	2,6149624100E-5
2,8943585101E+4	2,6279108400E-5
2,8944138466E+4	2,6166296800E-5
2,8944695215E+4	2,6249291300E-5
2,8945246389E+4	2,6330141100E-5
2,8945804724E+4	2,6399184100E-5
2,8946356630E+4	2,6217537100E-5
2,8946914110E+4	2,6248714800E-5
2,8947466353E+4	2,6187235700E-5
2,8948024004E+4	2,6278186000E-5
2,8948576178E+4	2,6372779900E-5
2,8949134501E+4	2,6306596400E-5
2,8949685412E+4	2,6344208000E-5
2,8950246303E+4	2,6389222000E-5
2,8950798167E+4	2,6409791900E-5
2,8951355222E+4	2,6365377500E-5
2,8951907153E+4	2,6544349400E-5
2,8952462171E+4	2,6496406800E-5
2,8953012860E+4	2,6579516600E-5
2,8953570291E+4	2,6720577200E-5
2,8954121557E+4	2,6687600800E-5
2,8954676966E+4	2,6605298100E-5
2,8955228825E+4	2,6814387000E-5
2,8955780547E+4	2,6616505500E-5
2,8956333658E+4	2,6435319700E-5
2,8956885084E+4	2,6648259700E-5
2,8957440149E+4	2,6678053800E-5
2,8957992282E+4	2,6851191500E-5
2,8958547993E+4	2,6869801200E-5
2,8959098711E+4	2,6988700800E-5
2,8959656013E+4	2,7081403700E-5
2,8960208098E+4	2,7170117200E-5
2,8960765364E+4	2,7299716800E-5
2,8961316753E+4	2,7357137200E-5
2,8961873222E+4	2,7223363700E-5
2,8962423568E+4	2,7131583200E-5
2,8962983862E+4	2,7153951800E-5
2,8963535350E+4	2,7112097100E-5
2,8964092895E+4	2,7081080900E-5
2,8964644293E+4	2,7174360300E-5
2,8965202086E+4	2,7034475700E-5
2,8965754173E+4	2,7142306300E-5
2,8966312244E+4	2,7292083800E-5
2,8966862504E+4	2,7275411100E-5
2,8967422132E+4	2,7204338800E-5
2,8967973293E+4	2,7273543200E-5
2,8968529340E+4	2,7209481300E-5
2,8969080798E+4	2,7337720300E-5
2,8969638231E+4	2,7420322800E-5
2,8970189396E+4	2,7503501800E-5
2,8970744474E+4	2,7484407700E-5
2,8971298512E+4	2,7382157800E-5
2,8971849761E+4	2,7468403800E-5
2,8972405449E+4	2,7451984800E-5
2,8972957468E+4	2,7416563900E-5
2,8973513213E+4	2,7607066100E-5
2,8974063830E+4	2,7659044300E-5
2,8974622378E+4	2,7600978200E-5
2,8975173576E+4	2,7594844100E-5
2,8975729966E+4	2,7538622800E-5
2,8976282173E+4	2,7715842200E-5
2,8976837664E+4	2,7703943000E-5
2,8977390325E+4	2,7675509500E-5
2,8977947024E+4	2,7659943700E-5
2,8978499153E+4	2,7534102900E-5
2,8979059320E+4	2,7689461000E-5
2,8979610535E+4	2,7823119300E-5
2,8980167921E+4	2,7752000900E-5
2,8980719572E+4	2,7817469500E-5
2,8981275394E+4	2,7827177900E-5
2,8981825688E+4	2,7999646800E-5
2,8982386186E+4	2,7863682600E-5
2,8982938794E+4	2,8200895200E-5
2,8983491964E+4	2,8032369600E-5
2,8984044479E+4	2,8147810100E-5
2,8984596279E+4	2,8152629700E-5
2,8985151586E+4	2,8272705300E-5
2,8985703307E+4	2,8290208200E-5
2,8986258830E+4	2,8255294700E-5
2,8986811009E+4	2,8241481500E-5
2,8987368182E+4	2,8344261800E-5
2,8987918548E+4	2,8250728700E-5
2,8988477069E+4	2,8419323500E-5
2,8989029085E+4	2,8380051600E-5
2,8989585095E+4	2,8513525400E-5
2,8990137201E+4	2,8625898800E-5
2,8990687552E+4	2,8475614000E-5
2,8991240184E+4	2,8616628500E-5
2,8991798333E+4	2,8707671100E-5
2,8992348909E+4	2,8680990200E-5
2,8992907252E+4	2,8711406900E-5
2,8993459207E+4	2,8724044000E-5
2,8994018672E+4	2,8952618900E-5
2,8994569676E+4	2,8975725500E-5
2,8995128954E+4	2,9077168300E-5
2,8995681410E+4	2,9288978300E-5
2,8996239842E+4	2,9125272400E-5
2,8996792202E+4	2,9188319600E-5
2,8997348242E+4	2,9186174900E-5
2,8997899349E+4	2,9363163700E-5
2,8998458294E+4	2,9327604500E-5
2,8999008502E+4	2,9440185500E-5
2,8999567111E+4	2,9269307800E-5
2,9000119200E+4	2,9242719100E-5
2,9000674407E+4	2,9143190300E-5
2,9001227056E+4	2,9379398300E-5
2,9001777212E+4	2,9128131900E-5
2,9002334586E+4	2,8979876400E-5
2,9002884959E+4	2,9000884400E-5
2,9003442248E+4	2,9005404300E-5
2,9003994063E+4	2,8891324300E-5
2,9004544340E+4	2,8925891900E-5
2,9005101367E+4	2,8999385500E-5
2,9005653175E+4	2,9013636800E-5
2,9006209497E+4	2,9034506500E-5
2,9006760482E+4	2,9073916800E-5
2,9007320701E+4	2,9024452200E-5
2,9007871439E+4	2,9058650800E-5
2,9008432383E+4	2,8959306500E-5
2,9008985204E+4	2,9150200700E-5
2,9009544092E+4	2,8978561900E-5
2,9010094700E+4	2,9075069800E-5
2,9010649486E+4	2,9214400900E-5
2,9011202082E+4	2,9305512600E-5
2,9011753250E+4	2,9400060400E-5
2,9012312098E+4	2,9354700500E-5
2,9012863483E+4	2,9390767000E-5
2,9013420466E+4	2,9613254000E-5
2,9013970661E+4	2,9615537000E-5
2,9014529661E+4	2,9391966200E-5
2,9015080641E+4	2,9499612300E-5
2,9015642103E+4	2,9630756900E-5
2,9016195406E+4	2,9592983900E-5
2,9016751085E+4	2,9525140200E-5
2,9017302333E+4	2,9852506000E-5
2,9017862156E+4	2,9859631600E-5
2,9018415096E+4	2,9856264800E-5
2,9018973229E+4	2,9902132000E-5
2,9019524128E+4	2,9816255000E-5
2,9020082762E+4	2,9822827200E-5
2,9020632777E+4	2,9868994200E-5
2,9021194697E+4	3,0015612400E-5
2,9021746136E+4	2,9949936300E-5
2,9022303438E+4	3,0069642900E-5
2,9022854795E+4	3,0191448100E-5
2,9023414563E+4	3,0154689800E-5
2,9023966425E+4	3,0198250900E-5
2,9024525643E+4	3,0270222500E-5
2,9025077265E+4	3,0565326800E-5
2,9025634475E+4	3,0479934000E-5
2,9026185053E+4	3,0525639800E-5
2,9026737235E+4	3,0640757500E-5
2,9027292307E+4	3,0785323300E-5
2,9027843609E+4	3,0723728900E-5
2,9028399752E+4	3,0750363700E-5
2,9028950414E+4	3,0943932900E-5
2,9029501834E+4	3,0821182200E-5
2,9030059245E+4	3,0774046700E-5
2,9030610204E+4	3,0795239300E-5
2,9031167171E+4	3,0829645400E-5
2,9031719386E+4	3,0806700300E-5
2,9032271045E+4	3,0901386400E-5
2,9032828367E+4	3,0690683300E-5
2,9033379215E+4	3,0816547100E-5
2,9033933682E+4	3,1026812100E-5
2,9034486272E+4	3,0937314500E-5
2,9035043039E+4	3,0968699800E-5
2,9035594712E+4	3,0785323300E-5
2,9036149255E+4	3,0947484200E-5
2,9036701394E+4	3,1093548900E-5
2,9037258243E+4	3,1103856900E-5
2,9037810103E+4	3,1224232400E-5
2,9038362902E+4	3,1064262200E-5
2,9038918360E+4	3,1276256700E-5
2,9039468951E+4	3,1166258500E-5
2,9040024451E+4	3,1164575000E-5
2,9040576383E+4	3,1329687700E-5
2,9041134028E+4	3,1369951200E-5
2,9041685009E+4	3,1383026500E-5
2,9042240895E+4	3,1453084000E-5
2,9042791745E+4	3,1458341800E-5
2,9043349080E+4	3,1389160500E-5
2,9043900107E+4	3,1429239600E-5
2,9044452619E+4	3,1525355400E-5
2,9045005258E+4	3,1539399200E-5
2,9045560492E+4	3,1634454300E-5
2,9046111988E+4	3,1458733800E-5
2,9046671854E+4	3,1372510900E-5
2,9047224053E+4	3,1437402900E-5
2,9047780742E+4	3,1424466000E-5
2,9048331869E+4	3,1437541300E-5
2,9048882982E+4	3,1526854300E-5
2,9049439970E+4	3,1279669600E-5
2,9049990881E+4	3,1374355700E-5
2,9050547370E+4	3,1288663200E-5
2,9051098547E+4	3,1042839100E-5
2,9051650192E+4	3,1134227500E-5
2,9052206526E+4	3,1125925800E-5
2,9052757783E+4	3,0905168300E-5
2,9053316113E+4	3,0816800800E-5
2,9053868395E+4	3,0713420900E-5
2,9054426850E+4	3,0699953600E-5
2,9054977648E+4	3,0589171300E-5
2,9055538883E+4	3,0657591600E-5
2,9056090034E+4	3,0672650000E-5
2,9056646270E+4	3,0493885600E-5
2,9057197180E+4	3,0464022300E-5
2,9057753403E+4	3,0335990900E-5
2,9058304234E+4	3,0261367300E-5
2,9058864648E+4	3,0068397700E-5
2,9059415125E+4	3,0123788800E-5
2,9059974450E+4	3,0095585900E-5
2,9060525892E+4	2,9970898200E-5
2,9061076865E+4	2,9898742100E-5
2,9061626469E+4	2,9848839400E-5
2,9062185491E+4	2,9504086000E-5
2,9062736993E+4	2,9456789000E-5
2,9063293063E+4	2,9329403300E-5
2,9063844456E+4	2,9360557900E-5
2,9064401695E+4	2,9447564900E-5
2,9064953872E+4	2,9597157900E-5
2,9065508563E+4	2,9366299900E-5
2,9066059868E+4	2,9425795800E-5
2,9066615849E+4	2,9344554000E-5
2,9067166457E+4	2,9401743800E-5
2,9067721885E+4	2,9275072900E-5
2,9068274278E+4	2,9290615600E-5
2,9068824713E+4	2,9205522600E-5
2,9069383566E+4	2,9143005800E-5
2,9069935101E+4	2,9125825800E-5
2,9070489245E+4	2,9031508700E-5
2,9071041775E+4	2,9130207300E-5
2,9071601988E+4	2,9047166700E-5
2,9072152685E+4	2,9180409800E-5
2,9072711158E+4	2,9094256100E-5
2,9073263262E+4	2,9184745200E-5
2,9073819604E+4	2,9180871000E-5
2,9074372411E+4	2,9356015000E-5
2,9074923608E+4	2,9482224700E-5
2,9075478492E+4	2,9406402000E-5
2,9076030023E+4	2,9449202200E-5
2,9076587399E+4	2,9256324800E-5
2,9077138519E+4	2,9285427000E-5
2,9077689435E+4	2,9296634400E-5
2,9078247118E+4	2,9172223400E-5
2,9078800058E+4	2,9300554700E-5
2,9079356556E+4	2,9119807000E-5
2,9079907559E+4	2,9117247300E-5
2,9080466811E+4	2,9273919900E-5
2,9081017986E+4	2,9218021400E-5
2,9081577696E+4	2,8999823600E-5
2,9082129026E+4	2,9168418400E-5
2,9082684708E+4	2,9360327300E-5
2,9083235923E+4	2,9246846900E-5
2,9083786415E+4	2,9111320800E-5
2,9084346192E+4	2,9121698000E-5
2,9084897032E+4	2,9167104000E-5
2,9085454782E+4	2,9185183300E-5
2,9086005859E+4	2,9332908400E-5
2,9086565362E+4	2,9303783100E-5
2,9087116878E+4	2,9250282900E-5
2,9087675553E+4	2,9294558900E-5
2,9088226579E+4	2,9286949000E-5
2,9088786997E+4	2,9142360100E-5
2,9089337830E+4	2,9200749100E-5
2,9089897218E+4	2,9338258500E-5
2,9090447329E+4	2,9184076400E-5
2,9091006504E+4	2,9126287000E-5
2,9091556962E+4	2,9121536600E-5
2,9092116367E+4	2,9091465800E-5
2,9092667542E+4	2,8971828300E-5
2,9093225256E+4	2,9008471300E-5
2,9093775408E+4	2,9090474200E-5
2,9094335410E+4	2,9170955100E-5
2,9094886581E+4	2,9354423800E-5
2,9095446797E+4	2,8989446400E-5
2,9095997743E+4	2,9092734100E-5
2,9096558506E+4	2,9200564600E-5
2,9097110020E+4	2,9209373700E-5
2,9097669669E+4	2,9153336900E-5
2,9098221012E+4	2,9181770400E-5
2,9098779428E+4	2,9084455400E-5
2,9099330149E+4	2,9135211400E-5
2,9099887607E+4	2,9193047000E-5
2,9100437820E+4	2,9180594300E-5
2,9100997679E+4	2,9035613400E-5
2,9101548362E+4	2,9335329800E-5
2,9102103328E+4	2,9197912700E-5
2,9102653539E+4	2,9083671300E-5
2,9103209759E+4	2,9303944500E-5
2,9103763020E+4	2,9184330100E-5
2,9104316278E+4	2,9450216800E-5
2,9104867322E+4	2,9324007100E-5
2,9105421856E+4	2,9372134200E-5
2,9105973078E+4	2,9511995700E-5
2,9106529308E+4	2,9539991100E-5
2,9107080209E+4	2,9397339300E-5
2,9107635419E+4	2,9399345500E-5
2,9108187410E+4	2,9436657300E-5
2,9108739551E+4	2,9423259200E-5
2,9109294414E+4	2,9389314200E-5
2,9109844495E+4	2,9532081300E-5
2,9110402540E+4	2,9669383100E-5
2,9110953518E+4	2,9562521100E-5
2,9111503957E+4	2,9518544900E-5
2,9112061560E+4	2,9588233500E-5
2,9112612421E+4	2,9549215200E-5
2,9113170540E+4	2,9670859000E-5
2,9113722082E+4	2,9724682000E-5
2,9114281634E+4	2,9870516200E-5
2,9114832403E+4	3,0070427000E-5
2,9115392450E+4	2,9745113600E-5
2,9115943423E+4	2,9828822900E-5
2,9116502198E+4	2,9894360600E-5
2,9117054285E+4	3,0014297900E-5
2,9117605378E+4	2,9820890100E-5
2,9118160336E+4	2,9913800600E-5
2,9118711557E+4	2,9682896500E-5
2,9119265531E+4	2,9799559200E-5
2,9119816970E+4	2,9664194500E-5
2,9120369378E+4	2,9665808800E-5
2,9120927184E+4	2,9598795200E-5
2,9121478072E+4	2,9602392600E-5
2,9122035003E+4	2,9364962400E-5
2,9122586964E+4	2,9283074900E-5
2,9123143946E+4	2,9391827800E-5
2,9123695252E+4	2,9251735700E-5
2,9124251197E+4	2,9339688200E-5
2,9124803316E+4	2,9186728400E-5
2,9125357283E+4	2,9108991700E-5
2,9125908584E+4	2,8978469700E-5
2,9126460070E+4	2,9044676200E-5
2,9127019131E+4	2,8808030100E-5
2,9127569560E+4	2,9048342800E-5
2,9128126238E+4	2,8822281400E-5
2,9128677456E+4	2,8845157400E-5
2,9129233411E+4	2,8580654300E-5
2,9129783813E+4	2,8675986100E-5
2,9130345387E+4	2,8752223800E-5
2,9130897303E+4	2,8532319600E-5
2,9131454164E+4	2,8284028000E-5
2,9132005962E+4	2,8248307400E-5
2,9132563262E+4	2,8251097700E-5
2,9133113456E+4	2,8146103600E-5
2,9133672060E+4	2,8270768300E-5
2,9134225245E+4	2,8183669000E-5
2,9134780089E+4	2,8218098200E-5
2,9135331515E+4	2,8220980800E-5
2,9135888677E+4	2,8135726400E-5
2,9136440265E+4	2,8096546700E-5
2,9137001087E+4	2,8167411400E-5
2,9137553507E+4	2,8108676500E-5
2,9138105611E+4	2,8115710000E-5
2,9138657462E+4	2,8157218700E-5
2,9139217008E+4	2,8190725500E-5
2,9139768088E+4	2,8054622900E-5
2,9140328388E+4	2,8248514900E-5
2,9140878843E+4	2,8167872600E-5
2,9141434611E+4	2,8094955600E-5
2,9141986310E+4	2,8250013900E-5
2,9142536262E+4	2,8095370700E-5
2,9143096234E+4	2,8163675600E-5
2,9143648894E+4	2,8237838000E-5
2,9144206205E+4	2,8164621100E-5
2,9144757058E+4	2,8274642400E-5
2,9145316492E+4	2,8018948400E-5
2,9145867360E+4	2,8105355800E-5
2,9146427361E+4	2,8329964400E-5
2,9146980172E+4	2,8117001300E-5
2,9147538247E+4	2,8021415900E-5
2,9148088832E+4	2,8244571600E-5
2,9148647420E+4	2,8049826300E-5
2,9149198536E+4	2,8029556200E-5
2,9149758787E+4	2,8065484300E-5
2,9150309302E+4	2,8142644500E-5
2,9150868683E+4	2,7996233900E-5
2,9151419587E+4	2,8024275400E-5
2,9151977145E+4	2,7998124800E-5
2,9152528969E+4	2,8025958800E-5
2,9153083500E+4	2,8021392800E-5
2,9153634026E+4	2,7938790400E-5
2,9154192387E+4	2,7812027200E-5
2,9154743555E+4	2,7914254100E-5
2,9155302516E+4	2,8037373700E-5
2,9155852398E+4	2,7874221200E-5
2,9156409818E+4	2,7948637200E-5
2,9156961931E+4	2,8100605400E-5
2,9157517961E+4	2,7841337000E-5
2,9158068329E+4	2,7912893500E-5
2,9158625047E+4	2,7980552800E-5
2,9159176456E+4	2,7961781600E-5
2,9159727412E+4	2,7946192800E-5
2,9160283303E+4	2,7894929400E-5
2,9160834465E+4	2,8021784800E-5
2,9161394153E+4	2,7956685300E-5
2,9161945058E+4	2,7892000800E-5
2,9162503831E+4	2,7838431400E-5
2,9163054754E+4	2,7893199900E-5
2,9163614309E+4	2,7759149600E-5
2,9164167113E+4	2,7767774200E-5
2,9164722873E+4	2,7828215600E-5
2,9165274600E+4	2,7869055600E-5
2,9165826122E+4	2,7832481800E-5
2,9166383673E+4	2,7708001600E-5
2,9166934621E+4	2,7645530900E-5
2,9167493481E+4	2,7708393600E-5
2,9168043891E+4	2,7710376800E-5
2,9168602039E+4	2,7589332700E-5
2,9169153231E+4	2,7595328400E-5
2,9169709301E+4	2,7651388300E-5
2,9170260216E+4	2,7232195800E-5
2,9170816602E+4	2,7267708900E-5
2,9171368528E+4	2,7255994200E-5
2,9171920024E+4	2,7351395200E-5
2,9172475867E+4	2,7417025200E-5
2,9173026779E+4	2,7426941100E-5
2,9173583220E+4	2,7263511900E-5
2,9174136236E+4	2,7519644100E-5
2,9174691352E+4	2,7200764500E-5
2,9175241759E+4	2,7424681200E-5
2,9175802632E+4	2,7293490500E-5
2,9176353902E+4	2,7186490100E-5
2,9176911098E+4	2,7215523100E-5
2,9177462886E+4	2,7376877000E-5
2,9178014880E+4	2,7279169900E-5
2,9178570849E+4	2,7392834800E-5
2,9179122316E+4	2,7258277200E-5
2,9179679176E+4	2,7618642500E-5
2,9180230416E+4	2,7508367500E-5
2,9180780520E+4	2,7467712000E-5
2,9181338610E+4	2,7573075100E-5
2,9181890475E+4	2,7556748300E-5
2,9182447871E+4	2,7720177500E-5
2,9182999281E+4	2,7599871300E-5
2,9183551127E+4	2,7537492800E-5
2,9184107484E+4	2,7603537900E-5
2,9184658198E+4	2,7600424700E-5
2,9185217015E+4	2,7540675200E-5
2,9185768014E+4	2,7572106500E-5