7,3347838404E+3	-6,8446965800E-5
7,3353421230E+3	-6,8339481200E-5
7,3358969659E+3	-6,8507222700E-5
7,3364475817E+3	-6,8555188400E-5
7,3370075334E+3	-6,8457873400E-5
7,3375598336E+3	-6,8525209800E-5
7,3381424610E+3	-6,8578756200E-5
7,3386944598E+3	-6,8730401500E-5
7,3392526437E+3	-6,8556664300E-5
7,3398028505E+3	-6,8391966700E-5
7,3403635396E+3	-6,8265941500E-5
7,3409145433E+3	-6,8389822100E-5
7,3414704474E+3	-6,8478927600E-5
7,3420205418E+3	-6,8144251600E-5
7,3425786871E+3	-6,7744845000E-5
7,3431296242E+3	-6,7222203500E-5
7,3436858219E+3	-6,6831951900E-5
7,3442375595E+3	-6,5998755700E-5
7,3447952418E+3	-6,5381797000E-5
7,3453474720E+3	-6,4881016800E-5
7,3459030890E+3	-6,4183277500E-5
7,3464564014E+3	-6,3635154200E-5
7,3470139517E+3	-6,3358498300E-5
7,3475652265E+3	-6,2455982400E-5
7,3481205840E+3	-6,1799198400E-5
7,3486711973E+3	-6,1121798300E-5
7,3492229732E+3	-6,0475945000E-5
7,3497798444E+3	-5,9909258100E-5
7,3503317145E+3	-5,9327282100E-5
7,3508858200E+3	-5,8716203900E-5
7,3514374218E+3	-5,8154521000E-5
7,3519963384E+3	-5,7554696300E-5
7,3525475870E+3	-5,7055645600E-5
7,3531073946E+3	-5,6550114900E-5
7,3536579856E+3	-5,5945516700E-5
7,3542177239E+3	-5,5258569600E-5
7,3547683943E+3	-5,4568993700E-5
7,3553290852E+3	-5,3973896400E-5
7,3558798196E+3	-5,3476044800E-5
7,3564394652E+3	-5,2717033900E-5
7,3569903835E+3	-5,2135011800E-5
7,3575523560E+3	-5,1594544600E-5
7,3581041242E+3	-5,0841737000E-5
7,3586626180E+3	-5,0427110600E-5
7,3592125615E+3	-4,9890125500E-5
7,3597726754E+3	-4,9226907600E-5
7,3603244705E+3	-4,8790858000E-5
7,3608798597E+3	-4,8076699700E-5
7,3614325466E+3	-4,7539806800E-5
7,3619905587E+3	-4,6881500800E-5
7,3625406720E+3	-4,6295074200E-5
7,3630997795E+3	-4,5572406500E-5
7,3636510773E+3	-4,5207429200E-5
7,3642094783E+3	-4,4520274600E-5
7,3647598426E+3	-4,4064300800E-5
7,3653194692E+3	-4,3326736100E-5
7,3658713710E+3	-4,2688308200E-5
7,3664266023E+3	-4,2042316500E-5
7,3669768534E+3	-4,1443160500E-5
7,3675362083E+3	-4,0807914900E-5
7,3680874940E+3	-4,0104433600E-5
7,3686386263E+3	-3,9680928800E-5
7,3691942512E+3	-3,9112789100E-5
7,3697445189E+3	-3,8512964400E-5
7,3703055834E+3	-3,7922456000E-5
7,3708568373E+3	-3,7342371000E-5
7,3714180705E+3	-3,6705857100E-5
7,3719704206E+3	-3,6286687700E-5
7,3725265629E+3	-3,5571099600E-5
7,3730778406E+3	-3,5114065100E-5
7,3736374288E+3	-3,4381735100E-5
7,3741878159E+3	-3,3733921600E-5
7,3747486593E+3	-3,3221634200E-5
7,3752996049E+3	-3,2782540700E-5
7,3758607320E+3	-3,2255310100E-5
7,3764120738E+3	-3,1709354500E-5
7,3769688098E+3	-3,1070442400E-5
7,3775204452E+3	-3,0287195000E-5
7,3780770710E+3	-2,9818676300E-5
7,3786287221E+3	-2,9181216900E-5
7,3791867525E+3	-2,8745259600E-5
7,3797393637E+3	-2,8084670600E-5
7,3802976925E+3	-2,7560668500E-5
7,3808487739E+3	-2,7026012500E-5
7,3814094778E+3	-2,6395978600E-5
7,3819605820E+3	-2,5753169300E-5
7,3825199173E+3	-2,5188050500E-5
7,3830709964E+3	-2,4663010700E-5
7,3836280663E+3	-2,4093925500E-5
7,3841793199E+3	-2,3639819500E-5
7,3847358315E+3	-2,2941826600E-5
7,3852876986E+3	-2,2502110400E-5
7,3858469270E+3	-2,1568047800E-5
7,3863988819E+3	-2,1216768300E-5
7,3869546830E+3	-2,0556732800E-5
7,3875069465E+3	-2,0221480300E-5
7,3880628265E+3	-1,9606228100E-5
7,3886139228E+3	-1,8990999000E-5
7,3891745258E+3	-1,8363432600E-5
7,3897261121E+3	-1,7730723700E-5
7,3902866206E+3	-1,7271844200E-5
7,3908386656E+3	-1,6818776000E-5
7,3913957797E+3	-1,6246393200E-5
7,3919473503E+3	-1,5747988200E-5
7,3925057562E+3	-1,5035236500E-5
7,3930578588E+3	-1,4448164200E-5
7,3936166392E+3	-1,3990253300E-5
7,3941684620E+3	-1,3429585200E-5
7,3947248823E+3	-1,2621847600E-5
7,3952767295E+3	-1,2251128200E-5
7,3958327557E+3	-1,1596166000E-5
7,3963835862E+3	-1,0912793300E-5
7,3969436401E+3	-1,0354385100E-5
7,3974938166E+3	-9,8896944400E-6
7,3980520504E+3	-9,1319980100E-6
7,3986052016E+3	-8,7877058500E-6
7,3991606769E+3	-8,3365747300E-6
7,3997107371E+3	-7,6934194400E-6
7,4002706427E+3	-7,3042055600E-6
7,4008214772E+3	-6,6053362800E-6
7,4013797954E+3	-5,9293660000E-6
7,4019308066E+3	-5,3304406100E-6
7,4024861057E+3	-4,7635922700E-6
7,4030372960E+3	-3,9611355500E-6
7,4035944429E+3	-3,5609449100E-6
7,4041455974E+3	-2,9416802300E-6
7,4047003596E+3	-2,5231334900E-6
7,4052508141E+3	-1,8257400700E-6
7,4058019810E+3	-1,1692558600E-6
7,4063595919E+3	-5,8587319200E-7
7,4069125794E+3	-1,1253488100E-8
7,4074687125E+3	7,1946224100E-7
7,4080198387E+3	1,1179925300E-6
7,4085797981E+3	1,6774845900E-6
7,4091312412E+3	2,2913300800E-6
7,4096905910E+3	2,9716357200E-6
7,4102413269E+3	3,4916944500E-6
7,4107994428E+3	4,0198474000E-6
7,4113517513E+3	4,7497560100E-6
7,4119026697E+3	5,1726611700E-6
7,4124606307E+3	5,8052778500E-6
7,4130115339E+3	6,2690230200E-6
7,4135677742E+3	6,7678892300E-6
7,4141193976E+3	7,3124842500E-6
7,4146783703E+3	7,9900687600E-6
7,4152300297E+3	8,5365778100E-6
7,4157877787E+3	9,1075078400E-6
7,4163385711E+3	9,6782764500E-6
7,4168950656E+3	1,0178803000E-5
7,4174472249E+3	1,0639804000E-5
7,4179989308E+3	1,1272928000E-5
7,4185574234E+3	1,1620079700E-5
7,4191088694E+3	1,2123258200E-5
7,4196627504E+3	1,2924677200E-5
7,4202147823E+3	1,3430438400E-5
7,4207709691E+3	1,4050279600E-5
7,4213226331E+3	1,4457642100E-5
7,4218813336E+3	1,5156557500E-5
7,4224322322E+3	1,5549092000E-5
7,4229889529E+3	1,6216276300E-5
7,4235402754E+3	1,6577587000E-5
7,4240911801E+3	1,7384609700E-5
7,4246469435E+3	1,7860646100E-5
7,4251977395E+3	1,8376738500E-5
7,4257588119E+3	1,9141422200E-5
7,4263097732E+3	1,9575673100E-5
7,4268703041E+3	2,0051571100E-5
7,4274217040E+3	2,0669498300E-5
7,4279807220E+3	2,1251704900E-5
7,4285332913E+3	2,1701959700E-5
7,4290878655E+3	2,2435281200E-5
7,4296392257E+3	2,2922940100E-5
7,4301974500E+3	2,3396255300E-5
7,4307493550E+3	2,3996103100E-5
7,4313100788E+3	2,4429662200E-5
7,4318615784E+3	2,5072402400E-5
7,4324157799E+3	2,5574566300E-5
7,4329667659E+3	2,6415395500E-5
7,4335238167E+3	2,6667446000E-5
7,4340748412E+3	2,6877042200E-5
7,4346346145E+3	2,7708370600E-5
7,4351865969E+3	2,8200895200E-5
7,4357427226E+3	2,8722706500E-5
7,4362926740E+3	2,9435550400E-5
7,4368506008E+3	2,9883845100E-5
7,4374006569E+3	3,0333569500E-5
7,4379606918E+3	3,1044361000E-5
7,4385122336E+3	3,1641234100E-5
7,4390697104E+3	3,1873406400E-5
7,4396196769E+3	3,2587864600E-5
7,4401701510E+3	3,3366107800E-5
7,4407277709E+3	3,3783132600E-5
7,4412788336E+3	3,4454928900E-5
7,4418364111E+3	3,4787506400E-5
7,4423867893E+3	3,5465529000E-5
7,4429375253E+3	3,6015635500E-5
7,4434935223E+3	3,6581261600E-5
7,4440441861E+3	3,7250129300E-5
7,4446050918E+3	3,7791611200E-5
7,4451558259E+3	3,8421460600E-5
7,4457157813E+3	3,8716634100E-5
7,4462666941E+3	3,9281430000E-5
7,4468226354E+3	3,9948729600E-5
7,4473754143E+3	4,0614645500E-5
7,4479310070E+3	4,1210342500E-5
7,4484826510E+3	4,1997694600E-5
7,4490422519E+3	4,2334815000E-5
7,4495928691E+3	4,2794409300E-5
7,4501546866E+3	4,3390429000E-5
7,4507071796E+3	4,3809160300E-5
7,4512655717E+3	4,4351841300E-5
7,4518158744E+3	4,5029610300E-5
7,4523757038E+3	4,5559169900E-5
7,4529272742E+3	4,5870900700E-5
7,4534847949E+3	4,6563197800E-5
7,4540355453E+3	4,6981329500E-5
7,4545921035E+3	4,7444152200E-5
7,4551426936E+3	4,8199427300E-5
7,4556991285E+3	4,8741416500E-5
7,4562515765E+3	4,9228245200E-5
7,4568046203E+3	4,9910741500E-5
7,4573557834E+3	5,0244656500E-5
7,4579054467E+3	5,0834127100E-5
7,4584638432E+3	5,1327435800E-5
7,4590164545E+3	5,1911441100E-5
7,4595713134E+3	5,2484700200E-5
7,4601232168E+3	5,3180594700E-5
7,4606807845E+3	5,3660482200E-5
7,4612316873E+3	5,4349527700E-5
7,4617918577E+3	5,4571484300E-5
7,4623438025E+3	5,5406364000E-5
7,4628985537E+3	5,5763869800E-5
7,4634504836E+3	5,6262805200E-5
7,4640007383E+3	5,7019302400E-5
7,4645576025E+3	5,7501818800E-5
7,4651095970E+3	5,8141999300E-5
7,4656696176E+3	5,8505685300E-5
7,4662201829E+3	5,8997702500E-5
7,4667798708E+3	5,9563467000E-5
7,4673308095E+3	6,0203024900E-5
7,4678908599E+3	6,0666032200E-5
7,4684444682E+3	6,1158095500E-5
7,4690008249E+3	6,1828854200E-5
7,4695523427E+3	6,2343309200E-5
7,4701119347E+3	6,2900495200E-5
7,4706627713E+3	6,3309218200E-5
7,4712226113E+3	6,3719025100E-5
7,4717738570E+3	6,4614438400E-5
7,4723318207E+3	6,5174875900E-5
7,4728841871E+3	6,5728510600E-5
7,4734365932E+3	6,6022415700E-5
7,4739936182E+3	6,6772825100E-5
7,4745437536E+3	6,7188650700E-5
7,4750978983E+3	6,7659037300E-5
7,4756496445E+3	6,8209535800E-5
7,4762080802E+3	6,8628128600E-5
7,4767587754E+3	6,9265657200E-5
7,4773181564E+3	6,9733092000E-5
7,4778693150E+3	7,0468834900E-5
7,4784265095E+3	7,0899280800E-5
7,4789793058E+3	7,1522558000E-5
7,4795309935E+3	7,1862122800E-5
7,4800875315E+3	7,2542059500E-5
7,4806382875E+3	7,3040072500E-5
7,4811961607E+3	7,3635700200E-5
7,4817467937E+3	7,4245417900E-5
7,4823073362E+3	7,4586089600E-5
7,4828585466E+3	7,4965272200E-5
7,4834186910E+3	7,5642303200E-5
7,4839690340E+3	7,6166582000E-5
7,4845284345E+3	7,6751071600E-5
7,4850788822E+3	7,7317804600E-5
7,4856326155E+3	7,7834681000E-5
7,4861837756E+3	7,8425051000E-5
7,4867452091E+3	7,8819476500E-5
7,4872956531E+3	7,9379222300E-5
7,4878541628E+3	7,9823735000E-5
7,4884058080E+3	8,0651097000E-5
7,4889624882E+3	8,1093949400E-5
7,4895143909E+3	8,1501381000E-5
7,4900689096E+3	8,2158926000E-5
7,4906196867E+3	8,2486799200E-5
7,4911747966E+3	8,3099122700E-5
7,4917276859E+3	8,3657738500E-5
7,4922806071E+3	8,3998733000E-5
7,4928326910E+3	8,4648529700E-5
7,4933838166E+3	8,5196883600E-5
7,4939407519E+3	8,5601132800E-5
7,4944912994E+3	8,6246617200E-5
7,4950432864E+3	8,7000439500E-5
7,4955947114E+3	8,7340811400E-5
7,4961508589E+3	8,7929013700E-5
7,4967028028E+3	8,8627836900E-5
7,4972584050E+3	8,9154421700E-5
7,4978084643E+3	8,9718618100E-5
7,4983644536E+3	9,0401990800E-5
7,4989174117E+3	9,0935332300E-5
7,4994721119E+3	9,1371497200E-5
7,5000244065E+3	9,1692728900E-5
7,5005835042E+3	9,2584060500E-5
7,5011346138E+3	9,3337536900E-5
7,5016917923E+3	9,3613939200E-5
7,5022440832E+3	9,4357269000E-5
7,5027986274E+3	9,4870963000E-5
7,5033491737E+3	9,5372365900E-5
7,5039105164E+3	9,5988102300E-5
7,5044609270E+3	9,6420877300E-5
7,5050184005E+3	9,7115803300E-5
7,5055704648E+3	9,7512973000E-5
7,5061246887E+3	9,7991845800E-5
7,5066757533E+3	9,8773824900E-5
7,5072377432E+3	9,9453208100E-5
7,5077885396E+3	9,9865851400E-5
7,5083469678E+3	1,0035060500E-4
7,5088986963E+3	1,0120347100E-4
7,5094552943E+3	1,0154548100E-4
7,5100057278E+3	1,0216490700E-4
7,5105665926E+3	1,0252218200E-4
7,5111178282E+3	1,0324780100E-4
7,5116738183E+3	1,0363514700E-4
7,5122246122E+3	1,0432156400E-4
7,5127836947E+3	1,0486968700E-4
7,5133347138E+3	1,0528387600E-4
7,5138925309E+3	1,0586223100E-4
7,5144438207E+3	1,0625398200E-4
7,5150015674E+3	1,0689741400E-4
7,5155545806E+3	1,0759386100E-4
7,5161094747E+3	1,0807730000E-4
7,5166611667E+3	1,0884355200E-4
7,5172147925E+3	1,0912618100E-4
7,5177662217E+3	1,0975107200E-4
7,5183225763E+3	1,1027475100E-4
7,5188728787E+3	1,1081817000E-4
7,5194336458E+3	1,1142775000E-4
7,5199863681E+3	1,1205199500E-4
7,5205417217E+3	1,1248507000E-4
7,5210940282E+3	1,1315483700E-4
7,5216525975E+3	1,1366493400E-4
7,5222047693E+3	1,1437996800E-4
7,5227637946E+3	1,1484841800E-4
7,5233147173E+3	1,1545638300E-4
7,5238747549E+3	1,1572499100E-4
7,5244256416E+3	1,1631905100E-4
7,5249858896E+3	1,1689364700E-4
7,5255368453E+3	1,1732024200E-4
7,5260926122E+3	1,1791693100E-4
7,5266433346E+3	1,1824445800E-4
7,5272030038E+3	1,1878497100E-4
7,5277536227E+3	1,1923859300E-4
7,5283139100E+3	1,1989892800E-4
7,5288648113E+3	1,2028609000E-4
7,5294226675E+3	1,2092253400E-4
7,5299746028E+3	1,2145377700E-4
7,5305287388E+3	1,2218165700E-4
7,5310797897E+3	1,2273983400E-4
7,5316373382E+3	1,2319460900E-4
7,5321896410E+3	1,2396835500E-4
7,5327448886E+3	1,2420414800E-4
7,5332956296E+3	1,2494434200E-4
7,5338545594E+3	1,2540326700E-4
7,5344065762E+3	1,2585193100E-4
7,5349638070E+3	1,2646616900E-4
7,5355156473E+3	1,2687205500E-4
7,5360724900E+3	1,2739937800E-4
7,5366228442E+3	1,2784887200E-4
7,5371748989E+3	1,2859132500E-4
7,5377305852E+3	1,2892108900E-4
7,5382804728E+3	1,2947677600E-4
7,5388401446E+3	1,3019612300E-4
7,5393923012E+3	1,3065276600E-4
7,5399508694E+3	1,3105111200E-4
7,5405022389E+3	1,3170017000E-4
7,5410619794E+3	1,3223773200E-4
7,5416126863E+3	1,3273613700E-4
7,5421697862E+3	1,3305985900E-4
7,5427197227E+3	1,3379940700E-4
7,5432775216E+3	1,3449230400E-4
7,5438304220E+3	1,3480419600E-4
7,5443874870E+3	1,3539917800E-4
7,5449377276E+3	1,3562101900E-4
7,5454962243E+3	1,3626189200E-4
7,5460485904E+3	1,3679267400E-4
7,5466043853E+3	1,3722136700E-4
7,5471545954E+3	1,3761041900E-4
7,5477155040E+3	1,3832706800E-4
7,5482670456E+3	1,3886059400E-4
7,5488246309E+3	1,3932869800E-4
7,5493759534E+3	1,3981538800E-4
7,5499318203E+3	1,4021456400E-4
7,5504839427E+3	1,4115697500E-4
7,5510394880E+3	1,4155412100E-4
7,5515896217E+3	1,4197608100E-4
7,5521459100E+3	1,4281248300E-4
7,5526977823E+3	1,4332555400E-4
7,5532496313E+3	1,4357532200E-4
7,5538065728E+3	1,4425673400E-4
7,5543571681E+3	1,4500144700E-4
7,5549126031E+3	1,4551082900E-4
7,5554635867E+3	1,4612213800E-4
7,5560208594E+3	1,4670000900E-4
7,5565725214E+3	1,4736355000E-4
7,5571297919E+3	1,4801498400E-4
7,5576826460E+3	1,4845025000E-4
7,5582395684E+3	1,4897545100E-4
7,5587908229E+3	1,4975802900E-4
7,5593432778E+3	1,5028818900E-4
7,5598977524E+3	1,5081027700E-4
7,5604492248E+3	1,5153234500E-4
7,5610051265E+3	1,5196269800E-4
7,5615573388E+3	1,5248513200E-4
7,5621127205E+3	1,5326404400E-4
7,5626633829E+3	1,5380880100E-4
7,5632225836E+3	1,5437023000E-4
7,5637754664E+3	1,5503284800E-4
7,5643339663E+3	1,5563650100E-4
7,5648844232E+3	1,5597489000E-4
7,5654447421E+3	1,5664105900E-4
7,5659975660E+3	1,5733070400E-4
7,5665578173E+3	1,5787880500E-4
7,5671087818E+3	1,5854492800E-4
7,5676619160E+3	1,5926632700E-4
7,5682143725E+3	1,5982176100E-4
7,5687707341E+3	1,6038489700E-4
7,5693211523E+3	1,6088703700E-4
7,5698826036E+3	1,6137086800E-4
7,5704328527E+3	1,6192863100E-4
7,5709905000E+3	1,6246019700E-4
7,5715421123E+3	1,6309136000E-4
7,5720997373E+3	1,6376657000E-4
7,5726524903E+3	1,6420591700E-4
7,5732087957E+3	1,6475982800E-4
7,5737602102E+3	1,6526621200E-4
7,5743171808E+3	1,6578225800E-4
7,5748705478E+3	1,6619681600E-4
7,5754251244E+3	1,6710675700E-4
7,5759757999E+3	1,6749195900E-4
7,5765358728E+3	1,6798907200E-4
7,5770877446E+3	1,6871033300E-4
7,5776432173E+3	1,6913612100E-4
7,5781937897E+3	1,6957740500E-4
7,5787511848E+3	1,7047201100E-4
7,5793021718E+3	1,7070014800E-4
7,5798624223E+3	1,7144103300E-4
7,5804139008E+3	1,7185088600E-4
7,5809745956E+3	1,7252519600E-4
7,5815245969E+3	1,7317568500E-4
7,5820825202E+3	1,7378189700E-4
7,5826326433E+3	1,7420846900E-4
7,5831944065E+3	1,7482517400E-4
7,5837448335E+3	1,7556815800E-4
7,5843006103E+3	1,7604267200E-4
7,5848506681E+3	1,7651292100E-4
7,5854104625E+3	1,7693670200E-4
7,5859622109E+3	1,7751217500E-4
7,5865129663E+3	1,7809963900E-4
7,5870708465E+3	1,7864983800E-4
7,5876243216E+3	1,7913463700E-4
7,5881797149E+3	1,7973091100E-4
7,5887310056E+3	1,8031148000E-4
7,5892918495E+3	1,8075170400E-4
7,5898444182E+3	1,8142788200E-4
7,5904008563E+3	1,8175958300E-4
7,5909515641E+3	1,8231349400E-4
7,5915025870E+3	1,8301457700E-4
7,5920604284E+3	1,8344972700E-4
7,5926115500E+3	1,8403553100E-4
7,5931677485E+3	1,8451396600E-4
7,5937177050E+3	1,8518532400E-4
7,5942688595E+3	1,8580581100E-4
7,5948247270E+3	1,8618218000E-4
7,5953755885E+3	1,8682568200E-4
7,5959325771E+3	1,8742624400E-4
7,5964828326E+3	1,8795467400E-4
7,5970449322E+3	1,8834439500E-4
7,5975967963E+3	1,8866085300E-4
7,5981538344E+3	1,8933578600E-4
7,5987057787E+3	1,9000119500E-4
7,5992627847E+3	1,9044114100E-4
7,5998138175E+3	1,9117762200E-4
7,6003725947E+3	1,9164247400E-4
7,6009238138E+3	1,9211876400E-4
7,6014807692E+3	1,9268582000E-4
7,6020315710E+3	1,9306733200E-4
7,6025815590E+3	1,9370951900E-4
7,6031381054E+3	1,9427523700E-4
7,6036894465E+3	1,9471843500E-4
7,6042464482E+3	1,9532234200E-4
7,6047965693E+3	1,9571370000E-4
7,6053468493E+3	1,9605716200E-4
7,6059058127E+3	1,9649978400E-4
7,6064578162E+3	1,9737001600E-4
7,6070134885E+3	1,9775318800E-4
7,6075648558E+3	1,9833212000E-4
7,6081229311E+3	1,9896879500E-4
7,6086737798E+3	1,9956255500E-4
7,6092346384E+3	2,0009651900E-4
7,6097854079E+3	2,0049574100E-4
7,6103423591E+3	2,0101995100E-4
7,6108945523E+3	2,0154625900E-4
7,6114497345E+3	2,0222179100E-4
7,6120015033E+3	2,0256638300E-4
7,6125610651E+3	2,0313844300E-4
7,6131128894E+3	2,0361097400E-4
7,6136698355E+3	2,0433209700E-4
7,6142208604E+3	2,0487909000E-4
7,6147717186E+3	2,0512742800E-4
7,6153285388E+3	2,0586160200E-4
7,6158797780E+3	2,0643147200E-4
7,6164347135E+3	2,0708915500E-4
7,6169855447E+3	2,0759044300E-4
7,6175449071E+3	2,0812306900E-4
7,6180958275E+3	2,0834537200E-4
7,6186561129E+3	2,0927357700E-4
7,6192077602E+3	2,0990854600E-4
7,6197656284E+3	2,1037180700E-4
7,6203175168E+3	2,1110065500E-4
7,6208748187E+3	2,1155360800E-4
7,6214263131E+3	2,1213971100E-4
7,6219853807E+3	2,1254197700E-4
7,6225357096E+3	2,1309464400E-4
7,6230961639E+3	2,1361128900E-4
7,6236475820E+3	2,1433624000E-4
7,6242040639E+3	2,1453866400E-4
7,6247547041E+3	2,1529181800E-4
7,6253115928E+3	2,1596070900E-4
7,6258638410E+3	2,1631263400E-4
7,6264246894E+3	2,1668328400E-4
7,6269760057E+3	2,1726692000E-4
7,6275324275E+3	2,1790578600E-4
7,6280839667E+3	2,1824763400E-4
7,6286384332E+3	2,1876082100E-4
7,6291902131E+3	2,1938603500E-4
7,6297488003E+3	2,1982651200E-4
7,6302996654E+3	2,2046697000E-4
7,6308575061E+3	2,2083411500E-4
7,6314089860E+3	2,2141712800E-4
7,6319649052E+3	2,2188018200E-4
7,6325172089E+3	2,2241649800E-4
7,6330764726E+3	2,2293496600E-4
7,6336268076E+3	2,2359726100E-4
7,6341834886E+3	2,2407774800E-4
7,6347348893E+3	2,2446036700E-4
7,6352920807E+3	2,2503242700E-4
7,6358424995E+3	2,2527370800E-4
7,6364034542E+3	2,2602840700E-4
7,6369537009E+3	2,2628315500E-4
7,6375104241E+3	2,2691547200E-4
7,6380625077E+3	2,2757615300E-4
7,6386197755E+3	2,2808092300E-4
7,6391705163E+3	2,2851076900E-4
7,6397289700E+3	2,2906735600E-4
7,6402803647E+3	2,2976235100E-4
7,6408367328E+3	2,3008870200E-4
7,6413877017E+3	2,3055777400E-4
7,6419456701E+3	2,3107548100E-4
7,6424966871E+3	2,3168870400E-4
7,6430565812E+3	2,3250679500E-4
7,6436081016E+3	2,3297406900E-4
7,6441663079E+3	2,3337324500E-4
7,6447168530E+3	2,3386487000E-4
7,6452778177E+3	2,3436558100E-4
7,6458295405E+3	2,3483818100E-4
7,6463868085E+3	2,3543936700E-4
7,6469377050E+3	2,3603003600E-4
7,6474957652E+3	2,3647441100E-4
7,6480472817E+3	2,3721894000E-4
7,6486038828E+3	2,3763621800E-4
7,6491563628E+3	2,3822947100E-4
7,6497145559E+3	2,3876066800E-4
7,6502655741E+3	2,3916328000E-4
7,6508253953E+3	2,3976981500E-4
7,6513767621E+3	2,4039489100E-4
7,6519307323E+3	2,4097795100E-4
7,6524818313E+3	2,4160344200E-4
7,6530416279E+3	2,4195490600E-4
7,6535927653E+3	2,4196410700E-4
7,6541486587E+3	2,4201218800E-4
7,6546993105E+3	2,4217773900E-4
7,6552568950E+3	2,4204989200E-4
7,6558076098E+3	2,4191039900E-4
7,6563638736E+3	2,4192022300E-4
7,6569154986E+3	2,4170767500E-4
7,6574730624E+3	2,4169898100E-4
7,6580242929E+3	2,4156968100E-4
7,6585843355E+3	2,4152226900E-4
7,6591357891E+3	2,4145410200E-4
7,6596932890E+3	2,4123770300E-4
7,6602436910E+3	2,4117094300E-4
7,6608026472E+3	2,4126703600E-4
7,6613528436E+3	2,4124930300E-4
7,6619048368E+3	2,4087773000E-4
7,6624596292E+3	2,4090706300E-4
7,6630125076E+3	2,4081841900E-4
7,6635706456E+3	2,4064977800E-4
7,6641207828E+3	2,4066031600E-4
7,6646822599E+3	2,4044260300E-4
7,6652346085E+3	2,4047329600E-4
7,6657957391E+3	2,4021508900E-4
7,6663455802E+3	2,4016970600E-4
7,6669055155E+3	2,4015464700E-4
7,6674567814E+3	2,3993361300E-4
7,6680162485E+3	2,3978895500E-4
7,6685674721E+3	2,3970997300E-4
7,6691248469E+3	2,3960089700E-4
7,6696767839E+3	2,3970252500E-4
7,6702345583E+3	2,3961431800E-4
7,6707858236E+3	2,3951820300E-4
7,6713453258E+3	2,3932712400E-4
7,6718959162E+3	2,3936618800E-4
7,6724519063E+3	2,3937587400E-4
7,6730027654E+3	2,3954497600E-4
7,6735596483E+3	2,3939067800E-4
7,6741105736E+3	2,3924297600E-4
7,6746715938E+3	2,3911709000E-4
7,6752239971E+3	2,3915103500E-4
7,6757775707E+3	2,3902784600E-4
7,6763306652E+3	2,3881882600E-4
7,6768859671E+3	2,3883923400E-4
7,6774369784E+3	2,3894921000E-4
7,6779969716E+3	2,3879447400E-4
7,6785493924E+3	2,3858914400E-4
7,6791101873E+3	2,3857106500E-4
7,6796616076E+3	2,3873011300E-4
7,6802207047E+3	2,3839592100E-4
7,6807721932E+3	2,3858769100E-4
7,6813305521E+3	2,3852563600E-4
7,6818811936E+3	2,3867117000E-4
7,6824424036E+3	2,3856606100E-4
7,6829951338E+3	2,3847827000E-4
7,6835491608E+3	2,3859677700E-4
7,6841004837E+3	2,3848119800E-4
7,6846565318E+3	2,3828216400E-4
7,6852072393E+3	2,3828320100E-4
7,6857668776E+3	2,3818060600E-4
7,6863177997E+3	2,3835987700E-4
7,6868754053E+3	2,3828534600E-4
7,6874280185E+3	2,3814419300E-4
7,6879827662E+3	2,3824413700E-4
7,6885345378E+3	2,3788550100E-4
7,6890961043E+3	2,3793916300E-4
7,6896476043E+3	2,3788658500E-4
7,6902023071E+3	2,3772357100E-4
7,6907538788E+3	2,3796665100E-4
7,6913056468E+3	2,3767387600E-4
7,6918614981E+3	2,3770260900E-4
7,6924123828E+3	2,3758783700E-4
7,6929698193E+3	2,3743923600E-4
7,6935225397E+3	2,3768607500E-4
7,6940775180E+3	2,3750339000E-4
7,6946287194E+3	2,3740739000E-4
7,6951884780E+3	2,3714710700E-4
7,6957397578E+3	2,3708804900E-4
7,6962960065E+3	2,3708272200E-4
7,6968466084E+3	2,3702440200E-4
7,6974030934E+3	2,3704315000E-4
7,6979554014E+3	2,3689302700E-4
7,6985148431E+3	2,3685899000E-4
7,6990661548E+3	2,3697143200E-4
7,6996217082E+3	2,3685889700E-4
7,7001722444E+3	2,3659319500E-4
7,7007305361E+3	2,3663853200E-4
7,7012818144E+3	2,3650434300E-4
7,7018369874E+3	2,3643716800E-4
7,7023878322E+3	2,3640453800E-4
7,7029454674E+3	2,3633565600E-4
7,7034965563E+3	2,3641650600E-4
7,7040538205E+3	2,3639734300E-4
7,7046047074E+3	2,3622356000E-4
7,7051647274E+3	2,3615110400E-4
7,7057155939E+3	2,3593848700E-4
7,7062721692E+3	2,3599099500E-4
7,7068238118E+3	2,3597625900E-4
7,7073753380E+3	2,3580344500E-4
7,7079308568E+3	2,3573311000E-4
7,7084840810E+3	2,3554403800E-4
7,7090423755E+3	2,3532577100E-4
7,7095946414E+3	2,3550089200E-4
7,7101531168E+3	2,3539935700E-4
7,7107038747E+3	2,3528011100E-4
7,7112647624E+3	2,3518597900E-4
7,7118168188E+3	2,3512482200E-4
7,7123761252E+3	2,3510132400E-4
7,7129284693E+3	2,3500795200E-4
7,7134858460E+3	2,3512805100E-4
7,7140392751E+3	2,3492940800E-4
7,7145930391E+3	2,3479927800E-4
7,7151463190E+3	2,3486500100E-4
7,7156998681E+3	2,3488105100E-4
7,7162525257E+3	2,3475161200E-4
7,7168126586E+3	2,3465005400E-4
7,7173647301E+3	2,3452225300E-4
7,7179207271E+3	2,3446082100E-4
7,7184730960E+3	2,3418686300E-4
7,7190277878E+3	2,3428201000E-4
7,7195792719E+3	2,3434752500E-4
7,7201400206E+3	2,3420593400E-4
7,7206922604E+3	2,3424460600E-4
7,7212507827E+3	2,3417314200E-4
7,7218019329E+3	2,3391728600E-4
7,7223627329E+3	2,3398400000E-4
7,7229154847E+3	2,3376857000E-4
7,7234748556E+3	2,3384443800E-4
7,7240272505E+3	2,3389860700E-4
7,7245797422E+3	2,3365495100E-4
7,7251314213E+3	2,3377811700E-4
7,7256865101E+3	2,3368820400E-4
7,7262385791E+3	2,3355302400E-4
7,7267995835E+3	2,3350895500E-4
7,7273513129E+3	2,3330782200E-4
7,7279063002E+3	2,3340271600E-4
7,7284569935E+3	2,3320612600E-4
7,7290084608E+3	2,3299793600E-4
7,7295638520E+3	2,3296486800E-4
7,7301149927E+3	2,3304680100E-4
7,7306709341E+3	2,3310205400E-4
7,7312223044E+3	2,3290018300E-4
7,7317787912E+3	2,3280284500E-4
7,7323295965E+3	2,3266123100E-4
7,7328904285E+3	2,3260554000E-4
7,7334410335E+3	2,3243272500E-4
7,7339970408E+3	2,3248189000E-4
7,7345487393E+3	2,3248419600E-4
7,7350998051E+3	2,3217583200E-4
7,7356565086E+3	2,3233285000E-4
7,7362074471E+3	2,3193718000E-4
7,7367639951E+3	2,3204457200E-4
7,7373159062E+3	2,3209152300E-4
7,7378743215E+3	2,3202139600E-4
7,7384258483E+3	2,3208437400E-4
7,7389842296E+3	2,3193321300E-4
7,7395363766E+3	2,3188796900E-4
7,7400909255E+3	2,3194903300E-4
7,7406420650E+3	2,3172566900E-4
7,7411944661E+3	2,3157187900E-4
7,7417504743E+3	2,3168625900E-4
7,7423016770E+3	2,3137884100E-4
7,7428622164E+3	2,3141001800E-4
7,7434143201E+3	2,3129356300E-4
7,7439726946E+3	2,3133020600E-4
7,7445235694E+3	2,3130917500E-4
7,7450816952E+3	2,3108099200E-4
7,7456315386E+3	2,3083498400E-4
7,7461907763E+3	2,3098093300E-4
7,7467416607E+3	2,3077260500E-4
7,7472915981E+3	2,3057885100E-4
7,7478486483E+3	2,3041588300E-4
7,7483996867E+3	2,3049689500E-4
7,7489575550E+3	2,3031324100E-4
7,7495099079E+3	2,3024595100E-4
7,7500668670E+3	2,3031967500E-4
7,7506204801E+3	2,3017739200E-4
7,7511756278E+3	2,3004449500E-4
7,7517267743E+3	2,2980904800E-4
7,7522835767E+3	2,2988985200E-4
7,7528366286E+3	2,2961534100E-4
7,7533926445E+3	2,2952695000E-4
7,7539449671E+3	2,2944418600E-4
7,7545037016E+3	2,2934855500E-4
7,7550553476E+3	2,2962006800E-4
7,7556105606E+3	2,2942382400E-4
7,7561618042E+3	2,2914034200E-4
7,7567115715E+3	2,2920913100E-4
7,7572704324E+3	2,2913561500E-4
7,7578218311E+3	2,2888227300E-4
7,7583783030E+3	2,2873413300E-4
7,7589290562E+3	2,2860517900E-4
7,7594797088E+3	2,2863043000E-4
7,7600365835E+3	2,2854273100E-4
7,7605876360E+3	2,2837983200E-4
7,7611451905E+3	2,2860836100E-4
7,7616965923E+3	2,2845175800E-4
7,7622493792E+3	2,2839648200E-4
7,7628043774E+3	2,2843925900E-4
7,7633564598E+3	2,2823365200E-4
7,7639106219E+3	2,2832513300E-4
7,7644617205E+3	2,2821820200E-4
7,7650197570E+3	2,2790969900E-4
7,7655708335E+3	2,2801928200E-4
7,7661297537E+3	2,2790949200E-4
7,7666812930E+3	2,2777458800E-4
7,7672384180E+3	2,2794532800E-4
7,7677908933E+3	2,2758323300E-4
7,7683441628E+3	2,2756183300E-4
7,7688974005E+3	2,2781971700E-4
7,7694476736E+3	2,2768539000E-4
7,7700077587E+3	2,2760350300E-4
7,7705585745E+3	2,2735442700E-4
7,7711193948E+3	2,2741482300E-4
7,7716695706E+3	2,2734248200E-4
7,7722295436E+3	2,2732830000E-4
7,7727796918E+3	2,2713168700E-4
7,7733376617E+3	2,2716943700E-4
7,7738888641E+3	2,2700840600E-4
7,7744460385E+3	2,2686206400E-4
7,7749967875E+3	2,2676368800E-4
7,7755578047E+3	2,2689478700E-4
7,7761091303E+3	2,2685535400E-4
7,7766686422E+3	2,2673504700E-4
7,7772204188E+3	2,2681047800E-4
7,7777789833E+3	2,2648991500E-4
7,7783318042E+3	2,2634285900E-4
7,7788916210E+3	2,2655185500E-4
7,7794428477E+3	2,2646187300E-4
7,7799978054E+3	2,2638501300E-4
7,7805505134E+3	2,2640023300E-4
7,7811057637E+3	2,2632007500E-4
7,7816566671E+3	2,2609154600E-4
7,7822157685E+3	2,2617092000E-4
7,7827675348E+3	2,2586435500E-4
7,7833247817E+3	2,2602570900E-4
7,7838758266E+3	2,2587450100E-4
7,7844345173E+3	2,2574783000E-4
7,7849855450E+3	2,2569197800E-4
7,7855426090E+3	2,2568296100E-4
7,7860947095E+3	2,2572324800E-4
7,7866508098E+3	2,2586297100E-4
7,7872015362E+3	2,2551519700E-4
7,7877526944E+3	2,2550408200E-4
7,7883094730E+3	2,2553378400E-4
7,7888622721E+3	2,2529499300E-4
7,7894168889E+3	2,2541273900E-4
7,7899686613E+3	2,2523203800E-4
7,7905264897E+3	2,2522901700E-4
7,7910765691E+3	2,2540745900E-4
7,7916358356E+3	2,2523510500E-4
7,7921865609E+3	2,2507169900E-4
7,7927443494E+3	2,2519368800E-4
7,7932946547E+3	2,2507661100E-4
7,7938458300E+3	2,2518407200E-4
7,7944025536E+3	2,2501141900E-4
7,7949545460E+3	2,2500380900E-4
7,7955108704E+3	2,2481155400E-4
7,7960610179E+3	2,2484204000E-4
7,7966127144E+3	2,2482820400E-4
7,7971696386E+3	2,2500530800E-4
7,7977208120E+3	2,2470469200E-4
7,7982786323E+3	2,2475865300E-4
7,7988298408E+3	2,2468167800E-4
7,7993859475E+3	2,2468054800E-4
7,7999386546E+3	2,2471149500E-4
7,8004966505E+3	2,2474716900E-4
7,8010466627E+3	2,2473054300E-4
7,8016038522E+3	2,2491193600E-4
7,8021559745E+3	2,2460730800E-4
7,8027075588E+3	2,2463546500E-4
7,8032656594E+3	2,2460043600E-4
7,8038178478E+3	2,2455782000E-4
7,8043719378E+3	2,2446211900E-4
7,8049228277E+3	2,2443806700E-4
7,8054807417E+3	2,2435680200E-4
7,8060322817E+3	2,2441945800E-4
7,8065896597E+3	2,2426140100E-4
7,8071423283E+3	2,2428596100E-4
7,8076966240E+3	2,2443786000E-4
7,8082483773E+3	2,2402099600E-4
7,8087990072E+3	2,2403457900E-4
7,8093567967E+3	2,2406386600E-4
7,8099076226E+3	2,2392423500E-4
7,8104644923E+3	2,2399729000E-4
7,8110148967E+3	2,2388865300E-4
7,8115708470E+3	2,2390666300E-4
7,8121215663E+3	2,2399505400E-4
7,8126822263E+3	2,2392877800E-4
7,8132342481E+3	2,2376585600E-4
7,8137896103E+3	2,2386736800E-4
7,8143415792E+3	2,2362883100E-4
7,8148915144E+3	2,2368668900E-4
7,8154498068E+3	2,2350940100E-4
7,8160008811E+3	2,2325938000E-4
7,8165570945E+3	2,2334560300E-4
7,8171080381E+3	2,2338630400E-4
7,8176646991E+3	2,2320410400E-4
7,8182157992E+3	2,2318362600E-4
7,8187738058E+3	2,2320285900E-4
7,8193245085E+3	2,2297559800E-4
7,8198828766E+3	2,2297781200E-4
7,8204340560E+3	2,2262773200E-4
7,8209921947E+3	2,2266827200E-4
7,8215431753E+3	2,2275387200E-4
7,8221045323E+3	2,2260340300E-4
7,8226559154E+3	2,2266174600E-4
7,8232122956E+3	2,2264392000E-4
7,8237637558E+3	2,2250844000E-4
7,8243183681E+3	2,2248300400E-4
7,8248691456E+3	2,2237406700E-4
7,8254296578E+3	2,2222332100E-4
7,8259821100E+3	2,2224582800E-4
7,8265382283E+3	2,2198538300E-4
7,8270891964E+3	2,2210924100E-4
7,8276458636E+3	2,2198411500E-4
7,8281972437E+3	2,2208615800E-4
7,8287566186E+3	2,2182716600E-4
7,8293082697E+3	2,2163666400E-4
7,8298655768E+3	2,2182140100E-4
7,8304183027E+3	2,2185301700E-4
7,8309715524E+3	2,2169920400E-4
7,8315223529E+3	2,2151310600E-4
7,8320808269E+3	2,2134084500E-4
7,8326336121E+3	2,2121491200E-4
7,8331887613E+3	2,2119399600E-4
7,8337401953E+3	2,2113553800E-4
7,8342927350E+3	2,2116415600E-4
7,8348478361E+3	2,2118142800E-4
7,8353996228E+3	2,2103508600E-4
7,8359579120E+3	2,2106414200E-4
7,8365085311E+3	2,2120960800E-4
7,8370685183E+3	2,2099117900E-4
7,8376197637E+3	2,2080203800E-4
7,8381788360E+3	2,2060902200E-4
7,8387299381E+3	2,2058789900E-4
7,8392881379E+3	2,2067882600E-4
7,8398397780E+3	2,2071593000E-4
7,8403966728E+3	2,2063192100E-4
7,8409470361E+3	2,2055842700E-4
7,8415077492E+3	2,2031149600E-4
7,8420575301E+3	2,2048142900E-4
7,8426174234E+3	2,2026991800E-4
7,8431685697E+3	2,2013547600E-4
7,8437228933E+3	2,2011382200E-4
7,8442744504E+3	2,2009989400E-4
7,8448345588E+3	2,1998459200E-4
7,8453852166E+3	2,2013300900E-4
7,8459407344E+3	2,2000080300E-4
7,8464923061E+3	2,2007946200E-4
7,8470504081E+3	2,1989853000E-4
7,8476017141E+3	2,1979911700E-4
7,8481559743E+3	2,1985487700E-4
7,8487074562E+3	2,1982187700E-4
7,8492639322E+3	2,1951881700E-4
7,8498146289E+3	2,1962411100E-4
7,8503651630E+3	2,1945989800E-4
7,8509207331E+3	2,1951439000E-4
7,8514732707E+3	2,1932012900E-4
7,8520279086E+3	2,1914320900E-4
7,8525786771E+3	2,1931685400E-4
7,8531377498E+3	2,1916737600E-4
7,8536887407E+3	2,1920579500E-4
7,8542493595E+3	2,1923196900E-4
7,8548008085E+3	2,1900440800E-4
7,8553569735E+3	2,1900263300E-4
7,8559088236E+3	2,1902557800E-4
7,8564657296E+3	2,1890990700E-4
7,8570166902E+3	2,1875943700E-4
7,8575755545E+3	2,1877292800E-4
7,8581276683E+3	2,1869044100E-4
7,8586840217E+3	2,1872360100E-4
7,8592364930E+3	2,1855456900E-4
7,8597875080E+3	2,1861021300E-4
7,8603444537E+3	2,1843799800E-4
7,8608965424E+3	2,1821126800E-4
7,8614493142E+3	2,1827890400E-4
7,8620004901E+3	2,1818608600E-4
7,8625587712E+3	2,1789658500E-4
7,8631108290E+3	2,1800347000E-4
7,8636696684E+3	2,1799567600E-4
7,8642208360E+3	2,1817451000E-4
7,8647775746E+3	2,1815444700E-4
7,8653301726E+3	2,1804735400E-4
7,8658833690E+3	2,1809451300E-4
7,8664357879E+3	2,1815564600E-4
7,8669867047E+3	2,1784979600E-4
7,8675454596E+3	2,1774607000E-4
7,8680976105E+3	2,1768528300E-4
7,8686577775E+3	2,1761351900E-4
7,8692098125E+3	2,1759802200E-4
7,8697687784E+3	2,1774164200E-4
7,8703193499E+3	2,1744633100E-4
7,8708765819E+3	2,1736222900E-4
7,8714289975E+3	2,1738644300E-4
7,8719836145E+3	2,1723747200E-4
7,8725337934E+3	2,1715837500E-4
7,8730961812E+3	2,1712175500E-4
7,8736476895E+3	2,1720027600E-4
7,8742046478E+3	2,1715625300E-4
7,8747556859E+3	2,1710499000E-4
7,8753117657E+3	2,1710791900E-4
7,8758632957E+3	2,1693289000E-4
7,8764228512E+3	2,1696708900E-4
7,8769749756E+3	2,1663119100E-4
7,8775314827E+3	2,1683216200E-4
7,8780841577E+3	2,1690201200E-4
7,8786396362E+3	2,1656509900E-4
7,8791919633E+3	2,1670745100E-4
7,8797503065E+3	2,1660790000E-4
7,8803006998E+3	2,1668715800E-4
7,8808566805E+3	2,1661062100E-4
7,8814065903E+3	2,1637109200E-4
7,8819647789E+3	2,1637381300E-4
7,8825165250E+3	2,1618856900E-4
7,8830767362E+3	2,1611016300E-4
7,8836271941E+3	2,1617078900E-4
7,8841853641E+3	2,1614685200E-4
7,8847368451E+3	2,1613804300E-4
7,8852949636E+3	2,1608604200E-4
7,8858479271E+3	2,1599071000E-4
7,8864061549E+3	2,1582262300E-4
7,8869585903E+3	2,1591073700E-4
7,8875167330E+3	2,1574449400E-4
7,8880685901E+3	2,1562063700E-4
7,8886275885E+3	2,1568220800E-4
7,8891800760E+3	2,1565066100E-4
7,8897402555E+3	2,1553600500E-4
7,8902929175E+3	2,1541339300E-4
7,8908496247E+3	2,1557991200E-4
7,8914007639E+3	2,1526774300E-4
7,8919583212E+3	2,1506467300E-4
7,8925097223E+3	2,1509455900E-4
7,8930657391E+3	2,1511600500E-4
7,8936167941E+3	2,1523654200E-4
7,8941767601E+3	2,1521816300E-4
7,8947274056E+3	2,1507966200E-4
7,8952841074E+3	2,1520460300E-4
7,8958368265E+3	2,1480116100E-4
7,8963938353E+3	2,1485994200E-4
7,8969443864E+3	2,1464446600E-4
7,8975038931E+3	2,1476857700E-4
7,8980554848E+3	2,1480409000E-4
7,8986141843E+3	2,1467836400E-4
7,8991658999E+3	2,1483738900E-4
7,8997228471E+3	2,1467347600E-4
7,9002754495E+3	2,1480879400E-4
7,9008341615E+3	2,1448581000E-4
7,9013855241E+3	2,1446812300E-4
7,9019454735E+3	2,1459073500E-4
7,9024957746E+3	2,1454514400E-4
7,9030576488E+3	2,1443486900E-4
7,9036078310E+3	2,1461441800E-4
7,9041690379E+3	2,1436264400E-4
7,9047213429E+3	2,1433986000E-4
7,9052793173E+3	2,1414689100E-4
7,9058299018E+3	2,1410803400E-4
7,9063876198E+3	2,1409984800E-4
7,9069384933E+3	2,1392292800E-4
7,9074954835E+3	2,1405285000E-4
7,9080467997E+3	2,1394811000E-4
7,9086063973E+3	2,1405481100E-4
7,9091577493E+3	2,1384247000E-4
7,9097168757E+3	2,1393452700E-4
7,9102676071E+3	2,1385351600E-4
7,9108281935E+3	2,1365275200E-4
7,9113797963E+3	2,1367311400E-4
7,9119405698E+3	2,1369635900E-4
7,9124928723E+3	2,1379884000E-4
7,9130518644E+3	2,1362607100E-4
7,9136036272E+3	2,1366285200E-4
7,9141604990E+3	2,1342104100E-4
7,9147103989E+3	2,1330260300E-4
7,9152716205E+3	2,1333435700E-4
7,9158244039E+3	2,1343400100E-4
7,9163827382E+3	2,1340215400E-4
7,9169326730E+3	2,1361398700E-4
7,9174936638E+3	2,1340605200E-4
7,9180441432E+3	2,1317985200E-4
7,9186060223E+3	2,1319075900E-4
7,9191579878E+3	2,1304460200E-4
7,9197174099E+3	2,1310379900E-4
7,9202677444E+3	2,1311122400E-4
7,9208279302E+3	2,1294618100E-4
7,9213787327E+3	2,1307234400E-4
7,9219386280E+3	2,1300392400E-4
7,9224898605E+3	2,1281134600E-4
7,9230515296E+3	2,1281425200E-4
7,9236027291E+3	2,1290850000E-4
7,9241569347E+3	2,1290559400E-4
7,9247078897E+3	2,1296954100E-4
7,9252655168E+3	2,1284856600E-4
7,9258166862E+3	2,1284210900E-4
7,9263746033E+3	2,1274790700E-4
7,9269268367E+3	2,1248760100E-4
7,9274836795E+3	2,1246078200E-4
7,9280339029E+3	2,1235405800E-4
7,9285854058E+3	2,1228646800E-4
7,9291404580E+3	2,1220259700E-4
7,9296907533E+3	2,1232463300E-4
7,9302496247E+3	2,1219969200E-4
7,9308015965E+3	2,1222480400E-4
7,9313528199E+3	2,1218484100E-4
7,9319121382E+3	2,1185749800E-4
7,9324642713E+3	2,1210931800E-4
7,9330165516E+3	2,1198739700E-4
7,9335665755E+3	2,1183725100E-4
7,9341265476E+3	2,1189870700E-4
7,9346781844E+3	2,1183595900E-4
7,9352366311E+3	2,1174747700E-4
7,9357875264E+3	2,1163604900E-4
7,9363436960E+3	2,1166383600E-4
7,9368948451E+3	2,1170001800E-4
7,9374458093E+3	2,1184933400E-4
7,9380049813E+3	2,1145880600E-4
7,9385570354E+3	2,1149459600E-4
7,9391109036E+3	2,1137581200E-4
7,9396634603E+3	2,1131267200E-4
7,9402191790E+3	2,1133690900E-4
7,9407708751E+3	2,1142972700E-4
7,9413304404E+3	2,1129809800E-4
7,9418812771E+3	2,1116390900E-4
7,9424398204E+3	2,1138771100E-4
7,9429910636E+3	2,1111668200E-4
7,9435514397E+3	2,1101129500E-4
7,9441029079E+3	2,1099434600E-4
7,9446627536E+3	2,1099517600E-4
7,9452135827E+3	2,1083532100E-4
7,9457706818E+3	2,1082282300E-4
7,9463236635E+3	2,1084281600E-4
7,9468833961E+3	2,1085148700E-4
7,9474352826E+3	2,1075484000E-4
7,9479931144E+3	2,1052299100E-4
7,9485445539E+3	2,1057992700E-4
7,9490996099E+3	2,1057404700E-4
7,9496497785E+3	2,1037030800E-4
7,9502086858E+3	2,1056579100E-4
7,9507597593E+3	2,1048549500E-4
7,9513202931E+3	2,1039039400E-4
7,9518706619E+3	2,1040042500E-4
7,9524277246E+3	2,1026065600E-4
7,9529798038E+3	2,1011000200E-4
7,9535348496E+3	2,1010647400E-4
7,9540869148E+3	2,0998847300E-4
7,9546483213E+3	2,0996165400E-4
7,9551994082E+3	2,1006300500E-4
7,9557538837E+3	2,1002961300E-4
7,9563057095E+3	2,0987464700E-4
7,9568624532E+3	2,0992459600E-4
7,9574146973E+3	2,0958512300E-4
7,9579719891E+3	2,0947466400E-4
7,9585245954E+3	2,0944053500E-4
7,9590795555E+3	2,0911589000E-4
7,9596302619E+3	2,0950833200E-4
7,9601892005E+3	2,0921666400E-4
7,9607403655E+3	2,0931670000E-4
7,9612996615E+3	2,0937647300E-4
7,9618505791E+3	2,0940954100E-4
7,9624056237E+3	2,0920949200E-4
7,9629559143E+3	2,0905000600E-4
7,9635165773E+3	2,0921078400E-4
7,9640674651E+3	2,0903621600E-4
7,9646265567E+3	2,0900204100E-4
7,9651766731E+3	2,0891489500E-4
7,9657336951E+3	2,0884691300E-4
7,9662855716E+3	2,0872575400E-4
7,9668425402E+3	2,0877399600E-4
7,9673942974E+3	2,0855483000E-4
7,9679496229E+3	2,0854821100E-4
7,9685005758E+3	2,0837818700E-4
7,9690576739E+3	2,0824681200E-4
7,9696104273E+3	2,0838736500E-4
7,9701646765E+3	2,0822299000E-4
7,9707147906E+3	2,0815606900E-4
7,9712747486E+3	2,0825435200E-4
7,9718267933E+3	2,0798954900E-4
7,9723838134E+3	2,0809841800E-4
7,9729365479E+3	2,0794089200E-4
7,9734876118E+3	2,0776099800E-4
7,9740446586E+3	2,0778112900E-4
7,9745963538E+3	2,0758730600E-4
7,9751516575E+3	2,0754586700E-4
7,9757044707E+3	2,0766887100E-4
7,9762558710E+3	2,0740997200E-4
7,9768110867E+3	2,0745964400E-4
7,9773627122E+3	2,0747262700E-4
7,9779180162E+3	2,0734487200E-4
7,9784687558E+3	2,0711837300E-4
7,9790284907E+3	2,0707859300E-4
7,9795798816E+3	2,0715464700E-4
7,9801380734E+3	2,0703060500E-4
7,9806887260E+3	2,0696499800E-4
7,9812495063E+3	2,0685131000E-4
7,9817995664E+3	2,0673365600E-4
7,9823591810E+3	2,0665273700E-4
7,9829097506E+3	2,0666825600E-4
7,9834707939E+3	2,0654481400E-4
7,9840205875E+3	2,0669982600E-4
7,9845786809E+3	2,0642031000E-4
7,9851316471E+3	2,0648469500E-4
7,9856830922E+3	2,0655768100E-4
7,9862386355E+3	2,0646050500E-4
7,9867897717E+3	2,0620395800E-4
7,9873457415E+3	2,0611404500E-4
7,9878967347E+3	2,0600056500E-4
7,9884577205E+3	2,0603992900E-4
7,9890088231E+3	2,0602632300E-4
7,9895655514E+3	2,0607410400E-4
7,9901185563E+3	2,0595587300E-4
7,9906747173E+3	2,0577602500E-4
7,9912268180E+3	2,0580422800E-4
7,9917836602E+3	2,0591448000E-4
7,9923353755E+3	2,0571906600E-4
7,9928943322E+3	2,0557634500E-4
7,9934448563E+3	2,0561649300E-4
7,9940032118E+3	2,0561614700E-4
7,9945544221E+3	2,0542421500E-4
7,9951095727E+3	2,0540832700E-4
7,9956602726E+3	2,0550019900E-4
7,9962202988E+3	2,0530042700E-4
7,9967707645E+3	2,0524056200E-4
7,9973275969E+3	2,0530660700E-4
7,9978793961E+3	2,0528873500E-4
7,9984297948E+3	2,0517511700E-4
7,9989876584E+3	2,0515244800E-4
7,9995385596E+3	2,0489989000E-4
8,0000945954E+3	2,0481604300E-4
8,0006458455E+3	2,0504888400E-4
8,0012023439E+3	2,0490881500E-4
8,0017544040E+3	2,0495399000E-4
8,0023127427E+3	2,0491066000E-4
8,0028645892E+3	2,0472767500E-4
8,0034237425E+3	2,0468028600E-4
8,0039741272E+3	2,0471220200E-4
8,0045355198E+3	2,0452017700E-4
8,0050871669E+3	2,0433297300E-4
8,0056454242E+3	2,0433209700E-4
8,0061976987E+3	2,0427407700E-4
8,0067532594E+3	2,0428745200E-4
8,0073046307E+3	2,0424801800E-4
8,0078562288E+3	2,0426093200E-4
8,0084145427E+3	2,0411486700E-4
8,0089658349E+3	2,0390139700E-4
8,0095208278E+3	2,0383217000E-4
8,0100728434E+3	2,0409383600E-4
8,0106258415E+3	2,0389874500E-4
8,0111805244E+3	2,0384137100E-4
8,0117345847E+3	2,0387919000E-4
8,0122877940E+3	2,0356208600E-4
8,0128384658E+3	2,0356545300E-4
8,0133982753E+3	2,0361793800E-4
8,0139490878E+3	2,0352641100E-4
8,0145065631E+3	2,0362033700E-4
8,0150577926E+3	2,0344263300E-4
8,0156155381E+3	2,0328021800E-4
8,0161662839E+3	2,0345022000E-4
8,0167184417E+3	2,0321869300E-4
8,0172748521E+3	2,0315144900E-4
8,0178268600E+3	2,0333102000E-4
8,0183816401E+3	2,0304892200E-4
8,0189317648E+3	2,0311745800E-4
8,0194897628E+3	2,0303017400E-4
8,0200412915E+3	2,0301848200E-4
8,0205996689E+3	2,0312170100E-4
8,0211524389E+3	2,0302256400E-4
8,0217073209E+3	2,0296878700E-4
8,0222581524E+3	2,0288945900E-4
8,0228161840E+3	2,0269010200E-4
8,0233678185E+3	2,0287636100E-4
8,0239256022E+3	2,0285867400E-4
8,0244756098E+3	2,0285812000E-4
8,0250328071E+3	2,0270241600E-4
8,0255838026E+3	2,0274475500E-4
8,0261414596E+3	2,0265256000E-4
8,0266915613E+3	2,0249233600E-4
8,0272488235E+3	2,0235330400E-4
8,0278018103E+3	2,0241450700E-4
8,0283575472E+3	2,0225935600E-4
8,0289098219E+3	2,0213146300E-4
8,0294665121E+3	2,0220156700E-4
8,0300187910E+3	2,0219190500E-4
8,0305754221E+3	2,0216404800E-4
8,0311264524E+3	2,0186564600E-4
8,0316846973E+3	2,0198599800E-4
8,0322366596E+3	2,0198671300E-4
8,0327873079E+3	2,0192329700E-4
8,0333446053E+3	2,0174720700E-4
8,0338957789E+3	2,0165171400E-4
8,0344504123E+3	2,0163056800E-4
8,0350024327E+3	2,0165676400E-4
8,0355596521E+3	2,0145219500E-4
8,0361111896E+3	2,0155437600E-4
8,0366712208E+3	2,0131906700E-4
8,0372226625E+3	2,0130792900E-4
8,0377797652E+3	2,0124635800E-4
8,0383324540E+3	2,0128383100E-4
8,0388867789E+3	2,0124965600E-4
8,0394400901E+3	2,0128438500E-4
8,0399981293E+3	2,0125941000E-4
8,0405501968E+3	2,0101748300E-4
8,0411067470E+3	2,0121626400E-4
8,0416574880E+3	2,0109194500E-4
8,0422085071E+3	2,0091421900E-4
8,0427655334E+3	2,0090725400E-4
8,0433159941E+3	2,0077938400E-4
8,0438769100E+3	2,0100699100E-4
8,0444296426E+3	2,0090999900E-4
8,0449878270E+3	2,0083821100E-4
8,0455391804E+3	2,0082087000E-4
8,0460977925E+3	2,0069085500E-4
8,0466492880E+3	2,0044902100E-4
8,0472067822E+3	2,0038726500E-4
8,0477585693E+3	2,0053851800E-4
8,0483154115E+3	2,0022293600E-4
8,0488674341E+3	2,0043094100E-4
8,0494258743E+3	2,0020935400E-4
8,0499767857E+3	2,0015142600E-4
8,0505324857E+3	2,0013731300E-4
8,0510826319E+3	2,0002457000E-4
8,0516436330E+3	2,0001758300E-4
8,0521947835E+3	1,9977934600E-4
8,0527493490E+3	1,9972556900E-4
8,0533006422E+3	1,9971060300E-4
8,0538556065E+3	1,9974881400E-4
8,0544056210E+3	1,9947843000E-4
8,0549574151E+3	1,9950100600E-4
8,0555131587E+3	1,9952081500E-4
8,0560661439E+3	1,9935766300E-4
8,0566213332E+3	1,9932143500E-4
8,0571716536E+3	1,9951066900E-4
8,0577308472E+3	1,9946461700E-4
8,0582826773E+3	1,9944017300E-4
8,0588397351E+3	1,9917707700E-4
8,0593906261E+3	1,9918989800E-4
8,0599477371E+3	1,9907683300E-4
8,0604985769E+3	1,9911246100E-4
8,0610508261E+3	1,9913921100E-4
8,0616068615E+3	1,9909426700E-4
8,0621589488E+3	1,9896427500E-4
8,0627167438E+3	1,9900892000E-4
8,0632682943E+3	1,9886186400E-4
8,0638302388E+3	1,9872751400E-4
8,0643824650E+3	1,9873367100E-4
8,0649396896E+3	1,9880026900E-4
8,0654897487E+3	1,9875269600E-4
8,0660498330E+3	1,9875746900E-4
8,0666026417E+3	1,9855894200E-4
8,0671605991E+3	1,9874727600E-4
8,0677118079E+3	1,9852891700E-4
8,0682697819E+3	1,9848351100E-4
8,0688205025E+3	1,9834800800E-4
8,0693763182E+3	1,9829144100E-4
8,0699266553E+3	1,9836334300E-4
8,0704853890E+3	1,9848983000E-4
8,0710374124E+3	1,9846266500E-4
8,0715972745E+3	1,9837858600E-4
8,0721477674E+3	1,9834501000E-4
8,0727054795E+3	1,9842611400E-4
8,0732566977E+3	1,9825440600E-4
8,0738136174E+3	1,9825445200E-4
8,0743647730E+3	1,9834976100E-4
8,0749234190E+3	1,9817498600E-4
8,0754739332E+3	1,9820521800E-4
8,0760339647E+3	1,9833841500E-4
8,0765855807E+3	1,9817194200E-4
8,0771406503E+3	1,9805664000E-4
8,0776914904E+3	1,9817424800E-4
8,0782495343E+3	1,9810054700E-4
8,0788006002E+3	1,9801637600E-4
8,0793558038E+3	1,9819638600E-4
8,0799067403E+3	1,9798453000E-4
8,0804577389E+3	1,9818165000E-4
8,0810145791E+3	1,9810794900E-4
8,0815666136E+3	1,9796792600E-4
8,0821215723E+3	1,9810562000E-4
8,0826727451E+3	1,9787277900E-4
8,0832312222E+3	1,9796306100E-4
8,0837844867E+3	1,9792669400E-4
8,0843426848E+3	1,9780823300E-4
8,0848943441E+3	1,9805777000E-4
8,0854497042E+3	1,9777119800E-4
8,0859997981E+3	1,9777846200E-4
8,0865507046E+3	1,9794435900E-4
8,0871103683E+3	1,9770067900E-4
8,0876605483E+3	1,9777560200E-4
8,0882147815E+3	1,9770764300E-4
8,0887656022E+3	1,9741090200E-4
8,0893249651E+3	1,9748176600E-4
8,0898757984E+3	1,9751594200E-4
8,0904353576E+3	1,9746730700E-4
8,0909874356E+3	1,9743322400E-4
8,0915472472E+3	1,9740753500E-4
8,0920974317E+3	1,9732509400E-4
8,0926568281E+3	1,9714017200E-4
8,0932076739E+3	1,9738569700E-4
8,0937708035E+3	1,9719750000E-4
8,0943227112E+3	1,9729463100E-4
8,0948768424E+3	1,9724233000E-4
8,0954293681E+3	1,9711335300E-4
8,0959846470E+3	1,9689379500E-4
8,0965345636E+3	1,9703506300E-4
8,0970959035E+3	1,9663902300E-4
8,0976473915E+3	1,9658838200E-4
8,0982042843E+3	1,9654837300E-4
8,0987574416E+3	1,9616188000E-4
8,0993107958E+3	1,9640046300E-4
8,0998608983E+3	1,9639875600E-4
8,1004231018E+3	1,9640864900E-4
8,1009738203E+3	1,9632113500E-4
8,1015296614E+3	1,9617458600E-4
8,1020801288E+3	1,9609085400E-4
8,1026396847E+3	1,9620071400E-4
8,1031924364E+3	1,9613197000E-4
8,1037495918E+3	1,9597578200E-4
8,1043000373E+3	1,9599381500E-4
8,1048579007E+3	1,9603168100E-4
8,1054109535E+3	1,9592391900E-4
8,1059664290E+3	1,9587632300E-4
8,1065193957E+3	1,9582695000E-4
8,1070773685E+3	1,9581495900E-4
8,1076277620E+3	1,9570588300E-4
8,1081865790E+3	1,9580013100E-4
8,1087388456E+3	1,9585455300E-4
8,1092978064E+3	1,9576971400E-4
8,1098503644E+3	1,9561809200E-4
8,1104089143E+3	1,9579323600E-4
8,1109602295E+3	1,9562275000E-4
8,1115164354E+3	1,9553795700E-4
8,1120677818E+3	1,9570694400E-4
8,1126186100E+3	1,9563469500E-4
8,1131746200E+3	1,9556055600E-4
8,1137275017E+3	1,9571503800E-4
8,1142818123E+3	1,9555426100E-4
8,1148331467E+3	1,9524119200E-4
8,1153931586E+3	1,9550532600E-4
8,1159444393E+3	1,9518845300E-4
8,1165015792E+3	1,9548196600E-4
8,1170518240E+3	1,9541135500E-4
8,1176136571E+3	1,9542805100E-4
8,1181645886E+3	1,9527511400E-4
8,1187231588E+3	1,9516610800E-4
8,1192753931E+3	1,9507013000E-4
8,1198346563E+3	1,9514000300E-4
8,1203847250E+3	1,9500729000E-4
8,1209449088E+3	1,9509017000E-4
8,1214963102E+3	1,9506807800E-4
8,1220543422E+3	1,9506118300E-4
8,1226064859E+3	1,9505020600E-4
8,1231643979E+3	1,9497394500E-4
8,1237152905E+3	1,9488527800E-4
8,1242775471E+3	1,9481385900E-4
8,1248282555E+3	1,9478720200E-4
8,1253846828E+3	1,9485684400E-4
8,1259357601E+3	1,9472551500E-4
8,1264866554E+3	1,9449553300E-4
8,1270418642E+3	1,9446216500E-4
8,1275942868E+3	1,9469558300E-4
8,1281489475E+3	1,9456856600E-4
8,1286998119E+3	1,9442888900E-4
8,1292585578E+3	1,9443536900E-4
8,1298099462E+3	1,9425180800E-4
8,1303683990E+3	1,9423513500E-4
8,1309197725E+3	1,9428330800E-4
8,1314777730E+3	1,9405351100E-4
8,1320295416E+3	1,9417607700E-4
8,1325808426E+3	1,9406432600E-4
8,1331397067E+3	1,9383900300E-4
8,1336916789E+3	1,9418119700E-4
8,1342457174E+3	1,9403238800E-4
8,1347974131E+3	1,9410804900E-4
8,1353555696E+3	1,9391056000E-4
8,1359067886E+3	1,9386190200E-4
8,1364655821E+3	1,9372948900E-4
8,1370166589E+3	1,9368622800E-4
8,1375729276E+3	1,9351424300E-4
8,1381241692E+3	1,9385055600E-4
8,1386820677E+3	1,9341512900E-4
8,1392325903E+3	1,9327734300E-4
8,1397934067E+3	1,9328875800E-4
8,1403456933E+3	1,9320394200E-4
8,1409009371E+3	1,9314615300E-4
8,1414531395E+3	1,9317917500E-4
8,1420060138E+3	1,9296681200E-4
8,1425597710E+3	1,9308983900E-4
8,1431107634E+3	1,9303140400E-4
8,1436715886E+3	1,9289806800E-4
8,1442232489E+3	1,9295440500E-4
8,1447805519E+3	1,9276332600E-4
8,1453307929E+3	1,9257443800E-4
8,1458935270E+3	1,9270957300E-4
8,1464444667E+3	1,9259339400E-4
8,1469976732E+3	1,9234867700E-4
8,1475482359E+3	1,9254162300E-4
8,1481076023E+3	1,9235628700E-4
8,1486588568E+3	1,9243356200E-4
8,1492184060E+3	1,9244486200E-4
8,1497688898E+3	1,9238868700E-4
8,1503266776E+3	1,9242722100E-4
8,1508788011E+3	1,9227414600E-4
8,1514342271E+3	1,9232457900E-4
8,1519864341E+3	1,9223581900E-4
8,1525449085E+3	1,9213972600E-4
8,1530966028E+3	1,9232245700E-4
8,1536529263E+3	1,9223639600E-4
8,1542053947E+3	1,9212070100E-4
8,1547619864E+3	1,9192990000E-4
8,1553135380E+3	1,9199133200E-4
8,1558707792E+3	1,9197698900E-4
8,1564228712E+3	1,9203639300E-4
8,1569797712E+3	1,9204245700E-4
8,1575306896E+3	1,9184962600E-4
8,1580807843E+3	1,9180502700E-4
8,1586384946E+3	1,9188394000E-4
8,1591904341E+3	1,9186521500E-4
8,1597497227E+3	1,9187593800E-4
8,1602996041E+3	1,9173801400E-4
8,1608607361E+3	1,9176388700E-4
8,1614115621E+3	1,9138719500E-4
8,1619708245E+3	1,9166811800E-4
8,1625219367E+3	1,9169509800E-4
8,1630817778E+3	1,9149225900E-4
8,1636330512E+3	1,9157811300E-4
8,1641927751E+3	1,9151319800E-4
8,1647451639E+3	1,9123130700E-4
8,1652997711E+3	1,9123324400E-4
8,1658521232E+3	1,9118555500E-4
8,1664085077E+3	1,9100513000E-4
8,1669598375E+3	1,9104271900E-4
8,1675194859E+3	1,9109467400E-4
8,1680709124E+3	1,9103158100E-4
8,1686278079E+3	1,9088959800E-4
8,1691789043E+3	1,9089033500E-4
8,1697375057E+3	1,9063930000E-4
8,1702894531E+3	1,9076691600E-4
8,1708468455E+3	1,9070504500E-4
8,1713976213E+3	1,9063973800E-4
8,1719574348E+3	1,9061813000E-4
8,1725090340E+3	1,9041941900E-4
8,1730652592E+3	1,9048896900E-4
8,1736171986E+3	1,9026636600E-4
8,1741760819E+3	1,9034645500E-4
8,1747267122E+3	1,9005146600E-4
8,1752829816E+3	1,9018807600E-4
8,1758337724E+3	1,9019308000E-4
8,1763847008E+3	1,9016024200E-4
8,1769422053E+3	1,9006085200E-4
8,1774928656E+3	1,8999762000E-4
8,1780495429E+3	1,9012911100E-4
8,1786002713E+3	1,9011652000E-4
8,1791560847E+3	1,9006129000E-4
8,1797073380E+3	1,8989751500E-4
8,1802665990E+3	1,9004390300E-4
8,1808179146E+3	1,8974960500E-4
8,1813774984E+3	1,9005289600E-4
8,1819294491E+3	1,8981500500E-4
8,1824856886E+3	1,8989447100E-4
8,1830371728E+3	1,8968609700E-4
8,1835966365E+3	1,8950654800E-4
8,1841469324E+3	1,8944811300E-4
8,1847046385E+3	1,8958984300E-4
8,1852546626E+3	1,8940137000E-4
8,1858055694E+3	1,8950221300E-4
8,1863645633E+3	1,8954741200E-4
8,1869162998E+3	1,8938977000E-4
8,1874730498E+3	1,8963566400E-4
8,1880255520E+3	1,8942293100E-4
8,1885829400E+3	1,8928768200E-4
8,1891355462E+3	1,8905230400E-4
8,1896943940E+3	1,8909492000E-4
8,1902445991E+3	1,8899267000E-4
8,1908015888E+3	1,8905647800E-4
8,1913537532E+3	1,8897816500E-4
8,1919096275E+3	1,8896098500E-4
8,1924621355E+3	1,8899029500E-4
8,1930211047E+3	1,8907797000E-4
8,1935725293E+3	1,8907338100E-4
8,1941278731E+3	1,8895455100E-4
8,1946793454E+3	1,8892793900E-4
8,1952376005E+3	1,8881224500E-4
8,1957888986E+3	1,8870157800E-4
8,1963505700E+3	1,8869832700E-4
8,1969014646E+3	1,8883452200E-4
8,1974544680E+3	1,8871945000E-4
8,1980055873E+3	1,8867681100E-4
8,1985647642E+3	1,8868474400E-4
8,1991156585E+3	1,8862946800E-4
8,1996745941E+3	1,8858120300E-4
8,2002261829E+3	1,8850648700E-4
8,2007828295E+3	1,8827226200E-4
8,2013335495E+3	1,8806624000E-4
8,2018935391E+3	1,8808584200E-4
8,2024441898E+3	1,8815543800E-4
8,2030023636E+3	1,8805724700E-4
8,2035530625E+3	1,8807237400E-4
8,2041156555E+3	1,8776110500E-4
8,2046656326E+3	1,8778573300E-4
8,2052245633E+3	1,8792149000E-4
8,2057772157E+3	1,8768613500E-4
8,2063355698E+3	1,8771115600E-4
8,2068868800E+3	1,8771634500E-4
8,2074486435E+3	1,8778870800E-4
8,2079992690E+3	1,8750566400E-4
8,2085543729E+3	1,8729228600E-4
8,2091056608E+3	1,8723624900E-4
8,2096556586E+3	1,8747035900E-4
8,2102155708E+3	1,8721810100E-4
8,2107658705E+3	1,8730340100E-4
8,2113195997E+3	1,8723034600E-4
8,2118711724E+3	1,8726528300E-4
8,2124297223E+3	1,8727561400E-4
8,2129806309E+3	1,8722326600E-4
8,2135404590E+3	1,8702079600E-4
8,2140917940E+3	1,8727817300E-4
8,2146486621E+3	1,8703631600E-4
8,2152001151E+3	1,8708490400E-4
8,2157511234E+3	1,8713411500E-4
8,2163017116E+3	1,8689876000E-4
8,2168599444E+3	1,8683903400E-4
8,2174121647E+3	1,8688075000E-4
8,2179697437E+3	1,8672131000E-4
8,2185196006E+3	1,8671538400E-4
8,2190767067E+3	1,8663587100E-4
8,2196274167E+3	1,8650996100E-4
8,2201777438E+3	1,8659590800E-4
8,2207354012E+3	1,8633290300E-4
8,2212855660E+3	1,8639569700E-4
8,2218438025E+3	1,8641958800E-4
8,2223962808E+3	1,8627527500E-4
8,2229510793E+3	1,8626367600E-4
8,2235027118E+3	1,8633449500E-4
8,2240622601E+3	1,8602421700E-4
8,2246138677E+3	1,8631083500E-4
8,2251718768E+3	1,8622133700E-4
8,2257254709E+3	1,8600943500E-4
8,2262756376E+3	1,8601545400E-4
8,2268288774E+3	1,8585160900E-4
8,2273797551E+3	1,8594664100E-4
8,2279358531E+3	1,8580846300E-4
8,2284876957E+3	1,8578095200E-4
8,2290383230E+3	1,8577818500E-4
8,2295953346E+3	1,8555876500E-4
8,2301456318E+3	1,8563735500E-4
8,2307027228E+3	1,8553844900E-4
8,2312543574E+3	1,8547544800E-4
8,2318094513E+3	1,8555698900E-4
8,2323614438E+3	1,8561503200E-4
8,2329197894E+3	1,8536886200E-4
8,2334706140E+3	1,8534824600E-4
8,2340309466E+3	1,8528393100E-4
8,2345824866E+3	1,8517801400E-4
8,2351430847E+3	1,8516254100E-4
8,2356948215E+3	1,8501873600E-4
8,2362527454E+3	1,8500623700E-4
8,2368044024E+3	1,8512038600E-4
8,2373636479E+3	1,8498758100E-4
8,2379156887E+3	1,8498905700E-4
8,2384722995E+3	1,8507364300E-4
8,2390234322E+3	1,8470366100E-4
8,2395792151E+3	1,8452298300E-4
8,2401304226E+3	1,8446671500E-4
8,2406906229E+3	1,8430630700E-4
8,2412406769E+3	1,8438985500E-4
8,2418038533E+3	1,8453476700E-4
8,2423551126E+3	1,8439190700E-4
8,2429147221E+3	1,8431375600E-4
8,2434645695E+3	1,8430609900E-4
8,2440255904E+3	1,8405909900E-4
8,2445755343E+3	1,8398911100E-4
8,2451363431E+3	1,8404888300E-4
8,2456883976E+3	1,8408255200E-4
8,2462445395E+3	1,8389592400E-4
8,2467958547E+3	1,8386294700E-4
8,2473527614E+3	1,8367518900E-4
8,2479035029E+3	1,8353387500E-4
8,2484643535E+3	1,8356975700E-4
8,2490167752E+3	1,8331422400E-4
8,2495727141E+3	1,8326877200E-4
8,2501238383E+3	1,8321395800E-4
8,2506811411E+3	1,8311376000E-4
8,2512317265E+3	1,8315061100E-4
8,2517897242E+3	1,8325735700E-4
8,2523419436E+3	1,8331330200E-4
8,2528996406E+3	1,8328890400E-4
8,2534506968E+3	1,8307981500E-4
8,2540069541E+3	1,8314044100E-4
8,2545585458E+3	1,8298473700E-4
8,2551195656E+3	1,8308950100E-4
8,2556696702E+3	1,8307105200E-4
8,2562245269E+3	1,8300018800E-4
8,2567751873E+3	1,8310589700E-4
8,2573336217E+3	1,8299124000E-4
8,2578841814E+3	1,8304849900E-4
8,2584444770E+3	1,8279428100E-4
8,2589959930E+3	1,8283602000E-4
8,2595527614E+3	1,8288650000E-4
8,2601052835E+3	1,8245976600E-4
8,2606605345E+3	1,8283602000E-4
8,2612106341E+3	1,8263472600E-4
8,2617724962E+3	1,8271993400E-4
8,2623243894E+3	1,8271599100E-4
8,2628795775E+3	1,8237289800E-4
8,2634310146E+3	1,8240149300E-4
8,2639876733E+3	1,8242679000E-4
8,2645392034E+3	1,8256139400E-4