8,6968649184E+3	-3,7751578300E-5
8,6974166356E+3	-3,7538523000E-5
8,6979668280E+3	-3,7799774500E-5
8,6985540763E+3	-3,7576734100E-5
8,6991062558E+3	-3,7620618100E-5
8,6996618184E+3	-3,7478565900E-5
8,7002131190E+3	-3,7558954500E-5
8,7007990501E+3	-3,7252965700E-5
8,7013503360E+3	-3,5544718500E-5
8,7019077005E+3	-3,3086546300E-5
8,7024584519E+3	-3,0369174800E-5
8,7030188630E+3	-2,7472831400E-5
8,7035697839E+3	-2,4348627900E-5
8,7041304517E+3	-2,1168018600E-5
8,7046817303E+3	-1,8316158700E-5
8,7052416044E+3	-1,5218474700E-5
8,7057944244E+3	-1,2256962500E-5
8,7063517316E+3	-9,5267694500E-6
8,7069044137E+3	-6,5095893900E-6
8,7074635915E+3	-3,5686932200E-6
8,7080137346E+3	-5,3765384000E-7
8,7085744869E+3	2,3899364700E-6
8,7091251435E+3	5,3198558700E-6
8,7096839030E+3	8,3381428400E-6
8,7102364474E+3	1,1126471200E-5
8,7107932034E+3	1,3935600100E-5
8,7113453341E+3	1,7073709100E-5
8,7118962574E+3	2,0006257400E-5
8,7124508136E+3	2,2730685300E-5
8,7130009839E+3	2,5692105300E-5
8,7135617230E+3	2,8608834100E-5
8,7141128101E+3	3,1605490400E-5
8,7146722297E+3	3,4456358700E-5
8,7152235763E+3	3,7167549900E-5
8,7157845552E+3	3,9975249100E-5
8,7163352488E+3	4,2926061200E-5
8,7168916316E+3	4,5718932500E-5
8,7174442355E+3	4,8719693600E-5
8,7180005440E+3	5,1236370100E-5
8,7185524441E+3	5,4172631200E-5
8,7191124044E+3	5,6867749300E-5
8,7196627426E+3	5,9853659500E-5
8,7202183480E+3	6,2766329700E-5
8,7207692006E+3	6,5300855000E-5
8,7213266401E+3	6,8208751700E-5
8,7218765641E+3	7,1078022200E-5
8,7224348028E+3	7,3847717800E-5
8,7229864227E+3	7,6566588200E-5
8,7235408325E+3	7,9539838100E-5
8,7240930891E+3	8,2390475800E-5
8,7246464165E+3	8,5184546200E-5
8,7252024079E+3	8,8186760100E-5
8,7257545717E+3	9,0852360900E-5
8,7263097741E+3	9,3632525900E-5
8,7268624855E+3	9,6329465800E-5
8,7274224750E+3	9,9218591300E-5
8,7279726841E+3	1,0185631200E-4
8,7285307206E+3	1,0464637000E-4
8,7290824074E+3	1,0734757600E-4
8,7296388647E+3	1,1013954800E-4
8,7301897772E+3	1,1289882000E-4
8,7307478247E+3	1,1567686400E-4
8,7312988184E+3	1,1848912900E-4
8,7318558711E+3	1,2102100200E-4
8,7324069409E+3	1,2388593700E-4
8,7329636072E+3	1,2651616400E-4
8,7335141549E+3	1,2917201000E-4
8,7340649582E+3	1,3198872600E-4
8,7346226956E+3	1,3445849700E-4
8,7351731136E+3	1,3714374600E-4
8,7357304050E+3	1,3985574400E-4
8,7362823617E+3	1,4248590100E-4
8,7368385909E+3	1,4529881200E-4
8,7373896643E+3	1,4783896400E-4
8,7379487838E+3	1,5062782300E-4
8,7384995513E+3	1,5302982000E-4
8,7390623727E+3	1,5590580100E-4
8,7396128294E+3	1,5842586700E-4
8,7401717323E+3	1,6112721200E-4
8,7407244896E+3	1,6384352200E-4
8,7412835248E+3	1,6663644000E-4
8,7418346786E+3	1,6909834800E-4
8,7423938899E+3	1,7159415500E-4
8,7429448673E+3	1,7425396700E-4
8,7435009916E+3	1,7665107600E-4
8,7440519194E+3	1,7943398500E-4
8,7446107624E+3	1,8189623900E-4
8,7451616108E+3	1,8459101100E-4
8,7457209656E+3	1,8715143300E-4
8,7462736579E+3	1,8989597000E-4
8,7468303992E+3	1,9244405500E-4
8,7473815184E+3	1,9482709600E-4
8,7479321531E+3	1,9740460600E-4
8,7484871519E+3	2,0010198400E-4
8,7490381604E+3	2,0270013300E-4
8,7495991221E+3	2,0517149600E-4
8,7501501733E+3	2,0787422400E-4
8,7507090440E+3	2,1039814200E-4
8,7512601262E+3	2,1309971700E-4
8,7518201653E+3	2,1558659900E-4
8,7523711529E+3	2,1809050000E-4
8,7529331847E+3	2,2068811900E-4
8,7534841532E+3	2,2300154100E-4
8,7540411782E+3	2,2554679000E-4
8,7545931749E+3	2,2814777500E-4
8,7551490635E+3	2,3071504600E-4
8,7557001519E+3	2,3319187400E-4
8,7562601674E+3	2,3566356000E-4
8,7568121198E+3	2,3811481400E-4
8,7573691725E+3	2,4043771400E-4
8,7579211688E+3	2,4313119500E-4
8,7584791327E+3	2,4561311900E-4
8,7590301278E+3	2,4832979900E-4
8,7595921537E+3	2,5062318200E-4
8,7601430535E+3	2,5300905900E-4
8,7607001558E+3	2,5563651800E-4
8,7612511631E+3	2,5814065000E-4
8,7618025554E+3	2,6043594700E-4
8,7623586544E+3	2,6293138400E-4
8,7629099360E+3	2,6524750400E-4
8,7634668758E+3	2,6769299400E-4
8,7640175217E+3	2,7017397300E-4
8,7645744278E+3	2,7255703700E-4
8,7651247857E+3	2,7528778400E-4
8,7656862605E+3	2,7732152900E-4
8,7662373223E+3	2,7999976700E-4
8,7667924498E+3	2,8263774100E-4
8,7673429429E+3	2,8478701900E-4
8,7678947125E+3	2,8702346500E-4
8,7684507735E+3	2,8962382800E-4
8,7690015519E+3	2,9165708900E-4
8,7695604700E+3	2,9415810800E-4
8,7701125439E+3	2,9674491100E-4
8,7706681058E+3	2,9886886800E-4
8,7712197311E+3	3,0146632600E-4
8,7717794784E+3	3,0376118400E-4
8,7723315891E+3	3,0630767800E-4
8,7728887761E+3	3,0869962000E-4
8,7734400366E+3	3,1104701000E-4
8,7740008875E+3	3,1327301000E-4
8,7745527181E+3	3,1558315800E-4
8,7751110463E+3	3,1789704100E-4
8,7756630823E+3	3,2042289600E-4
8,7762197289E+3	3,2271572500E-4
8,7767708868E+3	3,2493418400E-4
8,7773295680E+3	3,2716032200E-4
8,7778797309E+3	3,2965320000E-4
8,7784377721E+3	3,3164612800E-4
8,7789887648E+3	3,3417352800E-4
8,7795465924E+3	3,3627055100E-4
8,7800977139E+3	3,3875932500E-4
8,7806538943E+3	3,4122307700E-4
8,7812044965E+3	3,4372790100E-4
8,7817661899E+3	3,4591965600E-4
8,7823169771E+3	3,4805922600E-4
8,7828717071E+3	3,5027830700E-4
8,7834245535E+3	3,5267931300E-4
8,7839807865E+3	3,5486182100E-4
8,7845314860E+3	3,5732670400E-4
8,7850935694E+3	3,5953091100E-4
8,7856446770E+3	3,6192712000E-4
8,7861986280E+3	3,6407725100E-4
8,7867515261E+3	3,6625687700E-4
8,7873083449E+3	3,6860834900E-4
8,7878601426E+3	3,7077598300E-4
8,7884184991E+3	3,7322776700E-4
8,7889693578E+3	3,7536844300E-4
8,7895266965E+3	3,7753257200E-4
8,7900788660E+3	3,7980266400E-4
8,7906372683E+3	3,8201305200E-4
8,7911887866E+3	3,8414478100E-4
8,7917486054E+3	3,8644099900E-4
8,7922996314E+3	3,8861269200E-4
8,7928585574E+3	3,9092475300E-4
8,7934101966E+3	3,9315831700E-4
8,7939634979E+3	3,9504793500E-4
8,7945148132E+3	3,9734320800E-4
8,7950761485E+3	3,9960601200E-4
8,7956266457E+3	4,0184508800E-4
8,7961820740E+3	4,0404062500E-4
8,7967328602E+3	4,0609743000E-4
8,7972904208E+3	4,0807534600E-4
8,7978410081E+3	4,1041551800E-4
8,7983996715E+3	4,1250809100E-4
8,7989498205E+3	4,1474585100E-4
8,7995097381E+3	4,1685984700E-4
8,8000608511E+3	4,1895982100E-4
8,8006158525E+3	4,2108970500E-4
8,8011676930E+3	4,2323771500E-4
8,8017266393E+3	4,2548839000E-4
8,8022775469E+3	4,2754210500E-4
8,8028338122E+3	4,2950415500E-4
8,8033847997E+3	4,3187345300E-4
8,8039413417E+3	4,3397548000E-4
8,8044945497E+3	4,3622876000E-4
8,8050517850E+3	4,3836816800E-4
8,8056035412E+3	4,4026980000E-4
8,8061593759E+3	4,4225617900E-4
8,8067124303E+3	4,4434997400E-4
8,8072671165E+3	4,4647321600E-4
8,8078173807E+3	4,4867866900E-4
8,8083781561E+3	4,5070708800E-4
8,8089288956E+3	4,5300826400E-4
8,8094863970E+3	4,5489977300E-4
8,8100394979E+3	4,5689085600E-4
8,8105953668E+3	4,5913770300E-4
8,8111456963E+3	4,6101092400E-4
8,8117047308E+3	4,6319324800E-4
8,8122557502E+3	4,6500240700E-4
8,8128134041E+3	4,6726689500E-4
8,8133648142E+3	4,6947984300E-4
8,8139206591E+3	4,7146398500E-4
8,8144729883E+3	4,7348177200E-4
8,8150326778E+3	4,7543321500E-4
8,8155854492E+3	4,7772657400E-4
8,8161389994E+3	4,7964308000E-4
8,8166907489E+3	4,8170083100E-4
8,8172466289E+3	4,8362061200E-4
8,8177977185E+3	4,8553536500E-4
8,8183585140E+3	4,8773823500E-4
8,8189095032E+3	4,8964339600E-4
8,8194646105E+3	4,9165933800E-4
8,8200154767E+3	4,9376916000E-4
8,8205728218E+3	4,9576017400E-4
8,8211254932E+3	4,9761882100E-4
8,8216809373E+3	4,9966958500E-4
8,8222337798E+3	5,0143539100E-4
8,8227875287E+3	5,0372072500E-4
8,8233394408E+3	5,0562530900E-4
8,8238897681E+3	5,0739282100E-4
8,8244458457E+3	5,0945131000E-4
8,8249975200E+3	5,1142493700E-4
8,8255539907E+3	5,1340843300E-4
8,8261064662E+3	5,1557586000E-4
8,8266605968E+3	5,1721398000E-4
8,8272124478E+3	5,1918726100E-4
8,8277709300E+3	5,2123712500E-4
8,8283223385E+3	5,2299299200E-4
8,8288797349E+3	5,2498174700E-4
8,8294303791E+3	5,2681498100E-4
8,8299827849E+3	5,2879695600E-4
8,8305386967E+3	5,3094893200E-4
8,8310896481E+3	5,3273673800E-4
8,8316468096E+3	5,3454566700E-4
8,8321987088E+3	5,3664543400E-4
8,8327547386E+3	5,3838236800E-4
8,8333071682E+3	5,4028261600E-4
8,8338639146E+3	5,4216999700E-4
8,8344148030E+3	5,4439608900E-4
8,8349742881E+3	5,4612144700E-4
8,8355247674E+3	5,4811211600E-4
8,8360806757E+3	5,4999686700E-4
8,8366309695E+3	5,5202872200E-4
8,8371918648E+3	5,5382141600E-4
8,8377425953E+3	5,5545575500E-4
8,8383011529E+3	5,5726408400E-4
8,8388524564E+3	5,5913949600E-4
8,8394095543E+3	5,6126047900E-4
8,8399598017E+3	5,6302792200E-4
8,8405218607E+3	5,6488244200E-4
8,8410737967E+3	5,6663886200E-4
8,8416293070E+3	5,6840439200E-4
8,8421798073E+3	5,7022448200E-4
8,8427317287E+3	5,7231412600E-4
8,8432823508E+3	5,7382868800E-4
8,8438376400E+3	5,7554353100E-4
8,8443885995E+3	5,7734046800E-4
8,8449477140E+3	5,7925203900E-4
8,8454985878E+3	5,8124028600E-4
8,8460557108E+3	5,8318010600E-4
8,8466069926E+3	5,8477593400E-4
8,8471659508E+3	5,8678286000E-4
8,8477191882E+3	5,8818415000E-4
8,8482747389E+3	5,9034020700E-4
8,8488255719E+3	5,9193739600E-4
8,8493825658E+3	5,9343307200E-4
8,8499345345E+3	5,9547002200E-4
8,8504897286E+3	5,9719810200E-4
8,8510399710E+3	5,9906113000E-4
8,8516015450E+3	6,0094952600E-4
8,8521535702E+3	6,0268420000E-4
8,8527086934E+3	6,0426051900E-4
8,8532587731E+3	6,0612382400E-4
8,8538162802E+3	6,0780610500E-4
8,8543675243E+3	6,0970766800E-4
8,8549268063E+3	6,1137888000E-4
8,8554775064E+3	6,1347641100E-4
8,8560358143E+3	6,1523084800E-4
8,8565877673E+3	6,1664145400E-4
8,8571437165E+3	6,1863761100E-4
8,8576946327E+3	6,2038137100E-4
8,8582540525E+3	6,2214678500E-4
8,8588058975E+3	6,2411734500E-4
8,8593624812E+3	6,2569168000E-4
8,8599130040E+3	6,2745066000E-4
8,8604654550E+3	6,2930914600E-4
8,8610207627E+3	6,3091599700E-4
8,8615720532E+3	6,3254627700E-4
8,8621281336E+3	6,3439902000E-4
8,8626789045E+3	6,3610457000E-4
8,8632358456E+3	6,3772182000E-4
8,8637876481E+3	6,3956949100E-4
8,8643467233E+3	6,4123011800E-4
8,8648976451E+3	6,4298995200E-4
8,8654528572E+3	6,4473495700E-4
8,8660045261E+3	6,4630232800E-4
8,8665621602E+3	6,4790689600E-4
8,8671150062E+3	6,4975611100E-4
8,8676731987E+3	6,5123553000E-4
8,8682242431E+3	6,5309159500E-4
8,8687795108E+3	6,5483212600E-4
8,8693325243E+3	6,5632554300E-4
8,8698876870E+3	6,5810186400E-4
8,8704387875E+3	6,5993908900E-4
8,8710001092E+3	6,6145079200E-4
8,8715509241E+3	6,6304565100E-4
8,8721097525E+3	6,6468098100E-4
8,8726602493E+3	6,6655609400E-4
8,8732225656E+3	6,6809431600E-4
8,8737737189E+3	6,6992171700E-4
8,8743322699E+3	6,7155485600E-4
8,8748829072E+3	6,7308678300E-4
8,8754395140E+3	6,7495730700E-4
8,8759896117E+3	6,7650367000E-4
8,8765407898E+3	6,7817651900E-4
8,8770999056E+3	6,7987572700E-4
8,8776509960E+3	6,8137264800E-4
8,8782056391E+3	6,8319758100E-4
8,8787572908E+3	6,8474701100E-4
8,8793157810E+3	6,8614647900E-4
8,8798668335E+3	6,8799182100E-4
8,8804265833E+3	6,8975232300E-4
8,8809779517E+3	6,9114810100E-4
8,8815330358E+3	6,9322776000E-4
8,8820846042E+3	6,9456408900E-4
8,8826358747E+3	6,9607392400E-4
8,8831902349E+3	6,9771864000E-4
8,8837423629E+3	6,9920880400E-4
8,8843022665E+3	7,0079105000E-4
8,8848527798E+3	7,0259190700E-4
8,8854145605E+3	7,0402820300E-4
8,8859666785E+3	7,0566731500E-4
8,8865245853E+3	7,0721132600E-4
8,8870745719E+3	7,0894879100E-4
8,8876331099E+3	7,1032044800E-4
8,8881847639E+3	7,1191809700E-4
8,8887407884E+3	7,1386700300E-4
8,8892925375E+3	7,1508846800E-4
8,8898482333E+3	7,1679687700E-4
8,8903988168E+3	7,1825150500E-4
8,8909546695E+3	7,1991628400E-4
8,8915057713E+3	7,2145319200E-4
8,8920571258E+3	7,2296362700E-4
8,8926145760E+3	7,2448879700E-4
8,8931658506E+3	7,2609580900E-4
8,8937208438E+3	7,2783477300E-4
8,8942721919E+3	7,2906926700E-4
8,8948287770E+3	7,3063251000E-4
8,8953796240E+3	7,3207685400E-4
8,8959386733E+3	7,3373506000E-4
8,8964903406E+3	7,3530482900E-4
8,8970477928E+3	7,3680096700E-4
8,8975998214E+3	7,3833875100E-4
8,8981557305E+3	7,3975839700E-4
8,8987068124E+3	7,4119259400E-4
8,8992681199E+3	7,4270224500E-4
8,8998192098E+3	7,4414061600E-4
8,9003744577E+3	7,4573932600E-4
8,9009258218E+3	7,4703629100E-4
8,9014824167E+3	7,4868093700E-4
8,9020327502E+3	7,4999669600E-4
8,9025936271E+3	7,5158828100E-4
8,9031460740E+3	7,5302155500E-4
8,9037054778E+3	7,5469216800E-4
8,9042566142E+3	7,5601595200E-4
8,9048174816E+3	7,5760465400E-4
8,9053693950E+3	7,5908628600E-4
8,9059277426E+3	7,6057128500E-4
8,9064792614E+3	7,6203631400E-4
8,9070378011E+3	7,6361178000E-4
8,9075894297E+3	7,6497444300E-4
8,9081448197E+3	7,6648065800E-4
8,9086958427E+3	7,6773166300E-4
8,9092468574E+3	7,6924122200E-4
8,9098047648E+3	7,7083050000E-4
8,9103557592E+3	7,7204306400E-4
8,9109113940E+3	7,7354549700E-4
8,9114616414E+3	7,7508955400E-4
8,9120217332E+3	7,7662314100E-4
8,9125743678E+3	7,7791664700E-4
8,9131308106E+3	7,7961663800E-4
8,9136811322E+3	7,8091618500E-4
8,9142397542E+3	7,8244048000E-4
8,9147897028E+3	7,8378910000E-4
8,9153408023E+3	7,8525154600E-4
8,9158976752E+3	7,8666581900E-4
8,9164495302E+3	7,8785940300E-4
8,9170048681E+3	7,8932551600E-4
8,9175562093E+3	7,9061277200E-4
8,9181127844E+3	7,9189915200E-4
8,9186640641E+3	7,9368128500E-4
8,9192221197E+3	7,9499969500E-4
8,9197732862E+3	7,9645243300E-4
8,9203306045E+3	7,9783894100E-4
8,9208822422E+3	7,9910641100E-4
8,9214338998E+3	8,0055529800E-4
8,9219895823E+3	8,0195972400E-4
8,9225411509E+3	8,0315358600E-4
8,9231005985E+3	8,0478492600E-4
8,9236506437E+3	8,0601291700E-4
8,9242118121E+3	8,0734818500E-4
8,9247635767E+3	8,0878561100E-4
8,9253224585E+3	8,1007957700E-4
8,9258739780E+3	8,1136821700E-4
8,9264297970E+3	8,1290533300E-4
8,9269807120E+3	8,1411939500E-4
8,9275365794E+3	8,1555220800E-4
8,9280881114E+3	8,1680851700E-4
8,9286489802E+3	8,1826088600E-4
8,9292017005E+3	8,1944792200E-4
8,9297566848E+3	8,2101743700E-4
8,9303091125E+3	8,2210672000E-4
8,9308646625E+3	8,2343958900E-4
8,9314164292E+3	8,2494734900E-4
8,9319746480E+3	8,2609931000E-4
8,9325258707E+3	8,2751434400E-4
8,9330838363E+3	8,2859541600E-4
8,9336364490E+3	8,3001972100E-4
8,9341944145E+3	8,3134140600E-4
8,9347468049E+3	8,3280489000E-4
8,9353045067E+3	8,3399951200E-4
8,9358563686E+3	8,3532029800E-4
8,9364108088E+3	8,3667613600E-4
8,9369646070E+3	8,3787214200E-4
8,9375205964E+3	8,3907624200E-4
8,9380716433E+3	8,4048396600E-4
8,9386317182E+3	8,4179631200E-4
8,9391838353E+3	8,4318069800E-4
8,9397378310E+3	8,4428139500E-4
8,9402903939E+3	8,4589396500E-4
8,9408456479E+3	8,4702789200E-4
8,9413966680E+3	8,4827393900E-4
8,9419565842E+3	8,4947778600E-4
8,9425083990E+3	8,5063795600E-4
8,9430646180E+3	8,5209373800E-4
8,9436160175E+3	8,5312850500E-4
8,9441720083E+3	8,5464378300E-4
8,9447225311E+3	8,5595546000E-4
8,9452833251E+3	8,5736793400E-4
8,9458341011E+3	8,5863962400E-4
8,9463907980E+3	8,5995566000E-4
8,9469409246E+3	8,6095281600E-4
8,9474928336E+3	8,6249209900E-4
8,9480493960E+3	8,6349435100E-4
8,9486024587E+3	8,6477173800E-4
8,9491552824E+3	8,6618693300E-4
8,9497061339E+3	8,6726719900E-4
8,9502653017E+3	8,6867063300E-4
8,9508169767E+3	8,6977963200E-4
8,9513758019E+3	8,7115433300E-4
8,9519276993E+3	8,7229485600E-4
8,9524853885E+3	8,7343005200E-4
8,9530355545E+3	8,7474848500E-4
8,9535858149E+3	8,7602266600E-4
8,9541438441E+3	8,7716261200E-4
8,9546946851E+3	8,7847184500E-4
8,9552528061E+3	8,7969340200E-4
8,9558048161E+3	8,8090912400E-4
8,9563652999E+3	8,8240046500E-4
8,9569167736E+3	8,8336079400E-4
8,9574739913E+3	8,8463435200E-4
8,9580264645E+3	8,8555079600E-4
8,9585805340E+3	8,8678591300E-4
8,9591324632E+3	8,8803396600E-4
8,9596904839E+3	8,8922916500E-4
8,9602408426E+3	8,9060008400E-4
8,9608017828E+3	8,9166637500E-4
8,9613526987E+3	8,9287167500E-4
8,9619097159E+3	8,9397753800E-4
8,9624608269E+3	8,9506070900E-4
8,9630183682E+3	8,9632047700E-4
8,9635697762E+3	8,9731325100E-4
8,9641295717E+3	8,9843936100E-4
8,9646796364E+3	8,9961223800E-4
8,9652384712E+3	9,0077418300E-4
8,9657900934E+3	9,0207562100E-4
8,9663458041E+3	9,0323768300E-4
8,9668962345E+3	9,0444300500E-4
8,9674567633E+3	9,0572735500E-4
8,9680070785E+3	9,0669008200E-4
8,9685652243E+3	9,0781674500E-4
8,9691177768E+3	9,0900825500E-4
8,9696730552E+3	9,1001569500E-4
8,9702238325E+3	9,1119565100E-4
8,9707849520E+3	9,1235515300E-4
8,9713375695E+3	9,1367554700E-4
8,9718953437E+3	9,1492237800E-4
8,9724478163E+3	9,1595251000E-4
8,9730045556E+3	9,1713458700E-4
8,9735556491E+3	9,1812316500E-4
8,9741148124E+3	9,1918578900E-4
8,9746658403E+3	9,2028443400E-4
8,9752248827E+3	9,2145375900E-4
8,9757766730E+3	9,2280134100E-4
8,9763382368E+3	9,2388605800E-4
8,9768897042E+3	9,2501959300E-4
8,9774488093E+3	9,2626446400E-4
8,9780008458E+3	9,2716718800E-4
8,9785554727E+3	9,2854693900E-4
8,9791075743E+3	9,2942747800E-4
8,9796638192E+3	9,3068519400E-4
8,9802147923E+3	9,3161957900E-4
8,9807751928E+3	9,3288283000E-4
8,9813266470E+3	9,3404104000E-4
8,9818817225E+3	9,3497415700E-4
8,9824328337E+3	9,3606837400E-4
8,9829838257E+3	9,3745990900E-4
8,9835403633E+3	9,3860329100E-4
8,9840905163E+3	9,3961921800E-4
8,9846516448E+3	9,4063770500E-4
8,9852025775E+3	9,4179508500E-4
8,9857613430E+3	9,4261769700E-4
8,9863122314E+3	9,4389289200E-4
8,9868720047E+3	9,4496471800E-4
8,9874225149E+3	9,4608570800E-4
8,9879910880E+3	9,4721290200E-4
8,9885415624E+3	9,4816110000E-4
8,9890934773E+3	9,4931633500E-4
8,9896445405E+3	9,5045243000E-4
8,9902015586E+3	9,5131002500E-4
8,9907518590E+3	9,5250686100E-4
8,9913107576E+3	9,5372198400E-4
8,9918622210E+3	9,5482401900E-4
8,9924180644E+3	9,5589815000E-4
8,9929701710E+3	9,5698049100E-4
8,9935266088E+3	9,5786031600E-4
8,9940776519E+3	9,5895824600E-4
8,9946363975E+3	9,5999236800E-4
8,9951876267E+3	9,6083292000E-4
8,9957464975E+3	9,6216383000E-4
8,9962985579E+3	9,6324822300E-4
8,9968518003E+3	9,6418756700E-4
8,9974045676E+3	9,6544014000E-4
8,9979626014E+3	9,6624831600E-4
8,9985127809E+3	9,6738325700E-4
8,9990705486E+3	9,6858431400E-4
8,9996221411E+3	9,6954556500E-4
9,0001777288E+3	9,7040943100E-4
9,0007298121E+3	9,7145674400E-4
9,0012899524E+3	9,7249476200E-4
9,0018408456E+3	9,7336723100E-4
9,0023980624E+3	9,7452723900E-4
9,0029504559E+3	9,7564846000E-4
9,0035097371E+3	9,7658487500E-4
9,0040597150E+3	9,7773750400E-4
9,0046203269E+3	9,7867774700E-4
9,0051707018E+3	9,7972655800E-4
9,0057278370E+3	9,8056342100E-4
9,0062783783E+3	9,8171909500E-4
9,0068347827E+3	9,8275925800E-4
9,0073863378E+3	9,8373024100E-4
9,0079474520E+3	9,8460157900E-4
9,0085002330E+3	9,8554106100E-4
9,0090555709E+3	9,8654059200E-4
9,0096069923E+3	9,8762035000E-4
9,0101578012E+3	9,8851615500E-4
9,0107134771E+3	9,8950431800E-4
9,0112655584E+3	9,9042401400E-4
9,0118208461E+3	9,9147711400E-4
9,0123728662E+3	9,9274027200E-4
9,0129296275E+3	9,9368842500E-4
9,0134825555E+3	9,9460802800E-4
9,0140415571E+3	9,9534983600E-4
9,0145925140E+3	9,9635314900E-4
9,0151477425E+3	9,9735104300E-4
9,0156990352E+3	9,9844941100E-4
9,0162496446E+3	9,9914805000E-4
9,0168078894E+3	1,0002818600E-3
9,0173587572E+3	1,0014012400E-3
9,0179143853E+3	1,0020795800E-3
9,0184656308E+3	1,0018895200E-3
9,0190228618E+3	1,0008383300E-3
9,0195744697E+3	9,9897975500E-4
9,0201340747E+3	9,9690314000E-4
9,0206848090E+3	9,9492139700E-4
9,0212427905E+3	9,9290794500E-4
9,0217945453E+3	9,9088478400E-4
9,0223455465E+3	9,8904276300E-4
9,0229015757E+3	9,8705087300E-4
9,0234527558E+3	9,8485210700E-4
9,0240104288E+3	9,8281667900E-4
9,0245610331E+3	9,8074472200E-4
9,0251186248E+3	9,7873267700E-4
9,0256695419E+3	9,7656393600E-4
9,0262281823E+3	9,7460599100E-4
9,0267787046E+3	9,7252900700E-4
9,0273374491E+3	9,7058024000E-4
9,0278885279E+3	9,6860190900E-4
9,0284395394E+3	9,6680165000E-4
9,0289947345E+3	9,6469752500E-4
9,0295455451E+3	9,6292512400E-4
9,0301033431E+3	9,6129924800E-4
9,0306536015E+3	9,5906895900E-4
9,0312044645E+3	9,5723254200E-4
9,0317618464E+3	9,5534592200E-4
9,0323125720E+3	9,5333784300E-4
9,0328687997E+3	9,5139154300E-4
9,0334197521E+3	9,4959315300E-4
9,0339787315E+3	9,4758841800E-4
9,0345295950E+3	9,4577436900E-4
9,0350890658E+3	9,4399599500E-4
9,0356409401E+3	9,4184913900E-4
9,0361976604E+3	9,4003511300E-4
9,0367500935E+3	9,3819627500E-4
9,0373038214E+3	9,3602033900E-4
9,0378546602E+3	9,3411289600E-4
9,0384147299E+3	9,3220420700E-4
9,0389653745E+3	9,3032109300E-4
9,0395216378E+3	9,2853570900E-4
9,0400722340E+3	9,2652181800E-4
9,0406244121E+3	9,2456444900E-4
9,0411851811E+3	9,2260860200E-4
9,0417365393E+3	9,2075924800E-4
9,0422925110E+3	9,1878098700E-4
9,0428431576E+3	9,1663244700E-4
9,0434002378E+3	9,1480636100E-4
9,0439517606E+3	9,1293279300E-4
9,0445114455E+3	9,1103992400E-4
9,0450617793E+3	9,0911041200E-4
9,0456213022E+3	9,0737762900E-4
9,0461726395E+3	9,0536664400E-4
9,0467345319E+3	9,0348918000E-4
9,0472862019E+3	9,0158152900E-4
9,0478469723E+3	8,9974225200E-4
9,0483982994E+3	8,9799072100E-4
9,0489558418E+3	8,9622749700E-4
9,0495076771E+3	8,9441128100E-4
9,0500644997E+3	8,9245762500E-4
9,0506174201E+3	8,9060151400E-4
9,0511720993E+3	8,8889359000E-4
9,0517224020E+3	8,8686032900E-4
9,0522841202E+3	8,8491027000E-4
9,0528365768E+3	8,8313480200E-4
9,0533917743E+3	8,8127424000E-4
9,0539446081E+3	8,7976216800E-4
9,0545014946E+3	8,7783505400E-4
9,0550533827E+3	8,7597781400E-4
9,0556117565E+3	8,7414047400E-4
9,0561643376E+3	8,7221891800E-4
9,0567215799E+3	8,7028412500E-4
9,0572721180E+3	8,6855023500E-4
9,0578329872E+3	8,6686117400E-4
9,0583839090E+3	8,6503794700E-4
9,0589463733E+3	8,6339406200E-4
9,0594967711E+3	8,6148445100E-4
9,0600523271E+3	8,5975155200E-4
9,0606027255E+3	8,5808186200E-4
9,0611528606E+3	8,5612739800E-4
9,0617147538E+3	8,5428872100E-4
9,0622659553E+3	8,5262807100E-4
9,0628195698E+3	8,5073045100E-4
9,0633708603E+3	8,4904637100E-4
9,0639286611E+3	8,4725902700E-4
9,0644797525E+3	8,4564689600E-4
9,0650388399E+3	8,4390299700E-4
9,0655906543E+3	8,4216235000E-4
9,0661479489E+3	8,4042686800E-4
9,0666990268E+3	8,3887875300E-4
9,0672504692E+3	8,3710570600E-4
9,0678068941E+3	8,3552779600E-4
9,0683594680E+3	8,3384911200E-4
9,0689138272E+3	8,3195462900E-4
9,0694648489E+3	8,3053512100E-4
9,0700244040E+3	8,2874634700E-4
9,0705761257E+3	8,2718178900E-4
9,0711345680E+3	8,2533421100E-4
9,0716853872E+3	8,2371020300E-4
9,0722439419E+3	8,2189922200E-4
9,0727948102E+3	8,2018463300E-4
9,0733544787E+3	8,1857792100E-4
9,0739046992E+3	8,1700582200E-4
9,0744648187E+3	8,1554086300E-4
9,0750176433E+3	8,1382429100E-4
9,0755758103E+3	8,1211034800E-4
9,0761257097E+3	8,1033633200E-4
9,0766833895E+3	8,0885820500E-4
9,0772353240E+3	8,0704344100E-4
9,0777911643E+3	8,0556517600E-4
9,0783424232E+3	8,0392357300E-4
9,0789026871E+3	8,0238299800E-4
9,0794538310E+3	8,0074499300E-4
9,0800090332E+3	7,9910113100E-4
9,0805612924E+3	7,9765206000E-4
9,0811187725E+3	7,9596156900E-4
9,0816695494E+3	7,9454319100E-4
9,0822296238E+3	7,9273209400E-4
9,0827815300E+3	7,9120060500E-4
9,0833369014E+3	7,8962292600E-4
9,0838890872E+3	7,8813880300E-4
9,0844448604E+3	7,8668101500E-4
9,0849958118E+3	7,8522020700E-4
9,0855558494E+3	7,8351661800E-4
9,0861080650E+3	7,8200851200E-4
9,0866628756E+3	7,8043313900E-4
9,0872154808E+3	7,7883020800E-4
9,0877705840E+3	7,7741381400E-4
9,0883208384E+3	7,7584104700E-4
9,0888803764E+3	7,7441469000E-4
9,0894321011E+3	7,7301732100E-4
9,0899845767E+3	7,7139887100E-4
9,0905348213E+3	7,6988848200E-4
9,0910952580E+3	7,6837514100E-4
9,0916456816E+3	7,6662508600E-4
9,0922064147E+3	7,6518348600E-4
9,0927587704E+3	7,6382310500E-4
9,0933138225E+3	7,6229263100E-4
9,0938647635E+3	7,6094431100E-4
9,0944155114E+3	7,5932874400E-4
9,0949726255E+3	7,5777606200E-4
9,0955245150E+3	7,5649994400E-4
9,0960800585E+3	7,5486431400E-4
9,0966324386E+3	7,5336870700E-4
9,0971907075E+3	7,5179794600E-4
9,0977423239E+3	7,5045071000E-4
9,0983007957E+3	7,4898388200E-4
9,0988510098E+3	7,4749941300E-4
9,0994085498E+3	7,4606334800E-4
9,0999612061E+3	7,4457009300E-4
9,1005156423E+3	7,4314887900E-4
9,1010671315E+3	7,4142801800E-4
9,1016268684E+3	7,4022260300E-4
9,1021783955E+3	7,3868804700E-4
9,1027356237E+3	7,3702250800E-4
9,1032866780E+3	7,3568504900E-4
9,1038421169E+3	7,3453878500E-4
9,1043944994E+3	7,3295743900E-4
9,1049491324E+3	7,3134950500E-4
9,1054997813E+3	7,3014671900E-4
9,1060577931E+3	7,2867581000E-4
9,1066095695E+3	7,2720762200E-4
9,1071608790E+3	7,2572342900E-4
9,1077187056E+3	7,2440252800E-4
9,1082685845E+3	7,2266474100E-4
9,1088260275E+3	7,2139853900E-4
9,1093782443E+3	7,1994148900E-4
9,1099338009E+3	7,1822261100E-4
9,1104838650E+3	7,1690440700E-4
9,1110475094E+3	7,1569661800E-4
9,1115986120E+3	7,1430526700E-4
9,1121544206E+3	7,1289401500E-4
9,1127056459E+3	7,1161517600E-4
9,1132566940E+3	7,1006659900E-4
9,1138125581E+3	7,0856672600E-4
9,1143638592E+3	7,0738079700E-4
9,1149198090E+3	7,0593910500E-4
9,1154715019E+3	7,0453435600E-4
9,1160314495E+3	7,0311415700E-4
9,1165817711E+3	7,0169640200E-4
9,1171377395E+3	7,0022493900E-4
9,1176877111E+3	6,9894434700E-4
9,1182488401E+3	6,9763283200E-4
9,1187996208E+3	6,9627441100E-4
9,1193591252E+3	6,9475715100E-4
9,1199106960E+3	6,9369210500E-4
9,1204648709E+3	6,9216379800E-4
9,1210162163E+3	6,9064704500E-4
9,1215737856E+3	6,8929694900E-4
9,1221243858E+3	6,8782553200E-4
9,1226852935E+3	6,8650267100E-4
9,1232370056E+3	6,8534056400E-4
9,1237929780E+3	6,8397870700E-4
9,1243442025E+3	6,8296291800E-4
9,1249016371E+3	6,8162246200E-4
9,1254545774E+3	6,8026362600E-4
9,1260129952E+3	6,7904536700E-4
9,1265638239E+3	6,7744103000E-4
9,1271213584E+3	6,7617072300E-4
9,1276725128E+3	6,7489937900E-4
9,1282287644E+3	6,7357213600E-4
9,1287809326E+3	6,7241475600E-4
9,1293408645E+3	6,7108357000E-4
9,1298924971E+3	6,6994950400E-4
9,1304470028E+3	6,6857457300E-4
9,1309993152E+3	6,6732310600E-4
9,1315573536E+3	6,6589605800E-4
9,1321077459E+3	6,6462247700E-4
9,1326638166E+3	6,6331296700E-4
9,1332146047E+3	6,6212692300E-4
9,1337720804E+3	6,6070434900E-4
9,1343244936E+3	6,5970255800E-4
9,1348745825E+3	6,5843690900E-4
9,1354318262E+3	6,5718101500E-4
9,1359839338E+3	6,5584927600E-4
9,1365368294E+3	6,5476112300E-4
9,1370883153E+3	6,5336580600E-4
9,1376467173E+3	6,5197134200E-4
9,1381974000E+3	6,5071976100E-4
9,1387581068E+3	6,4941742300E-4
9,1393099098E+3	6,4828259600E-4
9,1398678294E+3	6,4717076100E-4
9,1404193129E+3	6,4577318400E-4
9,1409801710E+3	6,4463778100E-4
9,1415305029E+3	6,4334676600E-4
9,1420910281E+3	6,4203239100E-4
9,1426421156E+3	6,4085893800E-4
9,1432015299E+3	6,3961381300E-4
9,1437528664E+3	6,3843127400E-4
9,1443138988E+3	6,3704352100E-4
9,1448659012E+3	6,3583649200E-4
9,1454203784E+3	6,3484454800E-4
9,1459707694E+3	6,3336773500E-4
9,1465294456E+3	6,3225426200E-4
9,1470814136E+3	6,3096684500E-4
9,1476381651E+3	6,2949137000E-4
9,1481897144E+3	6,2835368300E-4
9,1487458431E+3	6,2721366800E-4
9,1492976942E+3	6,2604123000E-4
9,1498538995E+3	6,2499855300E-4
9,1504049384E+3	6,2359135900E-4
9,1509662537E+3	6,2221951800E-4
9,1515178107E+3	6,2123843500E-4
9,1520735752E+3	6,2006668800E-4
9,1526247730E+3	6,1873573300E-4
9,1531823396E+3	6,1766847300E-4
9,1537343940E+3	6,1637448400E-4
9,1542931682E+3	6,1547849400E-4
9,1548446641E+3	6,1408638200E-4
9,1554048509E+3	6,1296682100E-4
9,1559557271E+3	6,1162795600E-4
9,1565125850E+3	6,1056016600E-4
9,1570626345E+3	6,0953619100E-4
9,1576237458E+3	6,0834320600E-4
9,1581747651E+3	6,0693979400E-4
9,1587345733E+3	6,0580164700E-4
9,1592857045E+3	6,0446633300E-4
9,1598423835E+3	6,0343080400E-4
9,1603943591E+3	6,0229916000E-4
9,1609536410E+3	6,0103016800E-4
9,1615038144E+3	5,9995712000E-4
9,1620597416E+3	5,9893192300E-4
9,1626131766E+3	5,9760265100E-4
9,1631678443E+3	5,9656200300E-4
9,1637204734E+3	5,9545660100E-4
9,1642788066E+3	5,9420269000E-4
9,1648307335E+3	5,9321076900E-4
9,1653845592E+3	5,9197844300E-4
9,1659358660E+3	5,9098105700E-4
9,1664944562E+3	5,8988178900E-4
9,1670453893E+3	5,8866184600E-4
9,1675957959E+3	5,8757510100E-4
9,1681475438E+3	5,8677024600E-4
9,1687038360E+3	5,8549023100E-4
9,1692563715E+3	5,8413584600E-4
9,1698136784E+3	5,8316244200E-4
9,1703647608E+3	5,8183300800E-4
9,1709229854E+3	5,8082335400E-4
9,1714748464E+3	5,7970307800E-4
9,1720262073E+3	5,7850156100E-4
9,1725820677E+3	5,7761816200E-4
9,1731327698E+3	5,7644978200E-4
9,1736883421E+3	5,7545391800E-4
9,1742395631E+3	5,7454621300E-4
9,1747976959E+3	5,7330521700E-4
9,1753487491E+3	5,7240694400E-4
9,1759082301E+3	5,7118912300E-4
9,1764594395E+3	5,6998975000E-4
9,1770154262E+3	5,6906055300E-4
9,1775681882E+3	5,6797678200E-4
9,1781187794E+3	5,6698216300E-4
9,1786735965E+3	5,6592765600E-4
9,1792240898E+3	5,6479608100E-4
9,1797807643E+3	5,6388537800E-4
9,1803315848E+3	5,6265754900E-4
9,1808898412E+3	5,6143361700E-4
9,1814428206E+3	5,6025649700E-4
9,1820007354E+3	5,5945413300E-4
9,1825521994E+3	5,5840430700E-4
9,1831087655E+3	5,5756795100E-4
9,1836611367E+3	5,5622917800E-4
9,1842115954E+3	5,5522362800E-4
9,1847674195E+3	5,5438787200E-4
9,1853188595E+3	5,5312748200E-4
9,1858765526E+3	5,5212340800E-4
9,1864266935E+3	5,5118886100E-4
9,1869794373E+3	5,5009040000E-4
9,1875348948E+3	5,4876578600E-4
9,1880859580E+3	5,4780845600E-4
9,1886366839E+3	5,4683023300E-4
9,1891946976E+3	5,4583789600E-4
9,1897466995E+3	5,4487517000E-4
9,1903005187E+3	5,4380454300E-4
9,1908511344E+3	5,4281077700E-4
9,1914108450E+3	5,4184406100E-4
9,1919633802E+3	5,4083512100E-4
9,1925208854E+3	5,3991143600E-4
9,1930725426E+3	5,3861949900E-4
9,1936295110E+3	5,3762102800E-4
9,1941823197E+3	5,3660224200E-4
9,1947365612E+3	5,3548309600E-4
9,1952866802E+3	5,3460751500E-4
9,1958492490E+3	5,3361462500E-4
9,1963997243E+3	5,3276660100E-4
9,1969546250E+3	5,3188705300E-4
9,1975044153E+3	5,3097404500E-4
9,1980555290E+3	5,2975036600E-4
9,1986159147E+3	5,2878881600E-4
9,1991669914E+3	5,2752632600E-4
9,1997232946E+3	5,2672536900E-4
9,2002746623E+3	5,2569745000E-4
9,2008318455E+3	5,2439513600E-4
9,2013825666E+3	5,2371499100E-4
9,2019411445E+3	5,2266191400E-4
9,2024925970E+3	5,2176555500E-4
9,2030507307E+3	5,2071508400E-4
9,2036015968E+3	5,1971027200E-4
9,2041527474E+3	5,1875923700E-4
9,2047078667E+3	5,1781756400E-4
9,2052606469E+3	5,1659623800E-4
9,2058152352E+3	5,1574440900E-4
9,2063672371E+3	5,1476291100E-4
9,2069247126E+3	5,1392235800E-4
9,2074766731E+3	5,1306767000E-4
9,2080356380E+3	5,1213077100E-4
9,2085866856E+3	5,1104414000E-4
9,2091436436E+3	5,1012165400E-4
9,2096937314E+3	5,0913443700E-4
9,2102456855E+3	5,0813269200E-4
9,2108035925E+3	5,0723474200E-4
9,2113546572E+3	5,0640322900E-4
9,2119096933E+3	5,0543764300E-4
9,2124606392E+3	5,0446147200E-4
9,2130212646E+3	5,0352362800E-4
9,2135722429E+3	5,0252557200E-4
9,2141302795E+3	5,0175288700E-4
9,2146812766E+3	5,0048331800E-4
9,2152392651E+3	4,9976567800E-4
9,2157912974E+3	4,9886004900E-4
9,2163422765E+3	4,9760828200E-4
9,2168972347E+3	4,9690805300E-4
9,2174482533E+3	4,9600941100E-4
9,2180083099E+3	4,9500208500E-4
9,2185602430E+3	4,9409405800E-4
9,2191192801E+3	4,9333790700E-4
9,2196702563E+3	4,9238680200E-4
9,2202312919E+3	4,9138139100E-4
9,2207822706E+3	4,9064032100E-4
9,2213382613E+3	4,8958210100E-4
9,2218892772E+3	4,8857477500E-4
9,2224483088E+3	4,8765556400E-4
9,2229992186E+3	4,8690360900E-4
9,2235592159E+3	4,8601808900E-4
9,2241102141E+3	4,8491651500E-4
9,2246652846E+3	4,8404690700E-4
9,2252161855E+3	4,8306218000E-4
9,2257742473E+3	4,8217917400E-4
9,2263251753E+3	4,8125820900E-4
9,2268852782E+3	4,8031715900E-4
9,2274362231E+3	4,7956594300E-4
9,2279942360E+3	4,7877430200E-4
9,2285446674E+3	4,7778526300E-4
9,2291021758E+3	4,7688747400E-4
9,2296527735E+3	4,7591847500E-4
9,2302081818E+3	4,7513479000E-4
9,2307588499E+3	4,7416288500E-4
9,2313157817E+3	4,7334811400E-4
9,2318674170E+3	4,7231341600E-4
9,2324193481E+3	4,7140580400E-4
9,2329751780E+3	4,7059596700E-4
9,2335260529E+3	4,6980091300E-4
9,2340820616E+3	4,6914627400E-4
9,2346343687E+3	4,6845180900E-4
9,2351923030E+3	4,6745818100E-4
9,2357436206E+3	4,6638301200E-4
9,2363017762E+3	4,6568744000E-4
9,2368543462E+3	4,6451200400E-4
9,2374098143E+3	4,6389663700E-4
9,2379622893E+3	4,6297539600E-4
9,2385128790E+3	4,6223813100E-4
9,2390698704E+3	4,6168131400E-4
9,2396208551E+3	4,6070742600E-4
9,2401771678E+3	4,5993750800E-4
9,2407279493E+3	4,5920259500E-4
9,2412787929E+3	4,5804016500E-4
9,2418386164E+3	4,5759023300E-4
9,2423886163E+3	4,5661763600E-4
9,2429435857E+3	4,5575409200E-4
9,2434962449E+3	4,5507032800E-4
9,2440535439E+3	4,5410153600E-4
9,2446044705E+3	4,5351540900E-4
9,2451616231E+3	4,5277175700E-4
9,2457125264E+3	4,5199766400E-4
9,2462688192E+3	4,5141163000E-4
9,2468196371E+3	4,5058110800E-4
9,2473713011E+3	4,4950769200E-4
9,2479281251E+3	4,4864145000E-4
9,2484804775E+3	4,4778567700E-4
9,2490365739E+3	4,4710795500E-4
9,2495884392E+3	4,4622132700E-4
9,2501445410E+3	4,4568286600E-4
9,2506955932E+3	4,4478812200E-4
9,2512563741E+3	4,4422411000E-4
9,2518093723E+3	4,4331486000E-4
9,2523646165E+3	4,4260171700E-4
9,2529162348E+3	4,4202896500E-4
9,2534670957E+3	4,4128531200E-4
9,2540236953E+3	4,4052351100E-4
9,2545746207E+3	4,3993687700E-4
9,2551308517E+3	4,3932436900E-4
9,2556817720E+3	4,3872382900E-4
9,2562384877E+3	4,3797630200E-4
9,2567901855E+3	4,3712276700E-4
9,2573499868E+3	4,3621633100E-4
9,2579009963E+3	4,3549952000E-4
9,2584564481E+3	4,3479952100E-4
9,2590074709E+3	4,3402162400E-4
9,2595636800E+3	4,3342908600E-4
9,2601153054E+3	4,3257762600E-4
9,2606755802E+3	4,3186148400E-4
9,2612258475E+3	4,3107853700E-4
9,2617828335E+3	4,3023228800E-4
9,2623348176E+3	4,2941694100E-4
9,2628902912E+3	4,2880593200E-4
9,2634412360E+3	4,2804798200E-4
9,2640023951E+3	4,2705094100E-4
9,2645529986E+3	4,2654328900E-4
9,2651104524E+3	4,2556112200E-4
9,2656611918E+3	4,2498486500E-4
9,2662194371E+3	4,2414320600E-4
9,2667696097E+3	4,2334305500E-4
9,2673287724E+3	4,2247406900E-4
9,2678805582E+3	4,2193932100E-4
9,2684357995E+3	4,2105956500E-4
9,2689867132E+3	4,2035739800E-4
9,2695475096E+3	4,1963242500E-4
9,2700993486E+3	4,1870917800E-4
9,2706569013E+3	4,1761728900E-4
9,2712093959E+3	4,1692923500E-4
9,2717696183E+3	4,1620527600E-4
9,2723208101E+3	4,1535568400E-4
9,2728812942E+3	4,1462091000E-4
9,2734316850E+3	4,1388828000E-4
9,2739895825E+3	4,1304615900E-4
9,2745405938E+3	4,1239041300E-4
9,2751011496E+3	4,1152633900E-4
9,2756526116E+3	4,1056845500E-4
9,2762116835E+3	4,1000575800E-4
9,2767627710E+3	4,0922361700E-4
9,2773224772E+3	4,0837204200E-4
9,2778747667E+3	4,0792377000E-4
9,2784310703E+3	4,0709488600E-4
9,2789825673E+3	4,0618005600E-4
9,2795405633E+3	4,0567690000E-4
9,2800917237E+3	4,0476322300E-4
9,2806499531E+3	4,0397151300E-4
9,2812008270E+3	4,0330769500E-4
9,2817588772E+3	4,0230966300E-4
9,2823096420E+3	4,0172556500E-4
9,2828610314E+3	4,0116872500E-4
9,2834175022E+3	4,0036114900E-4
9,2839697064E+3	3,9973586600E-4
9,2845246269E+3	3,9902373700E-4
9,2850746416E+3	3,9829341300E-4
9,2856345893E+3	3,9765226400E-4
9,2861865091E+3	3,9673106900E-4
9,2867437021E+3	3,9604098600E-4
9,2872935616E+3	3,9524987500E-4
9,2878538617E+3	3,9443339700E-4
9,2884046465E+3	3,9377479200E-4
9,2889554145E+3	3,9293988900E-4
9,2895136694E+3	3,9215827900E-4
9,2900634866E+3	3,9145846400E-4
9,2906235907E+3	3,9083733100E-4
9,2911748377E+3	3,8997411000E-4
9,2917315195E+3	3,8944653400E-4
9,2922824095E+3	3,8858294400E-4
9,2928398458E+3	3,8782243400E-4
9,2933918868E+3	3,8728046800E-4
9,2939496284E+3	3,8644129900E-4
9,2944996679E+3	3,8579593000E-4
9,2950565833E+3	3,8502282900E-4
9,2956075287E+3	3,8438848300E-4
9,2961684149E+3	3,8383989900E-4
9,2967197853E+3	3,8310457100E-4
9,2972765203E+3	3,8244949300E-4
9,2978267337E+3	3,8174794900E-4
9,2983794541E+3	3,8113986900E-4
9,2989354085E+3	3,8040322600E-4
9,2994858435E+3	3,7960298300E-4
9,3000448768E+3	3,7887005400E-4
9,3005969319E+3	3,7842030600E-4
9,3011552129E+3	3,7763383100E-4
9,3017066682E+3	3,7713644000E-4
9,3022662634E+3	3,7639760700E-4
9,3028177977E+3	3,7590648900E-4
9,3033742979E+3	3,7508888200E-4
9,3039258133E+3	3,7432611200E-4
9,3044838047E+3	3,7355291900E-4
9,3050338222E+3	3,7292839700E-4
9,3055945924E+3	3,7259575000E-4
9,3061465545E+3	3,7200171300E-4
9,3067041134E+3	3,7132765700E-4
9,3072558217E+3	3,7056899200E-4
9,3078148633E+3	3,7015812500E-4
9,3083673671E+3	3,6936872000E-4
9,3089259222E+3	3,6867051900E-4
9,3094784748E+3	3,6815756300E-4
9,3100337349E+3	3,6752114200E-4
9,3105857404E+3	3,6703719600E-4
9,3111426791E+3	3,6649151700E-4
9,3116935243E+3	3,6568733000E-4
9,3122544207E+3	3,6531017700E-4
9,3128071628E+3	3,6428055200E-4
9,3133608013E+3	3,6371771600E-4
9,3139109807E+3	3,6315637900E-4
9,3144618229E+3	3,6228753200E-4
9,3150211211E+3	3,6172854700E-4
9,3155727268E+3	3,6104927900E-4
9,3161278147E+3	3,6033253800E-4
9,3166805797E+3	3,5985301900E-4
9,3172355248E+3	3,5906160900E-4
9,3177859235E+3	3,5846817200E-4
9,3183461533E+3	3,5793762000E-4
9,3188967652E+3	3,5702857800E-4
9,3194553996E+3	3,5645723300E-4
9,3200077184E+3	3,5577948700E-4
9,3205606522E+3	3,5498653200E-4
9,3211106759E+3	3,5450839700E-4
9,3216694627E+3	3,5380023400E-4
9,3222207160E+3	3,5324046500E-4
9,3227788815E+3	3,5269453300E-4
9,3233315713E+3	3,5190877200E-4
9,3238829669E+3	3,5142318800E-4
9,3244397142E+3	3,5066733700E-4
9,3249907811E+3	3,4982770700E-4
9,3255456339E+3	3,4940881400E-4
9,3260956962E+3	3,4863126200E-4
9,3266535643E+3	3,4800535600E-4
9,3272035558E+3	3,4749050900E-4
9,3277635350E+3	3,4691976400E-4
9,3283141187E+3	3,4630190600E-4
9,3288758934E+3	3,4582464700E-4
9,3294262144E+3	3,4492856500E-4
9,3299877185E+3	3,4444450400E-4
9,3305386947E+3	3,4369254900E-4
9,3310968203E+3	3,4314825400E-4
9,3316475920E+3	3,4259946200E-4
9,3322045514E+3	3,4186853900E-4
9,3327548019E+3	3,4136174000E-4
9,3333121986E+3	3,4064698200E-4
9,3338626619E+3	3,4004552000E-4
9,3344238135E+3	3,3935022500E-4
9,3349737853E+3	3,3882287900E-4
9,3355316991E+3	3,3830918500E-4
9,3360827991E+3	3,3767615300E-4
9,3366406300E+3	3,3705280700E-4
9,3371917721E+3	3,3625076500E-4
9,3377509950E+3	3,3559877800E-4
9,3383036820E+3	3,3491897900E-4
9,3388592792E+3	3,3439555400E-4
9,3394106044E+3	3,3375816400E-4
9,3399614282E+3	3,3306328400E-4
9,3405187268E+3	3,3263069300E-4
9,3410692979E+3	3,3192691200E-4
9,3416273721E+3	3,3117751700E-4
9,3421786963E+3	3,3078952600E-4
9,3427359272E+3	3,2995365500E-4
9,3432869367E+3	3,2923292400E-4
9,3438458671E+3	3,2870435600E-4
9,3443969864E+3	3,2835178500E-4
9,3449537984E+3	3,2740999700E-4
9,3455057459E+3	3,2703192200E-4
9,3460565539E+3	3,2664921100E-4
9,3466127225E+3	3,2609467700E-4
9,3471626305E+3	3,2562878700E-4
9,3477207719E+3	3,2498000500E-4
9,3482710870E+3	3,2427108100E-4
9,3488300829E+3	3,2388631800E-4
9,3493811260E+3	3,2307415300E-4
9,3499407179E+3	3,2273394200E-4
9,3504918075E+3	3,2210460000E-4
9,3510477346E+3	3,2150934100E-4
9,3516005761E+3	3,2106646600E-4
9,3521514275E+3	3,2048628900E-4
9,3527075211E+3	3,2003587200E-4
9,3532587885E+3	3,1954666900E-4
9,3538206087E+3	3,1899538600E-4
9,3543731649E+3	3,1795582200E-4
9,3549298315E+3	3,1772026000E-4
9,3554816887E+3	3,1729770000E-4
9,3560408033E+3	3,1668816700E-4
9,3565907838E+3	3,1607358400E-4
9,3571522596E+3	3,1559683300E-4
9,3577032212E+3	3,1477779500E-4
9,3582608831E+3	3,1434836400E-4
9,3588117005E+3	3,1380201700E-4
9,3593722254E+3	3,1332579600E-4
9,3599244044E+3	3,1282729800E-4
9,3604817021E+3	3,1205901700E-4
9,3610345920E+3	3,1159651700E-4
9,3615856734E+3	3,1122090900E-4
9,3621381649E+3	3,1063503600E-4
9,3626886956E+3	3,1007273000E-4
9,3632486426E+3	3,0934632700E-4
9,3637995649E+3	3,0869549300E-4
9,3643563064E+3	3,0830021400E-4
9,3649066305E+3	3,0767460800E-4
9,3654666389E+3	3,0717597200E-4
9,3660186782E+3	3,0664745000E-4
9,3665747296E+3	3,0620743400E-4
9,3671257947E+3	3,0564125400E-4
9,3676852329E+3	3,0503817800E-4
9,3682358410E+3	3,0442896800E-4
9,3687955168E+3	3,0363545900E-4
9,3693459274E+3	3,0339657600E-4
9,3699008232E+3	3,0288488800E-4
9,3704528274E+3	3,0235588200E-4
9,3710085264E+3	3,0196908900E-4
9,3715586009E+3	3,0147225200E-4
9,3721210833E+3	3,0082803600E-4
9,3726729947E+3	3,0012317100E-4
9,3732287769E+3	2,9955318700E-4
9,3737816432E+3	2,9885588500E-4
9,3743366031E+3	2,9841508500E-4
9,3748877829E+3	2,9806311400E-4
9,3754475717E+3	2,9732859300E-4
9,3759993425E+3	2,9708846500E-4
9,3765575647E+3	2,9640622200E-4
9,3771091442E+3	2,9593242300E-4
9,3776635007E+3	2,9558178900E-4
9,3782144085E+3	2,9483294800E-4
9,3787742613E+3	2,9432688700E-4
9,3793244659E+3	2,9385733000E-4
9,3798833232E+3	2,9328028900E-4
9,3804337235E+3	2,9257701500E-4
9,3809914355E+3	2,9241889000E-4
9,3815425955E+3	2,9183018100E-4
9,3821008179E+3	2,9137727400E-4
9,3826523617E+3	2,9064455200E-4
9,3832088036E+3	2,9000095800E-4
9,3837606695E+3	2,8970520800E-4
9,3843103572E+3	2,8926417800E-4
9,3848667444E+3	2,8853376200E-4
9,3854204826E+3	2,8831881500E-4
9,3859747018E+3	2,8765008600E-4
9,3865275517E+3	2,8722450600E-4
9,3870817188E+3	2,8679952500E-4
9,3876323422E+3	2,8613949000E-4
9,3881942292E+3	2,8545505600E-4
9,3887447991E+3	2,8512199500E-4
9,3893054565E+3	2,8451356800E-4
9,3898568614E+3	2,8407004700E-4
9,3904166429E+3	2,8355946600E-4
9,3909674210E+3	2,8329166600E-4
9,3915286057E+3	2,8259277300E-4
9,3920789154E+3	2,8192923300E-4
9,3926345517E+3	2,8157511700E-4
9,3931862695E+3	2,8089612500E-4
9,3937460697E+3	2,8064601200E-4
9,3942977129E+3	2,8004923100E-4
9,3948547255E+3	2,7951639700E-4
9,3954056889E+3	2,7904144400E-4
9,3959634769E+3	2,7838316200E-4
9,3965147926E+3	2,7769962700E-4
9,3970707426E+3	2,7736243800E-4
9,3976215904E+3	2,7689763200E-4
9,3981805955E+3	2,7625611400E-4
9,3987306420E+3	2,7605096800E-4
9,3992895202E+3	2,7543650000E-4
9,3998408068E+3	2,7498961200E-4
9,4003971003E+3	2,7468475300E-4
9,4009476400E+3	2,7399847500E-4
9,4015088444E+3	2,7356208000E-4
9,4020590775E+3	2,7286415600E-4
9,4026196158E+3	2,7237841100E-4
9,4031710660E+3	2,7178266800E-4
9,4037306373E+3	2,7160132100E-4
9,4042808584E+3	2,7103080600E-4
9,4048419338E+3	2,7071508500E-4
9,4053945585E+3	2,7006109200E-4
9,4059546707E+3	2,6976119100E-4
9,4065046870E+3	2,6930607000E-4
9,4070653669E+3	2,6892744100E-4
9,4076164847E+3	2,6846936900E-4
9,4081759071E+3	2,6788476400E-4
9,4087271410E+3	2,6727437800E-4
9,4092847827E+3	2,6719071400E-4
9,4098364884E+3	2,6652217000E-4
9,4103933957E+3	2,6592317500E-4
9,4109452322E+3	2,6563831000E-4
9,4114957850E+3	2,6495415300E-4
9,4120516967E+3	2,6456415500E-4
9,4126026266E+3	2,6436009300E-4
9,4131588776E+3	2,6393439800E-4
9,4137106012E+3	2,6357908300E-4
9,4142689726E+3	2,6310740500E-4
9,4148207243E+3	2,6250686500E-4
9,4153787218E+3	2,6196187800E-4
9,4159297147E+3	2,6134837800E-4
9,4164857606E+3	2,6104077500E-4
9,4170367003E+3	2,6057269500E-4
9,4175883717E+3	2,6030904500E-4
9,4181474782E+3	2,5984811300E-4
9,4186985641E+3	2,5944109700E-4
9,4192529333E+3	2,5918355800E-4
9,4198050852E+3	2,5858380200E-4
9,4203606729E+3	2,5817895300E-4
9,4209125117E+3	2,5776970000E-4
9,4214686458E+3	2,5720386600E-4
9,4220207233E+3	2,5667352300E-4
9,4225744193E+3	2,5641914300E-4
9,4231265259E+3	2,5587759200E-4
9,4236845989E+3	2,5550781800E-4
9,4242347727E+3	2,5518183600E-4
9,4247936070E+3	2,5446025200E-4
9,4253459876E+3	2,5412838900E-4
9,4259026276E+3	2,5394632700E-4
9,4264547531E+3	2,5344388700E-4
9,4270111301E+3	2,5308919400E-4
9,4275633820E+3	2,5259030500E-4
9,4281197369E+3	2,5221204500E-4
9,4286697905E+3	2,5160006700E-4
9,4292275587E+3	2,5113242500E-4
9,4297795311E+3	2,5065929400E-4
9,4303348671E+3	2,5027775900E-4
9,4308854969E+3	2,4980264600E-4
9,4314450443E+3	2,4956007300E-4
9,4319966441E+3	2,4911818900E-4
9,4325533920E+3	2,4871433200E-4
9,4331037887E+3	2,4821276700E-4
9,4336605081E+3	2,4779124600E-4
9,4342118571E+3	2,4748456500E-4
9,4347691942E+3	2,4709629700E-4
9,4353204819E+3	2,4649983900E-4
9,4358755507E+3	2,4615314900E-4
9,4364276622E+3	2,4573550100E-4
9,4369781064E+3	2,4506857100E-4
9,4375348480E+3	2,4489718500E-4
9,4380874286E+3	2,4443131900E-4
9,4386408669E+3	2,4394255300E-4
9,4391925011E+3	2,4369677500E-4
9,4397506052E+3	2,4313873600E-4
9,4403008411E+3	2,4248988400E-4
9,4408615958E+3	2,4203227300E-4
9,4414120357E+3	2,4157002700E-4
9,4419698126E+3	2,4107406700E-4
9,4425207143E+3	2,4079231400E-4
9,4430719464E+3	2,4050661900E-4
9,4436264267E+3	2,4010389100E-4
9,4441777451E+3	2,3972067300E-4
9,4447346621E+3	2,3928125700E-4
9,4452857766E+3	2,3889481000E-4
9,4458455884E+3	2,3826166300E-4
9,4463958206E+3	2,3776874600E-4
9,4469576518E+3	2,3761899200E-4
9,4475084537E+3	2,3716142700E-4
9,4480627045E+3	2,3654739700E-4
9,4486127658E+3	2,3644747600E-4
9,4491745512E+3	2,3593023100E-4
9,4497262376E+3	2,3550232200E-4
9,4502820661E+3	2,3511546000E-4
9,4508328522E+3	2,3466619700E-4
9,4513900021E+3	2,3439094700E-4
9,4519407231E+3	2,3370483100E-4
9,4524978042E+3	2,3333955300E-4
9,4530475182E+3	2,3306075300E-4
9,4536068014E+3	2,3263353500E-4
9,4541582243E+3	2,3215316400E-4
9,4547154653E+3	2,3172834400E-4
9,4552677430E+3	2,3132677000E-4
9,4558229771E+3	2,3089097400E-4
9,4563750133E+3	2,3042506100E-4
9,4569338842E+3	2,3013484600E-4
9,4574854742E+3	2,2950566500E-4
9,4580418828E+3	2,2929090400E-4
9,4585935560E+3	2,2892343600E-4
9,4591433933E+3	2,2838649700E-4
9,4597015156E+3	2,2804049800E-4
9,4602528902E+3	2,2782541300E-4
9,4608108764E+3	2,2752834900E-4
9,4613630571E+3	2,2698241600E-4
9,4619194297E+3	2,2648202800E-4
9,4624703523E+3	2,2621591100E-4
9,4630275231E+3	2,2590441100E-4
9,4635777964E+3	2,2530705300E-4
9,4641394012E+3	2,2520941600E-4
9,4646896019E+3	2,2471027300E-4
9,4652466552E+3	2,2433953000E-4
9,4657984471E+3	2,2427390000E-4
9,4663549747E+3	2,2354579000E-4
9,4669058023E+3	2,2328036500E-4
9,4674567935E+3	2,2305882300E-4
9,4680134551E+3	2,2252003900E-4
9,4685635042E+3	2,2218647000E-4
9,4691238764E+3	2,2176176700E-4
9,4696763409E+3	2,2140004100E-4
9,4702320845E+3	2,2134008400E-4
9,4707844539E+3	2,2068516700E-4
9,4713396587E+3	2,2021521900E-4
9,4718904880E+3	2,1999789800E-4
9,4724510492E+3	2,1951450500E-4
9,4730016506E+3	2,1916746900E-4
9,4735591355E+3	2,1888101200E-4
9,4741108287E+3	2,1843297100E-4
9,4746688803E+3	2,1823490500E-4
9,4752211639E+3	2,1789647000E-4
9,4757786804E+3	2,1758264100E-4
9,4763304827E+3	2,1727921200E-4
9,4768859976E+3	2,1672421600E-4
9,4774384370E+3	2,1640644400E-4
9,4779927151E+3	2,1621817800E-4
9,4785448130E+3	2,1560530100E-4
9,4791064898E+3	2,1525330700E-4
9,4796566028E+3	2,1504788500E-4
9,4802127163E+3	2,1466713400E-4
9,4807648414E+3	2,1412726600E-4
9,4813213419E+3	2,1405658600E-4
9,4818726995E+3	2,1332275700E-4
9,4824322877E+3	2,1307485800E-4
9,4829828817E+3	2,1284577500E-4
9,4835407014E+3	2,1235170600E-4
9,4840922861E+3	2,1203312600E-4
9,4846481417E+3	2,1150437400E-4
9,4851994387E+3	2,1126855800E-4
9,4857593723E+3	2,1084604400E-4
9,4863097691E+3	2,1052156100E-4
9,4868658147E+3	2,1015185600E-4
9,4874175618E+3	2,0993727900E-4
9,4879755219E+3	2,0920031400E-4
9,4885263860E+3	2,0886079500E-4
9,4890884885E+3	2,0849985400E-4
9,4896391755E+3	2,0848198200E-4
9,4901945461E+3	2,0809325200E-4
9,4907466477E+3	2,0753839500E-4
9,4913018022E+3	2,0712388400E-4
9,4918540161E+3	2,0676750800E-4
9,4924140853E+3	2,0657186400E-4
9,4929646256E+3	2,0615682200E-4
9,4935224741E+3	2,0577095200E-4
9,4940726418E+3	2,0550866300E-4
9,4946312810E+3	2,0489675400E-4
9,4951817841E+3	2,0470544500E-4
9,4957420950E+3	2,0438361400E-4
9,4962926451E+3	2,0392086000E-4
9,4968503012E+3	2,0350129900E-4
9,4974015240E+3	2,0322586500E-4
9,4979587070E+3	2,0296037000E-4
9,4985084451E+3	2,0257122600E-4
9,4990704860E+3	2,0230455500E-4
9,4996205989E+3	2,0206793200E-4
9,5001773833E+3	2,0159678400E-4
9,5007277953E+3	2,0127652100E-4
9,5012855727E+3	2,0114171000E-4
9,5018360644E+3	2,0064448100E-4
9,5023974568E+3	2,0037405100E-4
9,5029475911E+3	1,9996230700E-4
9,5035066022E+3	1,9986782900E-4
9,5040569380E+3	1,9946182700E-4
9,5046204747E+3	1,9911949500E-4
9,5051707969E+3	1,9879934700E-4
9,5057292765E+3	1,9837388200E-4
9,5062797967E+3	1,9812621300E-4
9,5068364683E+3	1,9764900100E-4
9,5073878527E+3	1,9738791000E-4
9,5079385512E+3	1,9716726800E-4
9,5084968051E+3	1,9671726700E-4
9,5090481370E+3	1,9634438000E-4
9,5096026670E+3	1,9619663200E-4
9,5101525149E+3	1,9551060700E-4
9,5107126512E+3	1,9513045600E-4
9,5112628122E+3	1,9484203900E-4
9,5118238431E+3	1,9464812400E-4
9,5123745989E+3	1,9435871600E-4
9,5129302331E+3	1,9390989100E-4
9,5134810861E+3	1,9362082800E-4
9,5140326879E+3	1,9342820500E-4
9,5145892534E+3	1,9291939900E-4
9,5151409207E+3	1,9251983100E-4
9,5157009314E+3	1,9210061600E-4
9,5162517749E+3	1,9197567400E-4
9,5168129852E+3	1,9147302600E-4
9,5173648600E+3	1,9135795500E-4
9,5179225814E+3	1,9096887900E-4
9,5184734063E+3	1,9067121500E-4
9,5190346253E+3	1,9023341300E-4
9,5195857937E+3	1,8981793300E-4
9,5201446880E+3	1,8925519000E-4
9,5206969350E+3	1,8924954000E-4
9,5212520043E+3	1,8889408700E-4
9,5218030377E+3	1,8850980800E-4
9,5223616299E+3	1,8838445100E-4
9,5229125115E+3	1,8798197800E-4
9,5234725931E+3	1,8779495800E-4
9,5240238633E+3	1,8743154800E-4
9,5245797794E+3	1,8693701700E-4
9,5251309721E+3	1,8671863500E-4
9,5256817695E+3	1,8618284900E-4
9,5262397071E+3	1,8602387100E-4
9,5267895910E+3	1,8577873800E-4
9,5273446476E+3	1,8520421100E-4
9,5278970500E+3	1,8521062200E-4
9,5284555496E+3	1,8488602300E-4
9,5290060460E+3	1,8451772500E-4
9,5295663056E+3	1,8393095200E-4
9,5301166259E+3	1,8363640200E-4
9,5306744556E+3	1,8345113400E-4
9,5312253293E+3	1,8310538900E-4
9,5317757463E+3	1,8277043600E-4
9,5323308717E+3	1,8255811900E-4
9,5328831765E+3	1,8200280100E-4
9,5334387567E+3	1,8173403200E-4
9,5339908249E+3	1,8150006100E-4
9,5345417694E+3	1,8113086300E-4
9,5350986100E+3	1,8097179200E-4
9,5356488507E+3	1,8040715800E-4
9,5362081467E+3	1,8010672700E-4
9,5367595217E+3	1,7988606100E-4
9,5373174632E+3	1,7947215000E-4
9,5378689748E+3	1,7948400300E-4
9,5384274557E+3	1,7901511500E-4
9,5389798500E+3	1,7877844600E-4
9,5395349504E+3	1,7846208000E-4
9,5400867078E+3	1,7801516900E-4
9,5406378958E+3	1,7792855400E-4
9,5411944547E+3	1,7749854600E-4
9,5417456287E+3	1,7714014100E-4
9,5423021835E+3	1,7686998800E-4
9,5428527791E+3	1,7676962900E-4
9,5434104814E+3	1,7642370000E-4
9,5439608061E+3	1,7639118500E-4
9,5445217422E+3	1,7598866500E-4
9,5450719359E+3	1,7562467900E-4
9,5456335125E+3	1,7539716500E-4
9,5461837416E+3	1,7486871200E-4
9,5467447175E+3	1,7459387800E-4
9,5472958983E+3	1,7448673900E-4
9,5478547414E+3	1,7403929800E-4
9,5484047869E+3	1,7382449000E-4
9,5489644997E+3	1,7340075500E-4
9,5495156822E+3	1,7339621200E-4
9,5500716882E+3	1,7303884400E-4
9,5506225327E+3	1,7254304500E-4
9,5511842578E+3	1,7228949600E-4
9,5517359733E+3	1,7179563400E-4
9,5522913111E+3	1,7172239400E-4
9,5528429101E+3	1,7145998900E-4
9,5533965984E+3	1,7110352100E-4
9,5539467906E+3	1,7109524200E-4
9,5545096106E+3	1,7060774500E-4
9,5550607748E+3	1,7031909800E-4
9,5556156731E+3	1,7017111900E-4
9,5561684217E+3	1,6949581700E-4
9,5567234829E+3	1,6938226800E-4
9,5572738494E+3	1,6886735200E-4
9,5578336589E+3	1,6854526700E-4
9,5583838204E+3	1,6853938600E-4
9,5589433442E+3	1,6831595400E-4
9,5594936385E+3	1,6792736200E-4
9,5600507940E+3	1,6768084600E-4
9,5606020753E+3	1,6732396300E-4
9,5611617508E+3	1,6719256500E-4
9,5617134802E+3	1,6657371500E-4
9,5622716561E+3	1,6621881500E-4
9,5628227886E+3	1,6597967900E-4
9,5633785621E+3	1,6568540500E-4
9,5639301533E+3	1,6559035000E-4
9,5644861394E+3	1,6546100400E-4
9,5650386709E+3	1,6511138500E-4
9,5655929520E+3	1,6484342200E-4
9,5661448262E+3	1,6471071000E-4
9,5666958147E+3	1,6429603700E-4
9,5672507955E+3	1,6402364700E-4
9,5678030927E+3	1,6387569200E-4
9,5683586309E+3	1,6366081500E-4
9,5689085877E+3	1,6330098000E-4
9,5694684430E+3	1,6306959100E-4
9,5700189831E+3	1,6261633900E-4
9,5705787114E+3	1,6250760900E-4
9,5711313898E+3	1,6222115200E-4
9,5716860614E+3	1,6181805600E-4
9,5722378496E+3	1,6173181000E-4
9,5727945668E+3	1,6137608000E-4
9,5733458433E+3	1,6110897100E-4
9,5739048464E+3	1,6072137100E-4
9,5744557443E+3	1,6037182100E-4
9,5750118344E+3	1,6018793700E-4
9,5755635712E+3	1,6000094000E-4
9,5761157679E+3	1,5973284000E-4
9,5766707184E+3	1,5940531300E-4
9,5772215243E+3	1,5896478900E-4
9,5777796479E+3	1,5870326100E-4
9,5783303784E+3	1,5858710600E-4
9,5788866572E+3	1,5810260600E-4
9,5794394063E+3	1,5788097200E-4
9,5799964642E+3	1,5761533900E-4
9,5805476230E+3	1,5723908500E-4
9,5811052971E+3	1,5702116400E-4
9,5816577306E+3	1,5685538300E-4
9,5822150819E+3	1,5638176800E-4
9,5827665886E+3	1,5607333500E-4
9,5833248321E+3	1,5587252500E-4
9,5838756647E+3	1,5550964600E-4
9,5844368065E+3	1,5532684600E-4
9,5849881901E+3	1,5504859900E-4
9,5855488134E+3	1,5471419900E-4
9,5860989093E+3	1,5450008300E-4
9,5866603087E+3	1,5420078200E-4
9,5872118062E+3	1,5396524300E-4
9,5877705685E+3	1,5374626100E-4
9,5883219495E+3	1,5332356300E-4
9,5888833223E+3	1,5307446500E-4
9,5894338224E+3	1,5299735100E-4
9,5899917143E+3	1,5265469600E-4
9,5905444137E+3	1,5258961900E-4
9,5911051115E+3	1,5216136400E-4
9,5916556664E+3	1,5193920000E-4
9,5922137395E+3	1,5165025300E-4
9,5927638640E+3	1,5145301700E-4
9,5933254328E+3	1,5129048700E-4
9,5938762492E+3	1,5109726400E-4
9,5944335529E+3	1,5069229900E-4
9,5949845641E+3	1,5061557700E-4
9,5955406248E+3	1,5034228800E-4
9,5960907926E+3	1,5011094600E-4
9,5966541910E+3	1,4987291600E-4
9,5972063516E+3	1,4945789800E-4
9,5977645669E+3	1,4910006900E-4
9,5983151818E+3	1,4904149600E-4
9,5988756976E+3	1,4868784100E-4
9,5994275646E+3	1,4848470200E-4
9,5999879005E+3	1,4845463100E-4
9,6005395224E+3	1,4806122000E-4
9,6010968931E+3	1,4781447400E-4
9,6016477054E+3	1,4742133900E-4
9,6022078711E+3	1,4729994900E-4
9,6027592011E+3	1,4693319600E-4
9,6033173912E+3	1,4683260700E-4
9,6038675724E+3	1,4663239600E-4
9,6044178236E+3	1,4625890900E-4
9,6049756664E+3	1,4603079600E-4
9,6055276178E+3	1,4561856800E-4
9,6060854829E+3	1,4558554500E-4
9,6066386788E+3	1,4516404700E-4
9,6071935978E+3	1,4502785200E-4
9,6077454881E+3	1,4474220200E-4
9,6083034342E+3	1,4457559100E-4
9,6088547371E+3	1,4450186600E-4
9,6094142209E+3	1,4423162100E-4
9,6099665445E+3	1,4415245500E-4
9,6105247178E+3	1,4369509700E-4
9,6110751092E+3	1,4346938200E-4
9,6116355356E+3	1,4340372900E-4
9,6121867659E+3	1,4302507700E-4
9,6127465663E+3	1,4271037100E-4
9,6132984871E+3	1,4271615900E-4
9,6138547787E+3	1,4231647600E-4
9,6144067333E+3	1,4227925600E-4
9,6149625732E+3	1,4195023000E-4
9,6155143391E+3	1,4154203800E-4
9,6160735708E+3	1,4140697300E-4
9,6166247922E+3	1,4128235400E-4
9,6171828232E+3	1,4114832700E-4
9,6177343574E+3	1,4063774600E-4
9,6182897865E+3	1,4060818300E-4
9,6188397679E+3	1,4021361900E-4
9,6194027226E+3	1,3992575500E-4
9,6199545441E+3	1,3965248900E-4
9,6205089752E+3	1,3938464200E-4
9,6210601572E+3	1,3926641200E-4
9,6216170938E+3	1,3923018400E-4
9,6221676351E+3	1,3911031600E-4
9,6227236330E+3	1,3877607800E-4
9,6232747662E+3	1,3841347600E-4
9,6238316634E+3	1,3820909100E-4
9,6243841659E+3	1,3807227400E-4
9,6249348756E+3	1,3776314900E-4
9,6254924393E+3	1,3731333200E-4
9,6260439049E+3	1,3731490000E-4
9,6266003976E+3	1,3710059900E-4
9,6271505135E+3	1,3687154000E-4
9,6277075759E+3	1,3679087500E-4
9,6282578849E+3	1,3638731700E-4
9,6288193259E+3	1,3642488300E-4
9,6293696860E+3	1,3604862900E-4
9,6299258816E+3	1,3578841500E-4
9,6304766419E+3	1,3542085500E-4
9,6310351918E+3	1,3535693100E-4
9,6315865639E+3	1,3490317100E-4