2,1079074963E+4	-1,1413781100E-5
2,1079627297E+4	-1,1391343300E-5
2,1080177883E+4	-1,1424850100E-5
2,1080767260E+4	-1,1466151300E-5
2,1081320246E+4	-1,1545525300E-5
2,1081874848E+4	-1,1455912500E-5
2,1082427199E+4	-1,1494630900E-5
2,1083010713E+4	-1,1426741000E-5
2,1083561921E+4	-1,1350180400E-5
2,1084118842E+4	-1,1236561700E-5
2,1084670513E+4	-1,1243894900E-5
2,1085227950E+4	-1,1267347400E-5
2,1085778612E+4	-1,1093125800E-5
2,1086337450E+4	-1,0966039800E-5
2,1086887296E+4	-1,1064277300E-5
2,1087444676E+4	-1,1137540200E-5
2,1087996466E+4	-1,1033330200E-5
2,1088547831E+4	-1,1037711600E-5
2,1089105264E+4	-1,1032154100E-5
2,1089656967E+4	-1,0940166000E-5
2,1090213419E+4	-1,0959421500E-5
2,1090763413E+4	-1,1063262600E-5
2,1091313915E+4	-1,0961243300E-5
2,1091871503E+4	-1,0994288900E-5
2,1092423085E+4	-1,0976762900E-5
2,1092982189E+4	-1,0912724100E-5
2,1093532378E+4	-1,0862106500E-5
2,1094091549E+4	-1,1065891500E-5
2,1094642353E+4	-1,0847370900E-5
2,1095202465E+4	-1,0848154900E-5
2,1095752859E+4	-1,0776460100E-5
2,1096313115E+4	-1,0728033200E-5
2,1096865163E+4	-1,0909703200E-5
2,1097420282E+4	-1,0848039600E-5
2,1097971295E+4	-1,0691713000E-5
2,1098532311E+4	-1,0556555800E-5
2,1099082528E+4	-1,0669851700E-5
2,1099642028E+4	-1,0606620000E-5
2,1100193615E+4	-1,0554226700E-5
2,1100751331E+4	-1,0754806300E-5
2,1101301369E+4	-1,0618380900E-5
2,1101862345E+4	-1,0722752300E-5
2,1102413252E+4	-1,0750309600E-5
2,1102970065E+4	-1,0723836200E-5
2,1103520491E+4	-1,0585220000E-5
2,1104078307E+4	-1,0697893200E-5
2,1104628544E+4	-1,0503586000E-5
2,1105185463E+4	-1,0506560800E-5
2,1105736088E+4	-1,0464613900E-5
2,1106287455E+4	-1,0453752500E-5
2,1106844395E+4	-1,0651311100E-5
2,1107394423E+4	-1,0488642900E-5
2,1107955773E+4	-1,0362041200E-5
2,1108507199E+4	-1,0414042400E-5
2,1109064508E+4	-1,0450593200E-5
2,1109615136E+4	-1,0292052800E-5
2,1110166564E+4	-1,0232072600E-5
2,1110725163E+4	-1,0369812500E-5
2,1111277689E+4	-1,0207651600E-5
2,1111833536E+4	-1,0098575800E-5
2,1112385104E+4	-9,9942504100E-6
2,1112945293E+4	-9,8957362700E-6
2,1113497296E+4	-9,7901656400E-6
2,1114053507E+4	-9,7078629800E-6
2,1114604068E+4	-9,5268847500E-6
2,1115164205E+4	-9,4549131600E-6
2,1115714586E+4	-9,1984120400E-6
2,1116275413E+4	-9,1794563700E-6
2,1116825303E+4	-9,2219798000E-6
2,1117385238E+4	-9,1757897600E-6
2,1117935247E+4	-8,8453107900E-6
2,1118495144E+4	-9,0312470100E-6
2,1119048142E+4	-8,9590448100E-6
2,1119601831E+4	-8,7299856000E-6
2,1120153144E+4	-8,7339058700E-6
2,1120711449E+4	-8,4881509100E-6
2,1121264198E+4	-8,4720777900E-6
2,1121818066E+4	-8,2001492400E-6
2,1122369080E+4	-8,1671267100E-6
2,1122924941E+4	-8,2613285500E-6
2,1123475387E+4	-8,2609595900E-6
2,1124033960E+4	-8,0953396100E-6
2,1124586284E+4	-8,1344731500E-6
2,1125140317E+4	-8,0487114200E-6
2,1125690563E+4	-7,9992929300E-6
2,1126240594E+4	-7,9941273900E-6
2,1126798339E+4	-7,8163776300E-6
2,1127350064E+4	-7,9764400500E-6
2,1127907915E+4	-7,7596951000E-6
2,1128460304E+4	-7,7438064700E-6
2,1129019275E+4	-7,8118116600E-6
2,1129570460E+4	-7,8506223600E-6
2,1130129528E+4	-7,7816947500E-6
2,1130679786E+4	-7,8552805700E-6
2,1131239461E+4	-7,9422875600E-6
2,1131791083E+4	-7,6325399100E-6
2,1132350558E+4	-7,7167565900E-6
2,1132901856E+4	-7,7549677100E-6
2,1133462151E+4	-7,5994943200E-6
2,1134013260E+4	-7,5761341100E-6
2,1134569445E+4	-7,4126587400E-6
2,1135120113E+4	-7,3496807200E-6
2,1135678013E+4	-7,2813065600E-6
2,1136228404E+4	-7,3913278500E-6
2,1136785498E+4	-7,1794947700E-6
2,1137336451E+4	-6,9932818300E-6
2,1137892088E+4	-6,7514471400E-6
2,1138443463E+4	-6,8441039300E-6
2,1139000440E+4	-6,8068382800E-6
2,1139552112E+4	-6,7030433100E-6
2,1140104721E+4	-6,5917536900E-6
2,1140659339E+4	-6,6313715000E-6
2,1141209391E+4	-6,3231227800E-6
2,1141769627E+4	-6,3025528800E-6
2,1142321043E+4	-6,4010439600E-6
2,1142879608E+4	-6,2103573000E-6
2,1143431150E+4	-6,4316912700E-6
2,1143985655E+4	-6,2740501900E-6
2,1144538033E+4	-6,3168964700E-6
2,1145093108E+4	-6,2876558500E-6
2,1145642615E+4	-6,4334208000E-6
2,1146201066E+4	-6,2695995300E-6
2,1146752350E+4	-6,1527292900E-6
2,1147302880E+4	-5,9475606800E-6
2,1147862243E+4	-5,8992260200E-6
2,1148414419E+4	-5,9004021100E-6
2,1148967764E+4	-5,8915930200E-6
2,1149518313E+4	-5,8788406100E-6
2,1150069069E+4	-6,0151507900E-6
2,1150627729E+4	-6,0066645500E-6
2,1151178430E+4	-5,9089114000E-6
2,1151738804E+4	-6,1480941500E-6
2,1152290074E+4	-5,8568409600E-6
2,1152849694E+4	-5,9198189900E-6
2,1153399989E+4	-5,8688323800E-6
2,1153962615E+4	-5,9870862500E-6
2,1154513624E+4	-5,8644739600E-6
2,1155068635E+4	-6,0015451400E-6
2,1155620186E+4	-5,9776314700E-6
2,1156176618E+4	-6,0725943100E-6
2,1156729108E+4	-6,1444275400E-6
2,1157288154E+4	-6,1735298000E-6
2,1157838743E+4	-6,0326536500E-6
2,1158396298E+4	-6,0673595900E-6
2,1158946844E+4	-6,2209650900E-6
2,1159506370E+4	-6,3123535600E-6
2,1160056573E+4	-6,2541721100E-6
2,1160617577E+4	-6,2746036400E-6
2,1161167461E+4	-6,3380890000E-6
2,1161728400E+4	-6,3275965000E-6
2,1162278440E+4	-6,2008794600E-6
2,1162839318E+4	-6,3592815300E-6
2,1163389291E+4	-6,2523042100E-6
2,1163949260E+4	-6,4092995900E-6
2,1164501189E+4	-6,4529991000E-6
2,1165058786E+4	-6,2680775400E-6
2,1165611103E+4	-6,2517738200E-6
2,1166167040E+4	-6,5145473800E-6
2,1166718252E+4	-6,1281699400E-6
2,1167268689E+4	-6,0950321000E-6
2,1167827907E+4	-6,2356315200E-6
2,1168379112E+4	-6,2648952100E-6
2,1168937217E+4	-6,1705088800E-6
2,1169487587E+4	-6,1850138900E-6
2,1170044380E+4	-6,2052840000E-6
2,1170596296E+4	-6,2987709700E-6
2,1171157077E+4	-6,3379506400E-6
2,1171707657E+4	-6,2308810800E-6
2,1172266592E+4	-6,2755721800E-6
2,1172817576E+4	-6,2623124400E-6
2,1173378166E+4	-6,1486706600E-6
2,1173928918E+4	-6,1043946400E-6
2,1174487952E+4	-6,1133420800E-6
2,1175040127E+4	-6,0635546200E-6
2,1175599883E+4	-5,9170286700E-6
2,1176152024E+4	-6,1474715100E-6
2,1176711360E+4	-6,1869048400E-6
2,1177262253E+4	-6,0264504000E-6
2,1177819026E+4	-6,0361819000E-6
2,1178370497E+4	-5,9237162000E-6
2,1178926307E+4	-6,0250437100E-6
2,1179476687E+4	-6,0882292800E-6
2,1180033898E+4	-6,2776245600E-6
2,1180584432E+4	-6,1931081000E-6
2,1181140362E+4	-5,9426949300E-6
2,1181691873E+4	-6,0443683500E-6
2,1182243510E+4	-5,9845034800E-6
2,1182799513E+4	-6,0266810000E-6
2,1183351938E+4	-6,0896590300E-6
2,1183908296E+4	-5,9166827700E-6
2,1184459409E+4	-5,9313492000E-6
2,1185017590E+4	-5,6662926600E-6
2,1185569040E+4	-5,7931019400E-6
2,1186122593E+4	-5,7644839500E-6
2,1186675070E+4	-5,6753092800E-6
2,1187231858E+4	-5,7629619700E-6
2,1187783737E+4	-5,4745221500E-6
2,1188334543E+4	-5,6715043100E-6
2,1188892286E+4	-5,4212064500E-6
2,1189444222E+4	-5,6485361300E-6
2,1189997828E+4	-5,5935600700E-6
2,1190548856E+4	-5,6408108900E-6
2,1191106718E+4	-5,4010746900E-6
2,1191658302E+4	-5,5095509400E-6
2,1192213776E+4	-5,7179018900E-6
2,1192763359E+4	-5,5459402900E-6
2,1193323021E+4	-5,5325652500E-6
2,1193873425E+4	-5,4593945100E-6
2,1194432180E+4	-5,4592561500E-6
2,1194982818E+4	-5,5542881700E-6
2,1195541654E+4	-5,5649651400E-6
2,1196092884E+4	-5,6238845300E-6
2,1196652612E+4	-5,8288456000E-6
2,1197204286E+4	-5,9201187700E-6
2,1197761423E+4	-5,9469841700E-6
2,1198312532E+4	-5,6095870700E-6
2,1198873906E+4	-5,7122751500E-6
2,1199425974E+4	-5,7175098700E-6
2,1199983915E+4	-5,7332601400E-6
2,1200533422E+4	-5,7252812300E-6
2,1201090559E+4	-5,8989262400E-6
2,1201641129E+4	-5,8661573700E-6
2,1202199061E+4	-5,7719324700E-6
2,1202750623E+4	-5,7949006600E-6
2,1203306753E+4	-5,6302953300E-6
2,1203858431E+4	-5,6859170800E-6
2,1204413258E+4	-5,3949175600E-6
2,1204965118E+4	-5,6029456700E-6
2,1205515344E+4	-5,5854658600E-6
2,1206075975E+4	-5,4081311900E-6
2,1206626440E+4	-5,2805839700E-6
2,1207184103E+4	-5,3187720300E-6
2,1207734451E+4	-5,2290439100E-6
2,1208294511E+4	-5,2561399200E-6
2,1208845695E+4	-5,2085201300E-6
2,1209408125E+4	-5,2407124900E-6
2,1209960219E+4	-5,2467082000E-6
2,1210517368E+4	-5,2907997400E-6
2,1211068024E+4	-5,2631041600E-6
2,1211627606E+4	-5,2453937600E-6
2,1212178892E+4	-5,0687970100E-6
2,1212741192E+4	-5,3642702500E-6
2,1213291883E+4	-5,1805939600E-6
2,1213850519E+4	-5,0104080100E-6
2,1214402667E+4	-5,1062471400E-6
2,1214963373E+4	-4,8909319400E-6
2,1215514323E+4	-4,9150300900E-6
2,1216070583E+4	-5,0490111700E-6
2,1216622300E+4	-4,9701445100E-6
2,1217177760E+4	-5,0481809900E-6
2,1217730043E+4	-5,1327435700E-6
2,1218282297E+4	-5,0753231100E-6
2,1218835973E+4	-4,9706287800E-6
2,1219386952E+4	-4,9902532000E-6
2,1219945407E+4	-5,0297557100E-6
2,1220497927E+4	-5,0639543200E-6
2,1221057309E+4	-4,9907605300E-6
2,1221608850E+4	-5,0652226500E-6
2,1222169427E+4	-5,0216384400E-6
2,1222721613E+4	-5,1647283900E-6
2,1223276065E+4	-5,0988447500E-6
2,1223826693E+4	-5,0310932100E-6
2,1224385473E+4	-4,9146841800E-6
2,1224935610E+4	-5,1319595200E-6
2,1225492549E+4	-5,2821751400E-6
2,1226043261E+4	-5,2690076300E-6
2,1226603289E+4	-5,2359159200E-6
2,1227154035E+4	-5,1244648800E-6
2,1227713055E+4	-5,2255617900E-6
2,1228263704E+4	-5,0450908900E-6
2,1228825744E+4	-4,9672850200E-6
2,1229377026E+4	-4,8780411700E-6
2,1229935247E+4	-4,8241489500E-6
2,1230486890E+4	-4,9870016800E-6
2,1231045724E+4	-4,6359528100E-6
2,1231597911E+4	-4,7904807300E-6
2,1232156104E+4	-4,8513141300E-6
2,1232706754E+4	-4,9273443600E-6
2,1233264742E+4	-4,8422513800E-6
2,1233816736E+4	-4,8734060200E-6
2,1234367427E+4	-4,8939298000E-6
2,1234926364E+4	-5,1143644100E-6
2,1235477029E+4	-5,0318542100E-6
2,1236031957E+4	-4,9356461100E-6
2,1236584523E+4	-4,8217045400E-6
2,1237135402E+4	-4,9867710800E-6
2,1237693193E+4	-4,8806931100E-6
2,1238243737E+4	-4,8184530200E-6
2,1238803335E+4	-4,7426534000E-6
2,1239355906E+4	-4,9153068100E-6
2,1239914668E+4	-4,8449955700E-6
2,1240465692E+4	-4,7571584100E-6
2,1241026148E+4	-4,7358275200E-6
2,1241577132E+4	-4,7511396400E-6
2,1242134971E+4	-4,7604791100E-6
2,1242686829E+4	-4,5870416500E-6
2,1243246236E+4	-4,5085208900E-6
2,1243796895E+4	-4,4768358700E-6
2,1244356850E+4	-4,4094994200E-6
2,1244907224E+4	-4,4105602000E-6
2,1245464893E+4	-4,3231150700E-6
2,1246016449E+4	-4,4776660400E-6
2,1246573546E+4	-4,3583052800E-6
2,1247124492E+4	-4,4583414100E-6
2,1247683520E+4	-4,4374717200E-6
2,1248235928E+4	-4,4004366800E-6
2,1248795370E+4	-4,1988193700E-6
2,1249346709E+4	-4,2320263800E-6
2,1249906308E+4	-4,3158971500E-6
2,1250457553E+4	-4,3334922600E-6
2,1251017104E+4	-4,1781341700E-6
2,1251567756E+4	-4,0017449600E-6
2,1252126394E+4	-4,2283136500E-6
2,1252679323E+4	-3,9730577900E-6
2,1253236197E+4	-4,2418270600E-6
2,1253786531E+4	-3,9264757300E-6
2,1254345993E+4	-4,1119276800E-6
2,1254896996E+4	-3,9863636600E-6
2,1255456652E+4	-4,1787337400E-6
2,1256007148E+4	-4,1265018700E-6
2,1256566765E+4	-4,3685671700E-6
2,1257117780E+4	-4,1239421600E-6
2,1257675484E+4	-4,2087814700E-6
2,1258228197E+4	-4,3978308500E-6
2,1258783155E+4	-4,2579924200E-6
2,1259333919E+4	-4,1085147400E-6
2,1259896467E+4	-4,1820775000E-6
2,1260446666E+4	-4,1975279800E-6
2,1261007417E+4	-4,0478888800E-6
2,1261559865E+4	-3,9498590000E-6
2,1262116108E+4	-4,0816032200E-6
2,1262667389E+4	-3,9321947200E-6
2,1263226992E+4	-4,0324153300E-6
2,1263778301E+4	-4,0049964800E-6
2,1264339000E+4	-3,9685840700E-6
2,1264889456E+4	-3,9190041500E-6
2,1265448492E+4	-4,0076023100E-6
2,1265998537E+4	-3,7249276100E-6
2,1266558709E+4	-3,9000946000E-6
2,1267109393E+4	-3,8437810400E-6
2,1267669944E+4	-3,8657345700E-6
2,1268221145E+4	-3,8557724700E-6
2,1268779711E+4	-3,6991921700E-6
2,1269331222E+4	-3,9129392600E-6
2,1269888433E+4	-3,8853820500E-6
2,1270439142E+4	-3,6466835800E-6
2,1270991375E+4	-3,4884429300E-6
2,1271545362E+4	-3,5909004100E-6
2,1272097478E+4	-3,5668483800E-6
2,1272651722E+4	-3,5152391500E-6
2,1273202330E+4	-3,4167480700E-6
2,1273752952E+4	-3,2800458600E-6
2,1274310753E+4	-3,3514178800E-6
2,1274862396E+4	-3,2364847200E-6
2,1275422293E+4	-3,2045229700E-6
2,1275973612E+4	-3,2299355600E-6
2,1276533321E+4	-2,9785077300E-6
2,1277086385E+4	-2,9575688600E-6
2,1277643652E+4	-2,9303114400E-6
2,1278193334E+4	-2,8563566500E-6
2,1278750164E+4	-2,8784946600E-6
2,1279301763E+4	-3,0181255400E-6
2,1279852390E+4	-2,9102719300E-6
2,1280409717E+4	-2,9595290000E-6
2,1280961032E+4	-2,7724628200E-6
2,1281518519E+4	-2,8486775300E-6
2,1282070054E+4	-2,8616605500E-6
2,1282629546E+4	-2,8008040800E-6
2,1283179728E+4	-2,8366861000E-6
2,1283742589E+4	-2,8119883900E-6
2,1284294622E+4	-2,7586265600E-6
2,1284852892E+4	-2,7263189000E-6
2,1285403758E+4	-2,8111582100E-6
2,1285962226E+4	-2,7878441200E-6
2,1286513060E+4	-3,0607412100E-6
2,1287073329E+4	-3,1539283900E-6
2,1287624397E+4	-2,8807084600E-6
2,1288182424E+4	-2,6846717700E-6
2,1288734416E+4	-2,5862960000E-6
2,1289292672E+4	-2,6311946500E-6
2,1289845747E+4	-2,5490764700E-6
2,1290404401E+4	-2,5514747500E-6
2,1290954614E+4	-2,4373717600E-6
2,1291516143E+4	-2,5297057100E-6
2,1292068439E+4	-2,5767259200E-6
2,1292623454E+4	-2,4685264000E-6
2,1293174325E+4	-2,2798921100E-6
2,1293732362E+4	-2,0501180200E-6
2,1294282736E+4	-2,1679568000E-6
2,1294843344E+4	-2,1839376800E-6
2,1295395153E+4	-1,8862045100E-6
2,1295951520E+4	-1,9397277600E-6
2,1296504368E+4	-1,6642479100E-6
2,1297064406E+4	-1,5426733400E-6
2,1297616184E+4	-1,4856218500E-6
2,1298174360E+4	-1,5583774900E-6
2,1298725517E+4	-1,3737787800E-6
2,1299284253E+4	-1,1572413800E-6
2,1299836141E+4	-1,1925699500E-6
2,1300393425E+4	-9,6173508100E-7
2,1300944358E+4	-8,1984427700E-7
2,1301500413E+4	-8,5300517000E-7
2,1302053104E+4	-6,3040287500E-7
2,1302612578E+4	-5,2642341300E-7
2,1303163321E+4	-2,4478642600E-7
2,1303721802E+4	-1,8907243600E-7
2,1304272341E+4	-8,2556326300E-9
2,1304822889E+4	2,1976586300E-8
2,1305380646E+4	1,3633324100E-7
2,1305932089E+4	4,8311593200E-7
2,1306489725E+4	3,2143928300E-7
2,1307040486E+4	2,1944301700E-7
2,1307599215E+4	5,8977040400E-7
2,1308149756E+4	7,6592900100E-7
2,1308707287E+4	1,0599955600E-6
2,1309257409E+4	1,0373732800E-6
2,1309812671E+4	1,1111435800E-6
2,1310363377E+4	1,3987993400E-6
2,1310922779E+4	1,3701813500E-6
2,1311475270E+4	1,4460040300E-6
2,1312027339E+4	1,6517952800E-6
2,1312579730E+4	1,6562459400E-6
2,1313131642E+4	1,9156757400E-6
2,1313683311E+4	2,0243134100E-6
2,1314240400E+4	2,0025213000E-6
2,1314791109E+4	2,0406171300E-6
2,1315349190E+4	2,0500257800E-6
2,1315899635E+4	2,1879040700E-6
2,1316459769E+4	2,3610878700E-6
2,1317010829E+4	2,6579908600E-6
2,1317571589E+4	2,8233110600E-6
2,1318123939E+4	2,6876235100E-6
2,1318682297E+4	2,8615913700E-6
2,1319234437E+4	2,9466151600E-6
2,1319793154E+4	3,1711084100E-6
2,1320344792E+4	3,1218744000E-6
2,1320903390E+4	3,1844603900E-6
2,1321455216E+4	3,3970775300E-6
2,1322013303E+4	3,4650135400E-6
2,1322564106E+4	3,6371596200E-6
2,1323121723E+4	3,9118323600E-6
2,1323674244E+4	3,7654447800E-6
2,1324226465E+4	3,8021108500E-6
2,1324784174E+4	3,9353770600E-6
2,1325336894E+4	4,1649436000E-6
2,1325893427E+4	4,1087222800E-6
2,1326443735E+4	4,4205223100E-6
2,1327003767E+4	4,6074040000E-6
2,1327555983E+4	4,5086823200E-6
2,1328114507E+4	4,7832858700E-6
2,1328664955E+4	4,6373825600E-6
2,1329224398E+4	4,7642149000E-6
2,1329775595E+4	4,7500327400E-6
2,1330333954E+4	4,6012007500E-6
2,1330885446E+4	4,7498252000E-6
2,1331441067E+4	4,7875520500E-6
2,1331992384E+4	4,7719401400E-6
2,1332549726E+4	4,8942295800E-6
2,1333102226E+4	4,9645177600E-6
2,1333656223E+4	5,0534387700E-6
2,1334207386E+4	5,1551583100E-6
2,1334758981E+4	5,2859339900E-6
2,1335316502E+4	5,2304506000E-6
2,1335868434E+4	5,3184953100E-6
2,1336424548E+4	5,3687901000E-6
2,1336976457E+4	5,4522919000E-6
2,1337527158E+4	5,4442668700E-6
2,1338084163E+4	5,6845334600E-6
2,1338635293E+4	5,7886282200E-6
2,1339190985E+4	5,9886313000E-6
2,1339741406E+4	5,9039995300E-6
2,1340298370E+4	6,1819929700E-6
2,1340848930E+4	6,1216669000E-6
2,1341405908E+4	6,2220950500E-6
2,1341957059E+4	6,3766229700E-6
2,1342510448E+4	6,5589387000E-6
2,1343060251E+4	6,6899680400E-6
2,1343611440E+4	6,5840515100E-6
2,1344172813E+4	6,7332985900E-6
2,1344725419E+4	6,6958253900E-6
2,1345280300E+4	7,0622786300E-6
2,1345831050E+4	7,0887058800E-6
2,1346382474E+4	7,0027827300E-6
2,1346941504E+4	6,8800090200E-6
2,1347492552E+4	6,9930973500E-6
2,1348049965E+4	6,9140923300E-6
2,1348600541E+4	6,9745798300E-6
2,1349160698E+4	6,8197751800E-6
2,1349712223E+4	7,0148894500E-6
2,1350272212E+4	6,9182201400E-6
2,1350822757E+4	6,8983420600E-6
2,1351380230E+4	7,0300632100E-6
2,1351930485E+4	6,9304882900E-6
2,1352480348E+4	6,6861400100E-6
2,1353039334E+4	6,7002991200E-6
2,1353591213E+4	6,7224601900E-6
2,1354147235E+4	6,6854712600E-6
2,1354698006E+4	6,6032839000E-6
2,1355257064E+4	6,7819099600E-6
2,1355809187E+4	6,8189680700E-6
2,1356364582E+4	6,7200619000E-6
2,1356915011E+4	6,6533711500E-6
2,1357470537E+4	6,7743461400E-6
2,1358022016E+4	6,6241305300E-6
2,1358573454E+4	6,8211588100E-6
2,1359130002E+4	7,0169879500E-6
2,1359681072E+4	7,0783748100E-6
2,1360241202E+4	7,0996365200E-6
2,1360792478E+4	7,2525963300E-6
2,1361350316E+4	7,3099706700E-6
2,1361901654E+4	7,0656223900E-6
2,1362462141E+4	7,2737196800E-6
2,1363014205E+4	7,3629635300E-6
2,1363569904E+4	7,3660305600E-6
2,1364120918E+4	7,4235202100E-6
2,1364678706E+4	7,3752777900E-6
2,1365229880E+4	7,5194285200E-6
2,1365788786E+4	7,2577849200E-6
2,1366341032E+4	7,3898058600E-6
2,1366897481E+4	7,5978800900E-6
2,1367449546E+4	7,4293775600E-6
2,1368008367E+4	7,5063071400E-6
2,1368558611E+4	7,6267748000E-6
2,1369120032E+4	7,6496276900E-6
2,1369671153E+4	7,7217837600E-6
2,1370228122E+4	7,6358606100E-6
2,1370779661E+4	7,7147272700E-6
2,1371337717E+4	7,7975833800E-6
2,1371890519E+4	7,8666032400E-6
2,1372448274E+4	7,9615660700E-6
2,1372999563E+4	8,0876604900E-6
2,1373556755E+4	8,0945324900E-6
2,1374108707E+4	8,3200865200E-6
2,1374667013E+4	8,2706910900E-6
2,1375217526E+4	8,4331517900E-6
2,1375772518E+4	8,4062172200E-6
2,1376323327E+4	8,5047544200E-6
2,1376880558E+4	8,7955233300E-6
2,1377433276E+4	8,6964096200E-6
2,1377984282E+4	8,7763601200E-6
2,1378540417E+4	8,8410676700E-6
2,1379091006E+4	9,0294021800E-6
2,1379647735E+4	9,2649644300E-6
2,1380200090E+4	9,3477513600E-6
2,1380750693E+4	9,2181517700E-6
2,1381307298E+4	9,1993575200E-6
2,1381858728E+4	9,1885421800E-6
2,1382414621E+4	9,2435413000E-6
2,1382964585E+4	9,3341918300E-6
2,1383524211E+4	9,2452247100E-6
2,1384075772E+4	9,4434060100E-6
2,1384630401E+4	9,4975518900E-6
2,1385182065E+4	9,6152753700E-6
2,1385737829E+4	9,5042624800E-6
2,1386290119E+4	9,6916053800E-6
2,1386842302E+4	9,6976241500E-6
2,1387394687E+4	9,7983520900E-6
2,1387945304E+4	9,9585528700E-6
2,1388499373E+4	9,8417979400E-6
2,1389050273E+4	9,8596697700E-6
2,1389602277E+4	9,8462947200E-6
2,1390160964E+4	9,8914239700E-6
2,1390711623E+4	9,9956801600E-6
2,1391270002E+4	9,9978939600E-6
2,1391820647E+4	9,9808523100E-6
2,1392380711E+4	1,0068251300E-5
2,1392930625E+4	1,0224209000E-5
2,1393490484E+4	1,0187819600E-5
2,1394041298E+4	1,0168864000E-5
2,1394604053E+4	1,0075907400E-5
2,1395155829E+4	1,0460486100E-5
2,1395708330E+4	1,0320324800E-5
2,1396259283E+4	1,0380535600E-5
2,1396818681E+4	1,0501994900E-5
2,1397369397E+4	1,0498005400E-5
2,1397928286E+4	1,0496875500E-5
2,1398479429E+4	1,0708685500E-5
2,1399038403E+4	1,0592668500E-5
2,1399588204E+4	1,0623431100E-5
2,1400150949E+4	1,0723536400E-5
2,1400703012E+4	1,0826870200E-5
2,1401262256E+4	1,0616536000E-5
2,1401813161E+4	1,0761978100E-5
2,1402372958E+4	1,0825786300E-5
2,1402925384E+4	1,0866072900E-5
2,1403481091E+4	1,0946507700E-5
2,1404032222E+4	1,1134058100E-5
2,1404588585E+4	1,1152921500E-5
2,1405139782E+4	1,1127877900E-5
2,1405701123E+4	1,1169824800E-5
2,1406254102E+4	1,1183315200E-5
2,1406806287E+4	1,1206721500E-5
2,1407357293E+4	1,1522718500E-5
2,1407910236E+4	1,1164889900E-5
2,1408468004E+4	1,1460824300E-5
2,1409021284E+4	1,1175013400E-5
2,1409575468E+4	1,1159701300E-5
2,1410128089E+4	1,1031600600E-5
2,1410683555E+4	1,0987831900E-5
2,1411235630E+4	1,0878341000E-5
2,1411791659E+4	1,0730984900E-5
2,1412343193E+4	1,0855073100E-5
2,1412900120E+4	1,0766843900E-5
2,1413450351E+4	1,0690052700E-5
2,1414000516E+4	1,0830075600E-5
2,1414560509E+4	1,0651726200E-5
2,1415110723E+4	1,0554734100E-5
2,1415669260E+4	1,0624284300E-5
2,1416221587E+4	1,0626013900E-5
2,1416781344E+4	1,0616397700E-5
2,1417332659E+4	1,0664178900E-5
2,1417891059E+4	1,0766474900E-5
2,1418443377E+4	1,0795600200E-5
2,1418999083E+4	1,0822419500E-5
2,1419549823E+4	1,0987001800E-5
2,1420107373E+4	1,0896374300E-5
2,1420660143E+4	1,0812388200E-5
2,1421215245E+4	1,1032500000E-5
2,1421767645E+4	1,1119276400E-5
2,1422321209E+4	1,1168395100E-5
2,1422874752E+4	1,1139016100E-5
2,1423426729E+4	1,1227130000E-5
2,1423981605E+4	1,1362402400E-5
2,1424532265E+4	1,1461585300E-5
2,1425093065E+4	1,1407716200E-5
2,1425643276E+4	1,1622016700E-5
2,1426202055E+4	1,1728279200E-5
2,1426752809E+4	1,1952933800E-5
2,1427312404E+4	1,1767735600E-5
2,1427863503E+4	1,2128608200E-5
2,1428423547E+4	1,2221518600E-5
2,1428975069E+4	1,2317034900E-5
2,1429533345E+4	1,2502210100E-5
2,1430084547E+4	1,2563435600E-5
2,1430640768E+4	1,2784239200E-5
2,1431192104E+4	1,2708347300E-5
2,1431747803E+4	1,2859393100E-5
2,1432299532E+4	1,2916283200E-5
2,1432854556E+4	1,3030547600E-5
2,1433406616E+4	1,2999692700E-5
2,1433958586E+4	1,3010877000E-5
2,1434512426E+4	1,3075630700E-5
2,1435064053E+4	1,3205276400E-5
2,1435619782E+4	1,3405417900E-5
2,1436170766E+4	1,3356183900E-5
2,1436729832E+4	1,3439985400E-5
2,1437281162E+4	1,3516430800E-5
2,1437842367E+4	1,3438094500E-5
2,1438393690E+4	1,3765345000E-5
2,1438949376E+4	1,3677623100E-5
2,1439500984E+4	1,3729601300E-5
2,1440056375E+4	1,3802795100E-5
2,1440608916E+4	1,3677554000E-5
2,1441169059E+4	1,3684771900E-5
2,1441720882E+4	1,3686801200E-5
2,1442274591E+4	1,3731999600E-5
2,1442826856E+4	1,3773669800E-5
2,1443379103E+4	1,3796983900E-5
2,1443934660E+4	1,3735274200E-5
2,1444486216E+4	1,3775606900E-5
2,1445044463E+4	1,3797122300E-5
2,1445595861E+4	1,3712628900E-5
2,1446154331E+4	1,3868863200E-5
2,1446706749E+4	1,3901609100E-5
2,1447268137E+4	1,3938390400E-5
2,1447819148E+4	1,3735966000E-5
2,1448376076E+4	1,3987024900E-5
2,1448926972E+4	1,3942979500E-5
2,1449488746E+4	1,4049403300E-5
2,1450039676E+4	1,4100228500E-5
2,1450598002E+4	1,4010200600E-5
2,1451149274E+4	1,4081872400E-5
2,1451706373E+4	1,3878802300E-5
2,1452258527E+4	1,3891877600E-5
2,1452814463E+4	1,3826893300E-5
2,1453364755E+4	1,3720238800E-5
2,1453926133E+4	1,3787321600E-5
2,1454476460E+4	1,3804155700E-5
2,1455033536E+4	1,3802195600E-5
2,1455584537E+4	1,3739978500E-5
2,1456142883E+4	1,3710023000E-5
2,1456693780E+4	1,3857148600E-5
2,1457249874E+4	1,3929535200E-5
2,1457800676E+4	1,3968207600E-5
2,1458356437E+4	1,4004112700E-5
2,1458909184E+4	1,3937790900E-5
2,1459465966E+4	1,4011284400E-5
2,1460017155E+4	1,4140100000E-5
2,1460573520E+4	1,4317826700E-5
2,1461125106E+4	1,4347090400E-5
2,1461680239E+4	1,4316812000E-5
2,1462231267E+4	1,4406909100E-5
2,1462782338E+4	1,4488865900E-5
2,1463340364E+4	1,4657137800E-5
2,1463892232E+4	1,4639773300E-5
2,1464446362E+4	1,4749517900E-5
2,1464997336E+4	1,4817984300E-5
2,1465554149E+4	1,4849946000E-5
2,1466104424E+4	1,4875335600E-5
2,1466665031E+4	1,4942326100E-5
2,1467215319E+4	1,4930911200E-5
2,1467774151E+4	1,5063162700E-5
2,1468326463E+4	1,5153029200E-5
2,1468880149E+4	1,5286318500E-5
2,1469433166E+4	1,5288993500E-5
2,1469987380E+4	1,5515193200E-5
2,1470538905E+4	1,5501357000E-5
2,1471097408E+4	1,5514755100E-5
2,1471650326E+4	1,5653509600E-5
2,1472201431E+4	1,5707332700E-5
2,1472755311E+4	1,5841659700E-5
2,1473306488E+4	1,6002044900E-5
2,1473867943E+4	1,5850584000E-5
2,1474419081E+4	1,6068113100E-5
2,1474978127E+4	1,6135149700E-5
2,1475528677E+4	1,6124380500E-5
2,1476087093E+4	1,6103925900E-5
2,1476638860E+4	1,6318641500E-5
2,1477194374E+4	1,6184960200E-5
2,1477745157E+4	1,6292306500E-5
2,1478295917E+4	1,6360680700E-5
2,1478855039E+4	1,6536585600E-5
2,1479407601E+4	1,6558539100E-5
2,1479963230E+4	1,6781602600E-5
2,1480514799E+4	1,6743991100E-5
2,1481075468E+4	1,6733798400E-5
2,1481625427E+4	1,6789120300E-5
2,1482187188E+4	1,6826916400E-5
2,1482738263E+4	1,6946161800E-5
2,1483292392E+4	1,6889940500E-5
2,1483844242E+4	1,6838031500E-5
2,1484396165E+4	1,6741592800E-5
2,1484953469E+4	1,6806162000E-5
2,1485505634E+4	1,6938551900E-5
2,1486062244E+4	1,7123473500E-5
2,1486612538E+4	1,7056506000E-5
2,1487173766E+4	1,6921740900E-5
2,1487725967E+4	1,7024890100E-5
2,1488284922E+4	1,6921602500E-5
2,1488835431E+4	1,6959629100E-5
2,1489396139E+4	1,6942449100E-5
2,1489947476E+4	1,6605513200E-5
2,1490504735E+4	1,6711498900E-5
2,1491056402E+4	1,6751347400E-5
2,1491613366E+4	1,6690836800E-5
2,1492165119E+4	1,7002521500E-5
2,1492720370E+4	1,6970905700E-5
2,1493272513E+4	1,7092826200E-5
2,1493830043E+4	1,6782940100E-5
2,1494383047E+4	1,6881108400E-5
2,1494936182E+4	1,6950981500E-5
2,1495491112E+4	1,7021338800E-5
2,1496043033E+4	1,7140376800E-5
2,1496601036E+4	1,7292483300E-5
2,1497152879E+4	1,7333369500E-5
2,1497712128E+4	1,7340910200E-5
2,1498263808E+4	1,7430061800E-5
2,1498823532E+4	1,7571560600E-5
2,1499374479E+4	1,7643117100E-5
2,1499933196E+4	1,7624207600E-5
2,1500484813E+4	1,7511972500E-5
2,1501040260E+4	1,7662879900E-5
2,1501592202E+4	1,7708954600E-5
2,1502146873E+4	1,7817315600E-5
2,1502697675E+4	1,7907643300E-5
2,1503256788E+4	1,7871415300E-5
2,1503807375E+4	1,8102065700E-5
2,1504360153E+4	1,8192070600E-5
2,1504916093E+4	1,8267132200E-5
2,1505468303E+4	1,8163867700E-5
2,1506023333E+4	1,8284150800E-5
2,1506574671E+4	1,8303821400E-5
2,1507125708E+4	1,8403165700E-5
2,1507685286E+4	1,8405748500E-5
2,1508237220E+4	1,8295842500E-5
2,1508797256E+4	1,8297595100E-5
2,1509348857E+4	1,8392788500E-5
2,1509907674E+4	1,8424127600E-5
2,1510459517E+4	1,8521488700E-5
2,1511018256E+4	1,8563043600E-5
2,1511570219E+4	1,8798052400E-5
2,1512127842E+4	1,8971674400E-5
2,1512679078E+4	1,8908004600E-5
2,1513238643E+4	1,8976609300E-5
2,1513789798E+4	1,8981313700E-5
2,1514349494E+4	1,9076507100E-5
2,1514901142E+4	1,9267678000E-5
2,1515458991E+4	1,9063870000E-5
2,1516010518E+4	1,9249875400E-5
2,1516564828E+4	1,9296964800E-5
2,1517115751E+4	1,9170386100E-5
2,1517673261E+4	1,9406363400E-5
2,1518224282E+4	1,9441323000E-5
2,1518780582E+4	1,9232626200E-5
2,1519332271E+4	1,9394625700E-5
2,1519884473E+4	1,9366445800E-5
2,1520438212E+4	1,9394072200E-5
2,1520989354E+4	1,9379290500E-5
2,1521548047E+4	1,9465790100E-5
2,1522098768E+4	1,9556486800E-5
2,1522649504E+4	1,9483984800E-5
2,1523207768E+4	1,9434428000E-5
2,1523759294E+4	1,9497175400E-5
2,1524316224E+4	1,9356806600E-5
2,1524867618E+4	1,9443398500E-5
2,1525426596E+4	1,9433298000E-5
2,1525978835E+4	1,9582360600E-5
2,1526538246E+4	1,9530497700E-5
2,1527090719E+4	1,9616190200E-5
2,1527645576E+4	1,9699023300E-5
2,1528195872E+4	1,9629726700E-5
2,1528746760E+4	1,9690398700E-5
2,1529307338E+4	1,9836417300E-5
2,1529859191E+4	2,0057636000E-5
2,1530415574E+4	1,9825440600E-5
2,1530966621E+4	1,9893814700E-5
2,1531526391E+4	1,9947314900E-5
2,1532077036E+4	1,9988754500E-5
2,1532638124E+4	1,9928151700E-5
2,1533190766E+4	1,9988247200E-5
2,1533748392E+4	2,0044952800E-5
2,1534299450E+4	1,9894691000E-5
2,1534858511E+4	2,0127094000E-5
2,1535410079E+4	1,9986748200E-5
2,1535969512E+4	2,0057797400E-5
2,1536521300E+4	2,0060241800E-5
2,1537079703E+4	2,0179003000E-5
2,1537631778E+4	2,0121167500E-5
2,1538186634E+4	2,0103849100E-5
2,1538737368E+4	2,0205476400E-5
2,1539295238E+4	2,0061187300E-5
2,1539848129E+4	2,0101935100E-5
2,1540402189E+4	2,0180363600E-5
2,1540952468E+4	2,0122343500E-5
2,1541512178E+4	2,0091373400E-5
2,1542064670E+4	2,0173422400E-5
2,1542620493E+4	2,0086415400E-5
2,1543172925E+4	2,0089274900E-5
2,1543729405E+4	2,0216084200E-5
2,1544279471E+4	2,0194038400E-5
2,1544840114E+4	2,0170101700E-5
2,1545392332E+4	2,0338327500E-5
2,1545950710E+4	2,0104102700E-5
2,1546502254E+4	2,0241243100E-5
2,1547063729E+4	2,0052193700E-5
2,1547615478E+4	2,0102557700E-5
2,1548172215E+4	2,0156426900E-5
2,1548724271E+4	2,0270114800E-5
2,1549283042E+4	2,0112081700E-5
2,1549834298E+4	2,0123957800E-5
2,1550392823E+4	2,0135672500E-5
2,1550944437E+4	2,0068705000E-5
2,1551502031E+4	2,0152944700E-5
2,1552053553E+4	2,0336667100E-5
2,1552604511E+4	2,0351702500E-5
2,1553155664E+4	2,0471501500E-5
2,1553712717E+4	2,0425795700E-5
2,1554263663E+4	2,0373563800E-5
2,1554825174E+4	2,0431376300E-5
2,1555376674E+4	2,0591484900E-5
2,1555932490E+4	2,0588164200E-5
2,1556483765E+4	2,0651326700E-5
2,1557035118E+4	2,0782263800E-5
2,1557590651E+4	2,0796007800E-5
2,1558141518E+4	2,0711260700E-5
2,1558699263E+4	2,0750163700E-5
2,1559250338E+4	2,0903331000E-5
2,1559801786E+4	2,0867287600E-5
2,1560360157E+4	2,1035697900E-5
2,1560911337E+4	2,1108914700E-5
2,1561470633E+4	2,0989461700E-5
2,1562022376E+4	2,1408262100E-5
2,1562581438E+4	2,1035559500E-5
2,1563134254E+4	2,1132205700E-5
2,1563692158E+4	2,0990753100E-5
2,1564243167E+4	2,1302322500E-5
2,1564797454E+4	2,1104002800E-5
2,1565348891E+4	2,1158702200E-5
2,1565899871E+4	2,1174406300E-5
2,1566459210E+4	2,1381465900E-5
2,1567010079E+4	2,1295219900E-5
2,1567568249E+4	2,1641725900E-5
2,1568120926E+4	2,1539222300E-5
2,1568679241E+4	2,1540744300E-5
2,1569231204E+4	2,1727418400E-5
2,1569789290E+4	2,1686901200E-5
2,1570339370E+4	2,1682888700E-5
2,1570899102E+4	2,1868617400E-5
2,1571449562E+4	2,1967408300E-5
2,1572010341E+4	2,2118477100E-5
2,1572561745E+4	2,2085316200E-5
2,1573119650E+4	2,1953387500E-5
2,1573671090E+4	2,1921126000E-5
2,1574228016E+4	2,2058243300E-5
2,1574779134E+4	2,2014843600E-5
2,1575329768E+4	2,2131898300E-5
2,1575888094E+4	2,1992728600E-5
2,1576439115E+4	2,2019155900E-5
2,1576996937E+4	2,1989454000E-5
2,1577548327E+4	2,2051624900E-5
2,1578105957E+4	2,2103649300E-5
2,1578656842E+4	2,2074293300E-5
2,1579214325E+4	2,2245793700E-5
2,1579767041E+4	2,2399883500E-5
2,1580321339E+4	2,2389068200E-5
2,1580871725E+4	2,2347144300E-5
2,1581422492E+4	2,2364647200E-5
2,1581982098E+4	2,2395202200E-5
2,1582533948E+4	2,2272613000E-5
2,1583089653E+4	2,2387085000E-5
2,1583640462E+4	2,2362940700E-5
2,1584201929E+4	2,2654862600E-5
2,1584754544E+4	2,2548092900E-5
2,1585312976E+4	2,2586995800E-5
2,1585863896E+4	2,2650665600E-5
2,1586420673E+4	2,2659912900E-5
2,1586971705E+4	2,2605167400E-5
2,1587531164E+4	2,2752708000E-5
2,1588081705E+4	2,2696671200E-5
2,1588638581E+4	2,2667107700E-5
2,1589190829E+4	2,2627259300E-5
2,1589746097E+4	2,2667592000E-5
2,1590298094E+4	2,2817969000E-5
2,1590853357E+4	2,2787437000E-5
2,1591404778E+4	2,3011215400E-5
2,1591964350E+4	2,3018018200E-5
2,1592514851E+4	2,3136226000E-5
2,1593073172E+4	2,3180755700E-5
2,1593624993E+4	2,3346929100E-5
2,1594182279E+4	2,3479226800E-5
2,1594732852E+4	2,3403450200E-5
2,1595292384E+4	2,3325828800E-5
2,1595844145E+4	2,3369966500E-5
2,1596402691E+4	2,3341994200E-5
2,1596955006E+4	2,3398976500E-5
2,1597512363E+4	2,3275234200E-5
2,1598062699E+4	2,3324468200E-5
2,1598623935E+4	2,3346537100E-5
2,1599176426E+4	2,3517068900E-5
2,1599732770E+4	2,3429693000E-5
2,1600283344E+4	2,3698346900E-5
2,1600841473E+4	2,3804102000E-5
2,1601393570E+4	2,3685709800E-5
2,1601945664E+4	2,3900264000E-5
2,1602503697E+4	2,3913247000E-5
2,1603054843E+4	2,3875174300E-5
2,1603611385E+4	2,3963195900E-5
2,1604163114E+4	2,3804332600E-5
2,1604719811E+4	2,3719032100E-5
2,1605270474E+4	2,3939535900E-5
2,1605831113E+4	2,3922632600E-5
2,1606382625E+4	2,3957292400E-5
2,1606939465E+4	2,3929158700E-5
2,1607490617E+4	2,4105755500E-5
2,1608050803E+4	2,4213862800E-5
2,1608603354E+4	2,4148555600E-5
2,1609161662E+4	2,4187666100E-5
2,1609712067E+4	2,4232195800E-5
2,1610273075E+4	2,4165966200E-5
2,1610825170E+4	2,4153628900E-5
2,1611381974E+4	2,4373025800E-5
2,1611933398E+4	2,4259753000E-5
2,1612493790E+4	2,4369336100E-5
2,1613045533E+4	2,4336659500E-5
2,1613603410E+4	2,4484200100E-5
2,1614154404E+4	2,4625652800E-5
2,1614716219E+4	2,4694488200E-5
2,1615267078E+4	2,4505415700E-5
2,1615822579E+4	2,4888195700E-5
2,1616373692E+4	2,4812742000E-5
2,1616934219E+4	2,4685771300E-5
2,1617486242E+4	2,4971051900E-5
2,1618043312E+4	2,4967638900E-5
2,1618596106E+4	2,4916606200E-5
2,1619152938E+4	2,5187889000E-5
2,1619703645E+4	2,5155212400E-5
2,1620262944E+4	2,5068113200E-5
2,1620814448E+4	2,4934731700E-5
2,1621373474E+4	2,4981406000E-5
2,1621924284E+4	2,5119353500E-5
2,1622484544E+4	2,5078167500E-5
2,1623035365E+4	2,5109852600E-5
2,1623594523E+4	2,5199419300E-5
2,1624146176E+4	2,5205830100E-5
2,1624700622E+4	2,5264680300E-5
2,1625251279E+4	2,5168748900E-5
2,1625807975E+4	2,5319956100E-5
2,1626360221E+4	2,5501095800E-5
2,1626917119E+4	2,5440493000E-5
2,1627468420E+4	2,5496299200E-5
2,1628019222E+4	2,5552912500E-5
2,1628574435E+4	2,5395525100E-5
2,1629125735E+4	2,5534095200E-5
2,1629686787E+4	2,5503678500E-5
2,1630237882E+4	2,5483316200E-5
2,1630798093E+4	2,5441669000E-5
2,1631349507E+4	2,5393565000E-5
2,1631907625E+4	2,5451838700E-5
2,1632460023E+4	2,5553742700E-5
2,1633015455E+4	2,5581691900E-5
2,1633567377E+4	2,5521573400E-5
2,1634125990E+4	2,5776806200E-5
2,1634677368E+4	2,5560868400E-5
2,1635237687E+4	2,5608787900E-5
2,1635789665E+4	2,5626567500E-5
2,1636349164E+4	2,5620940800E-5
2,1636901369E+4	2,5468788100E-5
2,1637457230E+4	2,5509812600E-5
2,1638008088E+4	2,5541059500E-5
2,1638569045E+4	2,5684080200E-5
2,1639119669E+4	2,5650596500E-5
2,1639678551E+4	2,5659520900E-5
2,1640230975E+4	2,5882838000E-5
2,1640789300E+4	2,5786468500E-5
2,1641341043E+4	2,5980314500E-5
2,1641899428E+4	2,5909196100E-5
2,1642451024E+4	2,5798252400E-5
2,1643009614E+4	2,5824034000E-5
2,1643560419E+4	2,5932510200E-5
2,1644112323E+4	2,6059849900E-5
2,1644664523E+4	2,5933248100E-5
2,1645216506E+4	2,5935369700E-5
2,1645771666E+4	2,6010062400E-5
2,1646322723E+4	2,6000146400E-5
2,1646873460E+4	2,5799267100E-5
2,1647431326E+4	2,6001576200E-5
2,1647981810E+4	2,5971205600E-5
2,1648543202E+4	2,6211472200E-5
2,1649096115E+4	2,6007041500E-5
2,1649652574E+4	2,6075830800E-5
2,1650205082E+4	2,6153913400E-5
2,1650762692E+4	2,6134681000E-5
2,1651314163E+4	2,6264857100E-5
2,1651870408E+4	2,6267739600E-5
2,1652422002E+4	2,6297441500E-5
2,1652973515E+4	2,6383641300E-5
2,1653531249E+4	2,6268708200E-5
2,1654082986E+4	2,6284550700E-5
2,1654639818E+4	2,6400659900E-5
2,1655192078E+4	2,6514209500E-5
2,1655751468E+4	2,6539991000E-5
2,1656304136E+4	2,6602346400E-5
2,1656861534E+4	2,6404856900E-5
2,1657413868E+4	2,6460178900E-5
2,1657973064E+4	2,6302468600E-5
2,1658523627E+4	2,6435458100E-5
2,1659081638E+4	2,6519582500E-5
2,1659631780E+4	2,6430038900E-5
2,1660194119E+4	2,6492394300E-5
2,1660745073E+4	2,6519928400E-5
2,1661304153E+4	2,6557909000E-5
2,1661856731E+4	2,6547070600E-5
2,1662413774E+4	2,6587495500E-5
2,1662965214E+4	2,6687900600E-5
2,1663523987E+4	2,6739555900E-5
2,1664075610E+4	2,6672588500E-5
2,1664636053E+4	2,6736788700E-5
2,1665186986E+4	2,6642287100E-5
2,1665744013E+4	2,6675079000E-5
2,1666295195E+4	2,6736788700E-5
2,1666852500E+4	2,6841552200E-5
2,1667404357E+4	2,6721799400E-5
2,1667959580E+4	2,6716656900E-5
2,1668512329E+4	2,6659859100E-5
2,1669067334E+4	2,6689953000E-5
2,1669619436E+4	2,6782425300E-5
2,1670169968E+4	2,6789551000E-5
2,1670726240E+4	2,6843074200E-5
2,1671277127E+4	2,6802372600E-5
2,1671835918E+4	2,6769649800E-5
2,1672386259E+4	2,6769419200E-5
2,1672946359E+4	2,6996080100E-5
2,1673496908E+4	2,6999908200E-5
2,1674059052E+4	2,6997071700E-5
2,1674610376E+4	2,6922748000E-5
2,1675168118E+4	2,6968407600E-5
2,1675719054E+4	2,6942603000E-5
2,1676278971E+4	2,7084286300E-5
2,1676830009E+4	2,7135757100E-5
2,1677390226E+4	2,7181785700E-5
2,1677941822E+4	2,7216053500E-5
2,1678497018E+4	2,7150492700E-5
2,1679047394E+4	2,7098768200E-5
2,1679598274E+4	2,7166542800E-5
2,1680157511E+4	2,7194837900E-5
2,1680708306E+4	2,7105109800E-5
2,1681265703E+4	2,7253342200E-5
2,1681816205E+4	2,7244302600E-5
2,1682378170E+4	2,7089521000E-5
2,1682930677E+4	2,7171938900E-5
2,1683486123E+4	2,7193292900E-5
2,1684038151E+4	2,7274096600E-5
2,1684591668E+4	2,7303683200E-5
2,1685143592E+4	2,7160293400E-5
2,1685694766E+4	2,7299855100E-5
2,1686252301E+4	2,7277394300E-5
2,1686805929E+4	2,7236300600E-5
2,1687360378E+4	2,7408815600E-5
2,1687912206E+4	2,7394149200E-5
2,1688471832E+4	2,7449355900E-5
2,1689022413E+4	2,7327135600E-5
2,1689584235E+4	2,7546486400E-5
2,1690134991E+4	2,7430792200E-5
2,1690690747E+4	2,7515839100E-5
2,1691241622E+4	2,7561452600E-5
2,1691793133E+4	2,7595005500E-5
2,1692351084E+4	2,7715357900E-5
2,1692903444E+4	2,7713490000E-5
2,1693458908E+4	2,7894837200E-5
2,1694009247E+4	2,7749787100E-5
2,1694569986E+4	2,7874359500E-5
2,1695121060E+4	2,7705441900E-5
2,1695681136E+4	2,7699284800E-5
2,1696234333E+4	2,7813111000E-5
2,1696790577E+4	2,7910333800E-5
2,1697342813E+4	2,8018164300E-5
2,1697900779E+4	2,7841729000E-5
2,1698451364E+4	2,7865043100E-5
2,1699011841E+4	2,7883791200E-5
2,1699562584E+4	2,8087207300E-5
2,1700124052E+4	2,8020170600E-5
2,1700676306E+4	2,8205576400E-5
2,1701230685E+4	2,7994504400E-5
2,1701781441E+4	2,7947046000E-5
2,1702331224E+4	2,8111282400E-5
2,1702890917E+4	2,8182308500E-5
2,1703442899E+4	2,8233064500E-5
2,1703998858E+4	2,8204054400E-5
2,1704548329E+4	2,8338196900E-5
2,1705099994E+4	2,8380512800E-5
2,1705659265E+4	2,8385217200E-5
2,1706212151E+4	2,8489842300E-5
2,1706768505E+4	2,8445451000E-5
2,1707321216E+4	2,8554826600E-5
2,1707879813E+4	2,8448887000E-5
2,1708432125E+4	2,8535340500E-5
2,1708992631E+4	2,8547447300E-5
2,1709545305E+4	2,8590132100E-5
2,1710102036E+4	2,8612408500E-5
2,1710654130E+4	2,8618750100E-5
2,1711211232E+4	2,8760664000E-5
2,1711761386E+4	2,8793894000E-5
2,1712321744E+4	2,8838077800E-5
2,1712872231E+4	2,8873729200E-5
2,1713434148E+4	2,8846679300E-5
2,1713984863E+4	2,8785707600E-5
2,1714543631E+4	2,8903823100E-5
2,1715095202E+4	2,8895037100E-5
2,1715653181E+4	2,8895221500E-5
2,1716204427E+4	2,8956608400E-5
2,1716761220E+4	2,8966893300E-5
2,1717314354E+4	2,9055952700E-5
2,1717868481E+4	2,8919780900E-5
2,1718419571E+4	2,9121306000E-5
2,1718976062E+4	2,9250421300E-5
2,1719527303E+4	2,9213270900E-5
2,1720083299E+4	2,9115771500E-5
2,1720635192E+4	2,9414242600E-5
2,1721194300E+4	2,9118008300E-5
2,1721744379E+4	2,9274012100E-5
2,1722305463E+4	2,9345614700E-5
2,1722856305E+4	2,9220765600E-5
2,1723417377E+4	2,9245786100E-5
2,1723969400E+4	2,9232895400E-5
2,1724525495E+4	2,9253557500E-5
2,1725077141E+4	2,9301223400E-5
2,1725634318E+4	2,9332147400E-5
2,1726184677E+4	2,9307588100E-5
2,1726736423E+4	2,9360719300E-5
2,1727295041E+4	2,9250905600E-5
2,1727846174E+4	2,9232941500E-5
2,1728402486E+4	2,9350434400E-5
2,1728953708E+4	2,9173952900E-5
2,1729512410E+4	2,9308026200E-5
2,1730063092E+4	2,9467581300E-5
2,1730623250E+4	2,9494008600E-5
2,1731175285E+4	2,9433198200E-5
2,1731729578E+4	2,9627113400E-5
2,1732281988E+4	2,9596120100E-5
2,1732834609E+4	2,9491564200E-5
2,1733389814E+4	2,9531758500E-5
2,1733940957E+4	2,9574512500E-5
2,1734499376E+4	2,9502587100E-5
2,1735050801E+4	2,9589663200E-5
2,1735609374E+4	2,9659052000E-5
2,1736159746E+4	2,9622962500E-5
2,1736716304E+4	2,9548131400E-5
2,1737267693E+4	2,9670490000E-5
2,1737823344E+4	2,9570915100E-5
2,1738373432E+4	2,9646253500E-5
2,1738932444E+4	2,9732868500E-5
2,1739483420E+4	2,9658544700E-5
2,1740044616E+4	2,9742231000E-5
2,1740596997E+4	2,9612815900E-5
2,1741153462E+4	2,9869962700E-5
2,1741703771E+4	2,9698692900E-5
2,1742255115E+4	2,9874367200E-5
2,1742811693E+4	2,9826793600E-5
2,1743363592E+4	2,9830321800E-5
2,1743922186E+4	2,9890786300E-5
2,1744474380E+4	2,9890048300E-5
2,1745031306E+4	2,9914561600E-5
2,1745581534E+4	2,9845610900E-5
2,1746137747E+4	3,0034245200E-5
2,1746689629E+4	3,0089913100E-5
2,1747244753E+4	3,0006711000E-5
2,1747795738E+4	3,0092657200E-5
2,1748348230E+4	3,0173484000E-5
2,1748903133E+4	3,0179387500E-5
2,1749454280E+4	3,0291138300E-5
2,1750014609E+4	3,0235286000E-5
2,1750565079E+4	3,0435058500E-5
2,1751121523E+4	3,0362026100E-5
2,1751673894E+4	3,0282167800E-5
2,1752234068E+4	3,0555618400E-5
2,1752784942E+4	3,0351741100E-5
2,1753342057E+4	3,0235009300E-5
2,1753892531E+4	3,0333684800E-5
2,1754444946E+4	3,0425995700E-5
2,1754999264E+4	3,0457242600E-5
2,1755552299E+4	3,0493954800E-5
2,1756107544E+4	3,0655677600E-5
2,1756659285E+4	3,0591938500E-5
2,1757215279E+4	3,0454936500E-5
2,1757767781E+4	3,0562721000E-5
2,1758326439E+4	3,0598579900E-5
2,1758877827E+4	3,0652864200E-5
2,1759434730E+4	3,0718148200E-5
2,1759985254E+4	3,0552182400E-5
2,1760535661E+4	3,0436419000E-5
2,1761093816E+4	3,0344108100E-5
2,1761645107E+4	3,0462892400E-5
2,1762203135E+4	3,0464852500E-5
2,1762754692E+4	3,0357806000E-5
2,1763313453E+4	3,0379598100E-5
2,1763863274E+4	3,0460886100E-5
2,1764425719E+4	3,0390252000E-5
2,1764979353E+4	3,0393895600E-5
2,1765533216E+4	3,0268700500E-5
2,1766083324E+4	3,0341294800E-5
2,1766633586E+4	3,0417002100E-5
2,1767193280E+4	3,0409461400E-5
2,1767744691E+4	3,0409276900E-5
2,1768301825E+4	3,0358728400E-5
2,1768853462E+4	3,0417325000E-5
2,1769412632E+4	3,0544318800E-5
2,1769965106E+4	3,0462961600E-5
2,1770523026E+4	3,0585043500E-5
2,1771073485E+4	3,0582691300E-5
2,1771630563E+4	3,0684134100E-5
2,1772182185E+4	3,0767774300E-5
2,1772739511E+4	3,0953018700E-5
2,1773291267E+4	3,0863959300E-5
2,1773851179E+4	3,0863959300E-5
2,1774402116E+4	3,0730047400E-5
2,1774960096E+4	3,0747250500E-5
2,1775511589E+4	3,0811058700E-5
2,1776062740E+4	3,0783501500E-5
2,1776613626E+4	3,0991091500E-5
2,1777171036E+4	3,1100144200E-5
2,1777722612E+4	3,1097215500E-5
2,1778279964E+4	3,1105448100E-5
2,1778832206E+4	3,1351710400E-5
2,1779385940E+4	3,1258592400E-5
2,1779937298E+4	3,1050887100E-5
2,1780487331E+4	3,1203570200E-5
2,1781045787E+4	3,1163445100E-5
2,1781597926E+4	3,1168541400E-5
2,1782153622E+4	3,1190933100E-5
2,1782704989E+4	3,1082503000E-5
2,1783265901E+4	3,0961920000E-5
2,1783816320E+4	3,1066706600E-5
2,1784377923E+4	3,1037742700E-5
2,1784928681E+4	3,1008963300E-5
2,1785486845E+4	3,1149516600E-5
2,1786038350E+4	3,0933947700E-5
2,1786598382E+4	3,0940266300E-5
2,1787148473E+4	3,0894537400E-5
2,1787708632E+4	3,0911302400E-5
2,1788260091E+4	3,0882338500E-5
2,1788818194E+4	3,0906874800E-5
2,1789371280E+4	3,0826140200E-5
2,1789927305E+4	3,0781610500E-5
2,1790477850E+4	3,0701521700E-5
2,1791039361E+4	3,0807023100E-5
2,1791590423E+4	3,0535694200E-5
2,1792145773E+4	3,0705511100E-5
2,1792697335E+4	3,0637990200E-5
2,1793247322E+4	3,0721192200E-5
2,1793798843E+4	3,0783939600E-5
2,1794354441E+4	3,0845372600E-5
2,1794906202E+4	3,0784654500E-5
2,1795463239E+4	3,0773331800E-5
2,1796013653E+4	3,1016527100E-5
2,1796568823E+4	3,0850307600E-5
2,1797120189E+4	3,0981959500E-5
2,1797671491E+4	3,1054899700E-5
2,1798228817E+4	3,1028034300E-5
2,1798779785E+4	3,0906920900E-5
2,1799336594E+4	3,1016619300E-5
2,1799887573E+4	3,1074800800E-5
2,1800446186E+4	3,0984265600E-5
2,1800998095E+4	3,1020193700E-5
2,1801553830E+4	3,1135934000E-5
2,1802104669E+4	3,1115525500E-5
2,1802660357E+4	3,1208551300E-5
2,1803212012E+4	3,1016734600E-5
2,1803763761E+4	3,1088798500E-5
2,1804314719E+4	3,1066360700E-5
2,1804871027E+4	3,1166673500E-5
2,1805424039E+4	3,1238368400E-5
2,1805978308E+4	3,1270768300E-5
2,1806529776E+4	3,1221511200E-5
2,1807085019E+4	3,1276026100E-5
2,1807636375E+4	3,1226261700E-5
2,1808186966E+4	3,1209612100E-5
2,1808744558E+4	3,1024575200E-5
2,1809295660E+4	3,1230942900E-5
2,1809854871E+4	3,1119376600E-5
2,1810405616E+4	3,0991552700E-5
2,1810965291E+4	3,0870208700E-5
2,1811517799E+4	3,1054323100E-5
2,1812077280E+4	3,0887481000E-5
2,1812627380E+4	3,0774415700E-5
2,1813183752E+4	3,0654432300E-5
2,1813734453E+4	3,0716280400E-5
2,1814286112E+4	3,0788897600E-5
2,1814842771E+4	3,0913377800E-5
2,1815394663E+4	3,0751309100E-5
2,1815951156E+4	3,0642925100E-5
2,1816504103E+4	3,0618988400E-5
2,1817056408E+4	3,0662157500E-5
2,1817611415E+4	3,0581492200E-5
2,1818161462E+4	3,0769227100E-5
2,1818722518E+4	3,0698708300E-5
2,1819273688E+4	3,0880747300E-5
2,1819833929E+4	3,0867372300E-5
2,1820384725E+4	3,0829968300E-5
2,1820944943E+4	3,0817976800E-5
2,1821497144E+4	3,0815716900E-5
2,1822056029E+4	3,1050633500E-5
2,1822608298E+4	3,0923432200E-5
2,1823165657E+4	3,0960236600E-5
2,1823716874E+4	3,0989592500E-5
2,1824276352E+4	3,0924054800E-5
2,1824827587E+4	3,1233571800E-5
2,1825383461E+4	3,0938605900E-5
2,1825935250E+4	3,1181363000E-5
2,1826486417E+4	3,0985234100E-5
2,1827042755E+4	3,1143543900E-5
2,1827594279E+4	3,1076876200E-5
2,1828149290E+4	3,1232926100E-5
2,1828702122E+4	3,1111397700E-5
2,1829259354E+4	3,1075976900E-5
2,1829810135E+4	3,1045421800E-5
2,1830368679E+4	3,0912386200E-5
2,1830920168E+4	3,1054738200E-5
2,1831478198E+4	3,0908489000E-5
2,1832031165E+4	3,1084762900E-5
2,1832586613E+4	3,1019824700E-5
2,1833139495E+4	3,1003105900E-5
2,1833692958E+4	3,1013667600E-5
2,1834243700E+4	3,0932379600E-5
2,1834800745E+4	3,0869724400E-5
2,1835351992E+4	3,0886258800E-5
2,1835912689E+4	3,0758342600E-5
2,1836466231E+4	3,0745036700E-5
2,1837022164E+4	3,0727003500E-5
2,1837574271E+4	3,0679291400E-5
2,1838131209E+4	3,0971028900E-5
2,1838682992E+4	3,0837578200E-5
2,1839240159E+4	3,0743975900E-5
2,1839791034E+4	3,0745728500E-5
2,1840348996E+4	3,0749026200E-5
2,1840901025E+4	3,0738810400E-5
2,1841458244E+4	3,0855542300E-5
2,1842008503E+4	3,0841429300E-5
2,1842570691E+4	3,0832666300E-5
2,1843122643E+4	3,0918474200E-5
2,1843681045E+4	3,0831029000E-5
2,1844232485E+4	3,0866957200E-5
2,1844788562E+4	3,0904453400E-5
2,1845341326E+4	3,0820721000E-5
2,1845894085E+4	3,0746074400E-5
2,1846449971E+4	3,0788321100E-5
2,1847000888E+4	3,0781564400E-5
2,1847559668E+4	3,0852936400E-5
2,1848111843E+4	3,0725435300E-5
2,1848670410E+4	3,0752346900E-5
2,1849220796E+4	3,0792287500E-5
2,1849781759E+4	3,0827708300E-5
2,1850332944E+4	3,0763254400E-5
2,1850890757E+4	3,0627059600E-5
2,1851442640E+4	3,0645623200E-5
2,1852000851E+4	3,0818253600E-5
2,1852552353E+4	3,0797614500E-5
2,1853112408E+4	3,0875351200E-5
2,1853664664E+4	3,1098875900E-5
2,1854223393E+4	3,0878049200E-5
2,1854774361E+4	3,0842720700E-5
2,1855332136E+4	3,0860085200E-5
2,1855884003E+4	3,1006541900E-5
2,1856438486E+4	3,0887757700E-5
2,1856991179E+4	3,1093641200E-5
2,1857551339E+4	3,1153598300E-5
2,1858102480E+4	3,1095762700E-5
2,1858658960E+4	3,1009101600E-5
2,1859209534E+4	3,1066476000E-5
2,1859760464E+4	3,1112942700E-5
2,1860319415E+4	3,1028956700E-5
2,1860871884E+4	3,1071756800E-5
2,1861428546E+4	3,1056329400E-5
2,1861981090E+4	3,1299340200E-5
2,1862539744E+4	3,1134504200E-5
2,1863090735E+4	3,1278816400E-5
2,1863650397E+4	3,1163583400E-5
2,1864200687E+4	3,1204008400E-5
2,1864761905E+4	3,1142229500E-5
2,1865313027E+4	3,1270191800E-5
2,1865869797E+4	3,1230689300E-5
2,1866422400E+4	3,1123250800E-5
2,1866978455E+4	3,1246047500E-5
2,1867529482E+4	3,1180463700E-5
2,1868086069E+4	3,1187750800E-5
2,1868637351E+4	3,1190725600E-5
2,1869193445E+4	3,1189318900E-5
2,1869746001E+4	3,1287072000E-5
2,1870296985E+4	3,1448771700E-5
2,1870853706E+4	3,1359481800E-5
2,1871404330E+4	3,1394925600E-5
2,1871959329E+4	3,1448126000E-5
2,1872510046E+4	3,1298763700E-5
2,1873061830E+4	3,1268139400E-5
2,1873622142E+4	3,1296342300E-5
2,1874172694E+4	3,1310132500E-5
2,1874730755E+4	3,1409223100E-5
2,1875283477E+4	3,1392642700E-5
2,1875841957E+4	3,1340410800E-5
2,1876393373E+4	3,1442061200E-5
2,1876952537E+4	3,1274273500E-5
2,1877503572E+4	3,1479695800E-5
2,1878061902E+4	3,1314906000E-5
2,1878613250E+4	3,1248814800E-5
2,1879172510E+4	3,1385078800E-5
2,1879724329E+4	3,1444182700E-5
2,1880285282E+4	3,1483569900E-5
2,1880836248E+4	3,1357913700E-5
2,1881394461E+4	3,1407470500E-5
2,1881945933E+4	3,1391028400E-5
2,1882503866E+4	3,1571845200E-5
2,1883054453E+4	3,1500749900E-5
2,1883611579E+4	3,1364601200E-5
2,1884162879E+4	3,1628666100E-5
2,1884723542E+4	3,1406294400E-5
2,1885273179E+4	3,1547078300E-5
2,1885830405E+4	3,1539468400E-5
2,1886381929E+4	3,1511657500E-5
2,1886941344E+4	3,1542812200E-5
2,1887493541E+4	3,1543527000E-5
2,1888052382E+4	3,1600048100E-5
2,1888602697E+4	3,1599333300E-5
2,1889160926E+4	3,1536770300E-5
2,1889711605E+4	3,1532435000E-5
2,1890270744E+4	3,1651127000E-5
2,1890821657E+4	3,1761632500E-5
2,1891384060E+4	3,1768112500E-5
2,1891934518E+4	3,1705111400E-5
2,1892492453E+4	3,1808076200E-5
2,1893042497E+4	3,1758058200E-5
2,1893600576E+4	3,1775768600E-5
2,1894153653E+4	3,1899234100E-5
2,1894705301E+4	3,1862521900E-5
2,1895261618E+4	3,2014236500E-5
2,1895813139E+4	3,2068497600E-5
2,1896370230E+4	3,2061026100E-5
2,1896921861E+4	3,2019425000E-5
2,1897482380E+4	3,1970859800E-5
2,1898034155E+4	3,1909980300E-5
2,1898593067E+4	3,1964379800E-5
2,1899143650E+4	3,1822373700E-5
2,1899703356E+4	3,1837017100E-5
2,1900254880E+4	3,1842966700E-5
2,1900813004E+4	3,1891139900E-5
2,1901363441E+4	3,1865496700E-5
2,1901923396E+4	3,1828000400E-5
2,1902474933E+4	3,1683273200E-5
2,1903036420E+4	3,1789697100E-5
2,1903587372E+4	3,1795692800E-5
2,1904144036E+4	3,1892777200E-5
2,1904696286E+4	3,1786630000E-5
2,1905246492E+4	3,1798644500E-5
2,1905806164E+4	3,1776160600E-5
2,1906358340E+4	3,1789766300E-5
2,1906914450E+4	3,1777175300E-5
2,1907464432E+4	3,1830929100E-5
2,1908024405E+4	3,1800950600E-5
2,1908575089E+4	3,1802634000E-5
2,1909126179E+4	3,1981744300E-5
2,1909684223E+4	3,1976048400E-5
2,1910235779E+4	3,1740647600E-5
2,1910795331E+4	3,1680459800E-5
2,1911346425E+4	3,1703128200E-5
2,1911904903E+4	3,1805124500E-5
2,1912456472E+4	3,1781072500E-5
2,1913012253E+4	3,1725727500E-5
2,1913562621E+4	3,1849700300E-5
2,1914120954E+4	3,1899856700E-5
2,1914671636E+4	3,1863398200E-5
2,1915230320E+4	3,1748926200E-5
2,1915782363E+4	3,1618265900E-5
2,1916335573E+4	3,1794240000E-5
2,1916886193E+4	3,1902900700E-5
2,1917438056E+4	3,1886181900E-5
2,1917995464E+4	3,1843012800E-5
2,1918547669E+4	3,1748026900E-5
2,1919106203E+4	3,1808675800E-5
2,1919658166E+4	3,1738779700E-5
2,1920218115E+4	3,1910118600E-5
2,1920769437E+4	3,1918581800E-5
2,1921328101E+4	3,1689292000E-5
2,1921878522E+4	3,1865150800E-5
2,1922436985E+4	3,1780496000E-5
2,1922988916E+4	3,1778466700E-5
2,1923544073E+4	3,1646883900E-5
2,1924099568E+4	3,1794954900E-5
2,1924651760E+4	3,1730454800E-5
2,1925204687E+4	3,1663602700E-5
2,1925757522E+4	3,1842321000E-5
2,1926308345E+4	3,1722937100E-5
2,1926858814E+4	3,1811812000E-5
2,1927417307E+4	3,1720861700E-5
2,1927969176E+4	3,1718048300E-5
2,1928523504E+4	3,1609203100E-5
2,1929074942E+4	3,1655047200E-5
2,1929632002E+4	3,1726142500E-5
2,1930183282E+4	3,1613377100E-5
2,1930742146E+4	3,1747681000E-5
2,1931293571E+4	3,1855327100E-5
2,1931852224E+4	3,1752754300E-5
2,1932403662E+4	3,1718094500E-5
2,1932961893E+4	3,1700084300E-5
2,1933512964E+4	3,1578924800E-5
2,1934073163E+4	3,1313776000E-5
2,1934624598E+4	3,1376454200E-5
2,1935184161E+4	3,1665309100E-5
2,1935736166E+4	3,1693004700E-5
2,1936292188E+4	3,1585681500E-5
2,1936842354E+4	3,1724574400E-5
2,1937400040E+4	3,1580884900E-5
2,1937950786E+4	3,1619995400E-5
2,1938506303E+4	3,1545279600E-5
2,1939057235E+4	3,1582568300E-5
2,1939614268E+4	3,1529414000E-5
2,1940166054E+4	3,1525286200E-5
2,1940716894E+4	3,1508636600E-5
2,1941273912E+4	3,1325467600E-5
2,1941826015E+4	3,1549684200E-5
2,1942383955E+4	3,1311354700E-5
2,1942935229E+4	3,1336721100E-5
2,1943494448E+4	3,1350788000E-5
2,1944044667E+4	3,1155858200E-5
2,1944605417E+4	3,1167665100E-5
2,1945158028E+4	3,1183530700E-5
2,1945715027E+4	3,1125856600E-5
2,1946266501E+4	3,1143221100E-5
2,1946824413E+4	3,1271229500E-5
2,1947376218E+4	3,1299985900E-5
2,1947937137E+4	3,1194161600E-5
2,1948487369E+4	3,1164967100E-5
2,1949047503E+4	3,1017057500E-5
2,1949600114E+4	3,0984519200E-5
2,1950155569E+4	3,1013045000E-5
2,1950706615E+4	3,0923316900E-5
2,1951263638E+4	3,0799159500E-5
2,1951814448E+4	3,0804532600E-5
2,1952372327E+4	3,0761040600E-5
2,1952923795E+4	3,0690498800E-5
2,1953478915E+4	3,0734636500E-5
2,1954029229E+4	3,0718817000E-5
2,1954580573E+4	3,0723083200E-5
2,1955138440E+4	3,0660566400E-5
2,1955690422E+4	3,0672696100E-5
2,1956250185E+4	3,0680882600E-5
2,1956801091E+4	3,0741669900E-5
2,1957358693E+4	3,0767866500E-5
2,1957909484E+4	3,0637021700E-5
2,1958469822E+4	3,0676985400E-5
2,1959019697E+4	3,0540606000E-5
2,1959582370E+4	3,0399868200E-5
2,1960132288E+4	3,0290192900E-5
2,1960690461E+4	3,0306934700E-5
2,1961241613E+4	3,0258692300E-5
2,1961792814E+4	3,0308433700E-5
2,1962350783E+4	3,0161146700E-5
2,1962901825E+4	3,0229982100E-5
2,1963459664E+4	3,0454106400E-5
2,1964011375E+4	3,0253319200E-5
2,1964571319E+4	3,0348858600E-5
2,1965122416E+4	3,0440961900E-5
2,1965682258E+4	3,0309217700E-5
2,1966233292E+4	3,0132943800E-5
2,1966790646E+4	3,0122774200E-5
2,1967341482E+4	3,0138132400E-5
2,1967901746E+4	3,0037819500E-5
2,1968452400E+4	3,0207175300E-5
2,1969011463E+4	3,0212479200E-5
2,1969564221E+4	3,0163129900E-5
2,1970124614E+4	3,0253503700E-5
2,1970676041E+4	3,0197074900E-5
2,1971234174E+4	3,0276725600E-5
2,1971785200E+4	3,0124595900E-5
2,1972343793E+4	3,0300316400E-5
2,1972894272E+4	3,0249791000E-5
2,1973455401E+4	3,0215177300E-5
2,1974006193E+4	3,0163429700E-5
2,1974565560E+4	3,0170440100E-5
2,1975116182E+4	3,0073171200E-5
2,1975676525E+4	3,0116778400E-5
2,1976227027E+4	3,0158563900E-5
2,1976785396E+4	3,0141729800E-5
2,1977337144E+4	3,0180125400E-5
2,1977895410E+4	3,0089613300E-5
2,1978446319E+4	3,0236669600E-5
2,1979007930E+4	3,0288048200E-5
2,1979558614E+4	3,0047343500E-5
2,1980118110E+4	3,0164467400E-5
2,1980669381E+4	3,0022438200E-5
2,1981225735E+4	2,9947584100E-5
2,1981777198E+4	2,9992505800E-5
2,1982327903E+4	2,9975325800E-5
2,1982886498E+4	2,9898972700E-5
2,1983438210E+4	2,9864728000E-5
2,1983994271E+4	2,9894337600E-5
2,1984544666E+4	2,9809775000E-5
2,1985106584E+4	2,9905498800E-5
2,1985658715E+4	2,9791096000E-5
2,1986218015E+4	2,9816554800E-5
2,1986770358E+4	2,9852344500E-5
2,1987327486E+4	2,9737457500E-5
2,1987880102E+4	2,9670974300E-5
2,1988437118E+4	2,9644754600E-5
2,1988987347E+4	2,9715826800E-5
2,1989548278E+4	2,9724359200E-5
2,1990098639E+4	2,9649043800E-5
2,1990660194E+4	2,9886012800E-5
2,1991211877E+4	2,9835372100E-5
2,1991766624E+4	2,9820913200E-5
2,1992317371E+4	2,9583344700E-5
2,1992874528E+4	2,9591069900E-5
2,1993425248E+4	2,9838047100E-5
2,1993982028E+4	2,9884352400E-5
2,1994534456E+4	2,9894752700E-5
2,1995089708E+4	2,9714212600E-5
2,1995643248E+4	2,9769719000E-5
2,1996197004E+4	2,9787798400E-5
2,1996747967E+4	2,9808322200E-5
2,1997303339E+4	2,9776844700E-5
2,1997854661E+4	2,9846302700E-5
2,1998412590E+4	2,9687600900E-5
2,1998965036E+4	2,9728048800E-5
2,1999521765E+4	2,9662303600E-5
2,2000073339E+4	2,9717556300E-5
2,2000629204E+4	2,9710499900E-5
2,2001180445E+4	2,9648190600E-5
2,2001735395E+4	2,9576149800E-5
2,2002288088E+4	2,9509044000E-5
2,2002838874E+4	2,9314759900E-5
2,2003390012E+4	2,9518152800E-5
2,2003948014E+4	2,9450585800E-5
2,2004501072E+4	2,9381381500E-5
2,2005055219E+4	2,9536047700E-5
2,2005606656E+4	2,9467673600E-5
2,2006162818E+4	2,9505654100E-5
2,2006713709E+4	2,9538284600E-5
2,2007264459E+4	2,9623423700E-5
2,2007820660E+4	2,9600640000E-5
2,2008374394E+4	2,9561667900E-5
2,2008931801E+4	2,9615906000E-5
2,2009482612E+4	2,9415718400E-5
2,2010040508E+4	2,9467673600E-5
2,2010592236E+4	2,9593214500E-5
2,2011149200E+4	2,9605574900E-5
2,2011700757E+4	2,9501042000E-5
2,2012254703E+4	2,9502356400E-5
2,2012806031E+4	2,9397062500E-5
2,2013357468E+4	2,9691036900E-5
2,2013913915E+4	2,9545295000E-5
2,2014464963E+4	2,9573982100E-5
2,2015022520E+4	2,9540221700E-5
2,2015573971E+4	2,9508052400E-5
2,2016125128E+4	2,9452707400E-5
2,2016681360E+4	2,9525532200E-5
2,2017233415E+4	2,9584728300E-5
2,2017791383E+4	2,9452799600E-5
2,2018343964E+4	2,9649366700E-5
2,2018902869E+4	2,9703328100E-5
2,2019454955E+4	2,9697586000E-5
2,2020013547E+4	2,9874159700E-5
2,2020564953E+4	2,9694380600E-5
2,2021125464E+4	2,9642079600E-5
2,2021675467E+4	2,9751824100E-5