1,8002716993E+4	-3,2633270500E-5
1,8003269935E+4	-3,2586319500E-5
1,8003822099E+4	-3,2558301100E-5
1,8004416982E+4	-3,2664079200E-5
1,8004967873E+4	-3,2302883800E-5
1,8005528315E+4	-3,1745905300E-5
1,8006078432E+4	-3,1264265200E-5
1,8006661490E+4	-3,0579301400E-5
1,8007211900E+4	-2,9942418500E-5
1,8007768440E+4	-2,9262297400E-5
1,8008321411E+4	-2,8588010500E-5
1,8008877179E+4	-2,8083586800E-5
1,8009427578E+4	-2,7480602700E-5
1,8009983434E+4	-2,6915322500E-5
1,8010534931E+4	-2,5953610500E-5
1,8011093148E+4	-2,5447341900E-5
1,8011643442E+4	-2,4791457200E-5
1,8012203376E+4	-2,4296372900E-5
1,8012754450E+4	-2,3375477900E-5
1,8013309927E+4	-2,2788543900E-5
1,8013860718E+4	-2,2347490200E-5
1,8014416717E+4	-2,1546509300E-5
1,8014970013E+4	-2,0995480500E-5
1,8015524611E+4	-2,0282359800E-5
1,8016075564E+4	-1,9606366500E-5
1,8016636079E+4	-1,8745935900E-5
1,8017186990E+4	-1,8009039900E-5
1,8017746711E+4	-1,7356153200E-5
1,8018299113E+4	-1,6731446200E-5
1,8018856756E+4	-1,5918889000E-5
1,8019408177E+4	-1,5338688700E-5
1,8019966949E+4	-1,4655108500E-5
1,8020518446E+4	-1,3899487500E-5
1,8021074311E+4	-1,3342808800E-5
1,8021624943E+4	-1,2637252000E-5
1,8022183510E+4	-1,1966516400E-5
1,8022734421E+4	-1,1193876900E-5
1,8023289856E+4	-1,0539237500E-5
1,8023841724E+4	-9,7991361500E-6
1,8024400153E+4	-9,2808991800E-6
1,8024950328E+4	-8,6713198700E-6
1,8025507400E+4	-7,9339858000E-6
1,8026057951E+4	-7,3243603700E-6
1,8026619103E+4	-6,6672996400E-6
1,8027170105E+4	-6,0114150000E-6
1,8027726468E+4	-5,1878579900E-6
1,8028277596E+4	-4,6155673900E-6
1,8028828034E+4	-3,9079351500E-6
1,8029385602E+4	-3,2414427100E-6
1,8029937208E+4	-2,5136325900E-6
1,8030492459E+4	-1,8515677500E-6
1,8031043086E+4	-1,4324675600E-6
1,8031602353E+4	-6,5567710200E-7
1,8032153337E+4	-6,3877381000E-8
1,8032711431E+4	7,1796331400E-7
1,8033264380E+4	1,3084255300E-6
1,8033820147E+4	2,0046889800E-6
1,8034372137E+4	2,6141760500E-6
1,8034922481E+4	3,1758358000E-6
1,8035477548E+4	3,8603384300E-6
1,8036029336E+4	4,5824295600E-6
1,8036586695E+4	5,5736589300E-6
1,8037138678E+4	6,0459364600E-6
1,8037689451E+4	6,7417387000E-6
1,8038247034E+4	7,3919735400E-6
1,8038798674E+4	7,9588910600E-6
1,8039354479E+4	8,6202410300E-6
1,8039905918E+4	9,2686771600E-6
1,8040465047E+4	9,7887589600E-6
1,8041015420E+4	1,0271921000E-5
1,8041570282E+4	1,0875227900E-5
1,8042120239E+4	1,1606450900E-5
1,8042675609E+4	1,2161146400E-5
1,8043227216E+4	1,2551282700E-5
1,8043778430E+4	1,3297402800E-5
1,8044336316E+4	1,3899349100E-5
1,8044887040E+4	1,4453514200E-5
1,8045447884E+4	1,5245201700E-5
1,8045998637E+4	1,5820790000E-5
1,8046557554E+4	1,6370827300E-5
1,8047108548E+4	1,6852144500E-5
1,8047669437E+4	1,7653332900E-5
1,8048220692E+4	1,8367998600E-5
1,8048777431E+4	1,8857778900E-5
1,8049328423E+4	1,9422598000E-5
1,8049884736E+4	2,0046520900E-5
1,8050437153E+4	2,0850361200E-5
1,8050998263E+4	2,1398922600E-5
1,8051548442E+4	2,2212240800E-5
1,8052107399E+4	2,2866880200E-5
1,8052660212E+4	2,3286257100E-5
1,8053216968E+4	2,3861891500E-5
1,8053768093E+4	2,4480072300E-5
1,8054328687E+4	2,5163583400E-5
1,8054879584E+4	2,5813380000E-5
1,8055439494E+4	2,6492970800E-5
1,8055989969E+4	2,7020316600E-5
1,8056550770E+4	2,7572314100E-5
1,8057101297E+4	2,8245378700E-5
1,8057660020E+4	2,8612454600E-5
1,8058211469E+4	2,9317158200E-5
1,8058770902E+4	2,9853797300E-5
1,8059322372E+4	3,0401759200E-5
1,8059883329E+4	3,1113127200E-5
1,8060434917E+4	3,1825117900E-5
1,8060988998E+4	3,2445235800E-5
1,8061539292E+4	3,2840399300E-5
1,8062098550E+4	3,3330687000E-5
1,8062651129E+4	3,4206314500E-5
1,8063206395E+4	3,4823734300E-5
1,8063757888E+4	3,5020993200E-5
1,8064309220E+4	3,5586665500E-5
1,8064865905E+4	3,6261897800E-5
1,8065417185E+4	3,6894260800E-5
1,8065974815E+4	3,7373894600E-5
1,8066526940E+4	3,7961635700E-5
1,8067079298E+4	3,8505884800E-5
1,8067633970E+4	3,9207152400E-5
1,8068185459E+4	3,9707402200E-5
1,8068740277E+4	4,0345622600E-5
1,8069292040E+4	4,0982482400E-5
1,8069842818E+4	4,1504962500E-5
1,8070400589E+4	4,2066207100E-5
1,8070951794E+4	4,2726957500E-5
1,8071507410E+4	4,3278978000E-5
1,8072059704E+4	4,4018894800E-5
1,8072616820E+4	4,4520735800E-5
1,8073169402E+4	4,5096646900E-5
1,8073726403E+4	4,5598649400E-5
1,8074277800E+4	4,6189803400E-5
1,8074832043E+4	4,6945286000E-5
1,8075382543E+4	4,7380689900E-5
1,8075933114E+4	4,7830299100E-5
1,8076490422E+4	4,8476267700E-5
1,8077042249E+4	4,8977878100E-5
1,8077602111E+4	4,9527869300E-5
1,8078153388E+4	5,0106178700E-5
1,8078711360E+4	5,0692051800E-5
1,8079263453E+4	5,1103357600E-5
1,8079823142E+4	5,1893246400E-5
1,8080374607E+4	5,2474023200E-5
1,8080932090E+4	5,2819745100E-5
1,8081483031E+4	5,3474153900E-5
1,8082034437E+4	5,4104533700E-5
1,8082591733E+4	5,4551629300E-5
1,8083144315E+4	5,5259953300E-5
1,8083700036E+4	5,5623939100E-5
1,8084252263E+4	5,6241474300E-5
1,8084811644E+4	5,6948645300E-5
1,8085362540E+4	5,7587603600E-5
1,8085922938E+4	5,7855519600E-5
1,8086474399E+4	5,8555726400E-5
1,8087032320E+4	5,8963411700E-5
1,8087583952E+4	5,9489258600E-5
1,8088141846E+4	6,0050388000E-5
1,8088692385E+4	6,0509866900E-5
1,8089252229E+4	6,0941696500E-5
1,8089802921E+4	6,1247131800E-5
1,8090363988E+4	6,1662242600E-5
1,8090915773E+4	6,2198051600E-5
1,8091474385E+4	6,2477474800E-5
1,8092024886E+4	6,3180079800E-5
1,8092587155E+4	6,3836587100E-5
1,8093138084E+4	6,4295812400E-5
1,8093694601E+4	6,4715074100E-5
1,8094246023E+4	6,5201257000E-5
1,8094807040E+4	6,5847894400E-5
1,8095357786E+4	6,6324276700E-5
1,8095918172E+4	6,6728572100E-5
1,8096469860E+4	6,7339996300E-5
1,8097026886E+4	6,7844189400E-5
1,8097578156E+4	6,8289002000E-5
1,8098133543E+4	6,8695718700E-5
1,8098685796E+4	6,9386401600E-5
1,8099241009E+4	6,9815394700E-5
1,8099794343E+4	7,0187151800E-5
1,8100347268E+4	7,0427602900E-5
1,8100898058E+4	7,0925223800E-5
1,8101449804E+4	7,1513333900E-5
1,8102007218E+4	7,1825964100E-5
1,8102557600E+4	7,2402290200E-5
1,8103115541E+4	7,2713052600E-5
1,8103666422E+4	7,3010301500E-5
1,8104225746E+4	7,3458780600E-5
1,8104777274E+4	7,3822628000E-5
1,8105338641E+4	7,4172639200E-5
1,8105890055E+4	7,4985888200E-5
1,8106445987E+4	7,5238699600E-5
1,8106997388E+4	7,5710170100E-5
1,8107553967E+4	7,6243926700E-5
1,8108105432E+4	7,6682236200E-5
1,8108657346E+4	7,7022446700E-5
1,8109211840E+4	7,7566603600E-5
1,8109762820E+4	7,7944656200E-5
1,8110321969E+4	7,8570677600E-5
1,8110872334E+4	7,8936623500E-5
1,8111434361E+4	7,9496692100E-5
1,8111984993E+4	7,9887151200E-5
1,8112544862E+4	8,0478927900E-5
1,8113097199E+4	8,0851123100E-5
1,8113655590E+4	8,1413082700E-5
1,8114207855E+4	8,2001400300E-5
1,8114764787E+4	8,2475845500E-5
1,8115315697E+4	8,2998948200E-5
1,8115875425E+4	8,3403151400E-5
1,8116427343E+4	8,3895145500E-5
1,8116982034E+4	8,4573629400E-5
1,8117534337E+4	8,4961920900E-5
1,8118092347E+4	8,5438395400E-5
1,8118643024E+4	8,5831783200E-5
1,8119202374E+4	8,6203886300E-5
1,8119754610E+4	8,6760657200E-5
1,8120311450E+4	8,7275296700E-5
1,8120863342E+4	8,7562352900E-5
1,8121414387E+4	8,8266595300E-5
1,8121972077E+4	8,8649582800E-5
1,8122522980E+4	8,8987256700E-5
1,8123080437E+4	8,9554727600E-5
1,8123631473E+4	9,0008234000E-5
1,8124189440E+4	9,0529514900E-5
1,8124740304E+4	9,1147718800E-5
1,8125299443E+4	9,1704443600E-5
1,8125850116E+4	9,2314691700E-5
1,8126408451E+4	9,2485846200E-5
1,8126958394E+4	9,3012062100E-5
1,8127508737E+4	9,3685311200E-5
1,8128067397E+4	9,4028819300E-5
1,8128618703E+4	9,4809645400E-5
1,8129176638E+4	9,5324377100E-5
1,8129727447E+4	9,5757774800E-5
1,8130284816E+4	9,6281684600E-5
1,8130836439E+4	9,6847795000E-5
1,8131393336E+4	9,7364832800E-5
1,8131945732E+4	9,7924624700E-5
1,8132502424E+4	9,8182278800E-5
1,8133052687E+4	9,8600502700E-5
1,8133607617E+4	9,8989439900E-5
1,8134158312E+4	9,9351673100E-5
1,8134715444E+4	9,9733830400E-5
1,8135265817E+4	1,0012555800E-4
1,8135821111E+4	1,0049129600E-4
1,8136372347E+4	1,0107836900E-4
1,8136931173E+4	1,0155671100E-4
1,8137484289E+4	1,0182453500E-4
1,8138042220E+4	1,0233276400E-4
1,8138593276E+4	1,0277962900E-4
1,8139152438E+4	1,0333321700E-4
1,8139704387E+4	1,0364640100E-4
1,8140261831E+4	1,0413555900E-4
1,8140812856E+4	1,0470148400E-4
1,8141373378E+4	1,0519982000E-4
1,8141926420E+4	1,0570269900E-4
1,8142482960E+4	1,0609714800E-4
1,8143033312E+4	1,0673041000E-4
1,8143591965E+4	1,0700828800E-4
1,8144144698E+4	1,0735209600E-4
1,8144699824E+4	1,0786899500E-4
1,8145251516E+4	1,0824631000E-4
1,8145801545E+4	1,0868729500E-4
1,8146359913E+4	1,0907604700E-4
1,8146912178E+4	1,0956587400E-4
1,8147471095E+4	1,0988987300E-4
1,8148021391E+4	1,1015183900E-4
1,8148576820E+4	1,1059293900E-4
1,8149127994E+4	1,1095540300E-4
1,8149678378E+4	1,1122793100E-4
1,8150237310E+4	1,1156650400E-4
1,8150789086E+4	1,1209013700E-4
1,8151345405E+4	1,1254927000E-4
1,8151895892E+4	1,1291401700E-4
1,8152456388E+4	1,1353122900E-4
1,8153006396E+4	1,1375323200E-4
1,8153567354E+4	1,1423258900E-4
1,8154118709E+4	1,1448065000E-4
1,8154675702E+4	1,1492783800E-4
1,8155227365E+4	1,1530529100E-4
1,8155787340E+4	1,1561870500E-4
1,8156339126E+4	1,1599472900E-4
1,8156897349E+4	1,1665764700E-4
1,8157448593E+4	1,1698362900E-4
1,8158005696E+4	1,1748763800E-4
1,8158558015E+4	1,1799618900E-4
1,8159110047E+4	1,1838644100E-4
1,8159664665E+4	1,1888403900E-4
1,8160216800E+4	1,1928263800E-4
1,8160774798E+4	1,1967517300E-4
1,8161325790E+4	1,2015741200E-4
1,8161885834E+4	1,2057469100E-4
1,8162437138E+4	1,2101941100E-4
1,8162996649E+4	1,2131956600E-4
1,8163547051E+4	1,2190354800E-4
1,8164106408E+4	1,2211860900E-4
1,8164657272E+4	1,2256118500E-4
1,8165216971E+4	1,2281058400E-4
1,8165768367E+4	1,2314350700E-4
1,8166326662E+4	1,2350092100E-4
1,8166877619E+4	1,2378371100E-4
1,8167435661E+4	1,2426486600E-4
1,8167988739E+4	1,2480425000E-4
1,8168542379E+4	1,2506234200E-4
1,8169094220E+4	1,2565806200E-4
1,8169649857E+4	1,2582425900E-4
1,8170202425E+4	1,2639253700E-4
1,8170757098E+4	1,2673189400E-4
1,8171307380E+4	1,2698592700E-4
1,8171860392E+4	1,2748945200E-4
1,8172414387E+4	1,2782791000E-4
1,8172965448E+4	1,2818947400E-4
1,8173524454E+4	1,2852643300E-4
1,8174076270E+4	1,2898406700E-4
1,8174634613E+4	1,2921068200E-4
1,8175185464E+4	1,2969545800E-4
1,8175745714E+4	1,3045324700E-4
1,8176298171E+4	1,3060194100E-4
1,8176855331E+4	1,3093645500E-4
1,8177408191E+4	1,3129993400E-4
1,8177966153E+4	1,3184593500E-4
1,8178518111E+4	1,3214300000E-4
1,8179076645E+4	1,3262256400E-4
1,8179627745E+4	1,3289832100E-4
1,8180184420E+4	1,3341146200E-4
1,8180736723E+4	1,3382703400E-4
1,8181292541E+4	1,3414524400E-4
1,8181844136E+4	1,3460788300E-4
1,8182403407E+4	1,3505098900E-4
1,8182954820E+4	1,3550149700E-4
1,8183512386E+4	1,3597167600E-4
1,8184064285E+4	1,3656658900E-4
1,8184624214E+4	1,3685244600E-4
1,8185177218E+4	1,3720833800E-4
1,8185735575E+4	1,3782734900E-4
1,8186286420E+4	1,3823909300E-4
1,8186841717E+4	1,3861283300E-4
1,8187394338E+4	1,3906140400E-4
1,8187946149E+4	1,3949874500E-4
1,8188498098E+4	1,3983538200E-4
1,8189055056E+4	1,4022602500E-4
1,8189605542E+4	1,4088813600E-4
1,8190164895E+4	1,4115685900E-4
1,8190715608E+4	1,4150447200E-4
1,8191272969E+4	1,4189802100E-4
1,8191824475E+4	1,4245686800E-4
1,8192380316E+4	1,4280983100E-4
1,8192931113E+4	1,4314102500E-4
1,8193491471E+4	1,4331287100E-4
1,8194043291E+4	1,4396894000E-4
1,8194602122E+4	1,4425687200E-4
1,8195153203E+4	1,4487108700E-4
1,8195710431E+4	1,4513303000E-4
1,8196262231E+4	1,4542393800E-4
1,8196821465E+4	1,4559559900E-4
1,8197374154E+4	1,4605258800E-4
1,8197929396E+4	1,4630812000E-4
1,8198479459E+4	1,4670280000E-4
1,8199030860E+4	1,4695713300E-4
1,8199582039E+4	1,4755363700E-4
1,8200142344E+4	1,4780727900E-4
1,8200694365E+4	1,4812846400E-4
1,8201251048E+4	1,4842836500E-4
1,8201803317E+4	1,4892125900E-4
1,8202357572E+4	1,4919002800E-4
1,8202909297E+4	1,4950814700E-4
1,8203465993E+4	1,4993232000E-4
1,8204018448E+4	1,5037268200E-4
1,8204573335E+4	1,5062692300E-4
1,8205125156E+4	1,5093376500E-4
1,8205679190E+4	1,5130395400E-4
1,8206230394E+4	1,5159172500E-4
1,8206780527E+4	1,5201984200E-4
1,8207340094E+4	1,5238396600E-4
1,8207892846E+4	1,5278002900E-4
1,8208450321E+4	1,5310169900E-4
1,8209001372E+4	1,5332584600E-4
1,8209560291E+4	1,5362095100E-4
1,8210112385E+4	1,5409687200E-4
1,8210670327E+4	1,5463477900E-4
1,8211221507E+4	1,5505837600E-4
1,8211780249E+4	1,5533099700E-4
1,8212330826E+4	1,5571220800E-4
1,8212889807E+4	1,5599744300E-4
1,8213440461E+4	1,5629524500E-4
1,8214000458E+4	1,5669737300E-4
1,8214550595E+4	1,5692747000E-4
1,8215112138E+4	1,5727296100E-4
1,8215662460E+4	1,5749459500E-4
1,8216222173E+4	1,5779966100E-4
1,8216772832E+4	1,5813120100E-4
1,8217332241E+4	1,5830212500E-4
1,8217882697E+4	1,5854331400E-4
1,8218444282E+4	1,5891502500E-4
1,8218994922E+4	1,5945583800E-4
1,8219555100E+4	1,5984553600E-4
1,8220106212E+4	1,6015131700E-4
1,8220665944E+4	1,6037202900E-4
1,8221217526E+4	1,6090882900E-4
1,8221775845E+4	1,6114245500E-4
1,8222326959E+4	1,6152860100E-4
1,8222886047E+4	1,6167360500E-4
1,8223437966E+4	1,6205179600E-4
1,8223995593E+4	1,6235061300E-4
1,8224546523E+4	1,6265805500E-4
1,8225107405E+4	1,6282367500E-4
1,8225658371E+4	1,6307588700E-4
1,8226215423E+4	1,6340486700E-4
1,8226767746E+4	1,6384356800E-4
1,8227318399E+4	1,6405210400E-4
1,8227868645E+4	1,6423119100E-4
1,8228427468E+4	1,6453097700E-4
1,8228977662E+4	1,6497509700E-4
1,8229535694E+4	1,6526577400E-4
1,8230087586E+4	1,6574003500E-4
1,8230642255E+4	1,6599434500E-4
1,8231193885E+4	1,6649166600E-4
1,8231750521E+4	1,6688754500E-4
1,8232301479E+4	1,6720232000E-4
1,8232851837E+4	1,6751704800E-4
1,8233413295E+4	1,6782794900E-4
1,8233964837E+4	1,6824884800E-4
1,8234522181E+4	1,6849591700E-4
1,8235074304E+4	1,6895422000E-4
1,8235628995E+4	1,6919679300E-4
1,8236179794E+4	1,6954751900E-4
1,8236731290E+4	1,7002249400E-4
1,8237289370E+4	1,7033715400E-4
1,8237842350E+4	1,7072320900E-4
1,8238397590E+4	1,7129153300E-4
1,8238948462E+4	1,7162579400E-4
1,8239507695E+4	1,7204833000E-4
1,8240059062E+4	1,7244902800E-4
1,8240618398E+4	1,7278047500E-4
1,8241171342E+4	1,7302035000E-4
1,8241729413E+4	1,7334059000E-4
1,8242282071E+4	1,7388290200E-4
1,8242839350E+4	1,7431738400E-4
1,8243391258E+4	1,7473203300E-4
1,8243950882E+4	1,7522568800E-4
1,8244502389E+4	1,7543051000E-4
1,8245060541E+4	1,7589577700E-4
1,8245610623E+4	1,7611851800E-4
1,8246170112E+4	1,7646255700E-4
1,8246721477E+4	1,7692007500E-4
1,8247276874E+4	1,7707684000E-4
1,8247828499E+4	1,7759586100E-4
1,8248387350E+4	1,7790738500E-4
1,8248939339E+4	1,7840288400E-4
1,8249497466E+4	1,7874646100E-4
1,8250047983E+4	1,7907276600E-4
1,8250598748E+4	1,7944231000E-4
1,8251157299E+4	1,7984727400E-4
1,8251708183E+4	1,8029759800E-4
1,8252264615E+4	1,8046953600E-4
1,8252816927E+4	1,8085941900E-4
1,8253376280E+4	1,8100624500E-4
1,8253928446E+4	1,8153063900E-4
1,8254487268E+4	1,8169081700E-4
1,8255038776E+4	1,8216046500E-4
1,8255597115E+4	1,8233655500E-4
1,8256148483E+4	1,8259473900E-4
1,8256706803E+4	1,8310359000E-4
1,8257258210E+4	1,8332139600E-4
1,8257817503E+4	1,8382957900E-4
1,8258370344E+4	1,8428216300E-4
1,8258927734E+4	1,8447003600E-4
1,8259478748E+4	1,8487862100E-4
1,8260036949E+4	1,8534158200E-4
1,8260589389E+4	1,8567568100E-4
1,8261144565E+4	1,8594604200E-4
1,8261697336E+4	1,8623496600E-4
1,8262252188E+4	1,8664970800E-4
1,8262805377E+4	1,8693058400E-4
1,8263358532E+4	1,8729028000E-4
1,8263909429E+4	1,8755898000E-4
1,8264461353E+4	1,8813396900E-4
1,8265017438E+4	1,8840022500E-4
1,8265567790E+4	1,8881445900E-4
1,8266128033E+4	1,8915646800E-4
1,8266678865E+4	1,8948939200E-4
1,8267235327E+4	1,8980942400E-4
1,8267785952E+4	1,9023841700E-4
1,8268342702E+4	1,9049217400E-4
1,8268894248E+4	1,9096422100E-4
1,8269450799E+4	1,9113415300E-4
1,8270001409E+4	1,9160887500E-4
1,8270552597E+4	1,9189980600E-4
1,8271109411E+4	1,9233131200E-4
1,8271660665E+4	1,9279378900E-4
1,8272220853E+4	1,9300050300E-4
1,8272771433E+4	1,9323124500E-4
1,8273330106E+4	1,9370792800E-4
1,8273880906E+4	1,9404414900E-4
1,8274440429E+4	1,9438380600E-4
1,8274992311E+4	1,9466657300E-4
1,8275550812E+4	1,9508735600E-4
1,8276102418E+4	1,9545606900E-4
1,8276660463E+4	1,9569446800E-4
1,8277212088E+4	1,9617036600E-4
1,8277772336E+4	1,9649374200E-4
1,8278323122E+4	1,9690313400E-4
1,8278884163E+4	1,9727597500E-4
1,8279434309E+4	1,9747311900E-4
1,8279993442E+4	1,9787450800E-4
1,8280544465E+4	1,9801367800E-4
1,8281107400E+4	1,9842987300E-4
1,8281658345E+4	1,9881744900E-4
1,8282215878E+4	1,9921205900E-4
1,8282766796E+4	1,9957823600E-4
1,8283326142E+4	2,0002454700E-4
1,8283876865E+4	2,0009718800E-4
1,8284438295E+4	2,0064766300E-4
1,8284989431E+4	2,0107169800E-4
1,8285545768E+4	2,0114902000E-4
1,8286098369E+4	2,0153874100E-4
1,8286649531E+4	2,0181101600E-4
1,8287204603E+4	2,0210130000E-4
1,8287757108E+4	2,0222024600E-4
1,8288313021E+4	2,0250873200E-4
1,8288864555E+4	2,0261003600E-4
1,8289416188E+4	2,0299473000E-4
1,8289973182E+4	2,0317462500E-4
1,8290525196E+4	2,0343696000E-4
1,8291084198E+4	2,0362709300E-4
1,8291635909E+4	2,0370895800E-4
1,8292193791E+4	2,0397537500E-4
1,8292746336E+4	2,0427094000E-4
1,8293305010E+4	2,0435386600E-4
1,8293855364E+4	2,0477029100E-4
1,8294415150E+4	2,0510489800E-4
1,8294966257E+4	2,0534710100E-4
1,8295523220E+4	2,0555469100E-4
1,8296073567E+4	2,0589990600E-4
1,8296626253E+4	2,0619466400E-4
1,8297182127E+4	2,0638588100E-4
1,8297733080E+4	2,0669574400E-4
1,8298291230E+4	2,0694235200E-4
1,8298841262E+4	2,0713546000E-4
1,8299404233E+4	2,0750816300E-4
1,8299954653E+4	2,0772114900E-4
1,8300513039E+4	2,0807065300E-4
1,8301063253E+4	2,0822483500E-4
1,8301624083E+4	2,0819054400E-4
1,8302174913E+4	2,0893219000E-4
1,8302734865E+4	2,0911275400E-4
1,8303286834E+4	2,0910382900E-4
1,8303844618E+4	2,0962515600E-4
1,8304395476E+4	2,0983832700E-4
1,8304954717E+4	2,1017726900E-4
1,8305505727E+4	2,1033728500E-4
1,8306064680E+4	2,1039781900E-4
1,8306615984E+4	2,1065547300E-4
1,8307176789E+4	2,1098048700E-4
1,8307727754E+4	2,1136303600E-4
1,8308285469E+4	2,1171094900E-4
1,8308836056E+4	2,1211176200E-4
1,8309398252E+4	2,1238913300E-4
1,8309949550E+4	2,1260839100E-4
1,8310504391E+4	2,1278016900E-4
1,8311054643E+4	2,1311309200E-4
1,8311606131E+4	2,1342233200E-4
1,8312163342E+4	2,1386908200E-4
1,8312715042E+4	2,1399215500E-4
1,8313273581E+4	2,1424974000E-4
1,8313823670E+4	2,1441370000E-4
1,8314384106E+4	2,1477538000E-4
1,8314936377E+4	2,1514397800E-4
1,8315493352E+4	2,1530909000E-4
1,8316045255E+4	2,1558701400E-4
1,8316602303E+4	2,1583975700E-4
1,8317152691E+4	2,1618010600E-4
1,8317710967E+4	2,1645334900E-4
1,8318263108E+4	2,1636200600E-4
1,8318818192E+4	2,1611124700E-4
1,8319371104E+4	2,1591195900E-4
1,8319926827E+4	2,1563449600E-4
1,8320477737E+4	2,1536379000E-4
1,8321030058E+4	2,1500077200E-4
1,8321584517E+4	2,1475215800E-4
1,8322135307E+4	2,1426878800E-4
1,8322693076E+4	2,1397578200E-4
1,8323244707E+4	2,1388206500E-4
1,8323796751E+4	2,1341889600E-4
1,8324351366E+4	2,1312010200E-4
1,8324902652E+4	2,1280652700E-4
1,8325459583E+4	2,1247962200E-4
1,8326010095E+4	2,1228704400E-4
1,8326568470E+4	2,1209986300E-4
1,8327119375E+4	2,1181901000E-4
1,8327680912E+4	2,1115198700E-4
1,8328233044E+4	2,1079217500E-4
1,8328787422E+4	2,1068662800E-4
1,8329339312E+4	2,1030140300E-4
1,8329890480E+4	2,0987261800E-4
1,8330445979E+4	2,0947858400E-4
1,8330996359E+4	2,0932366400E-4
1,8331555292E+4	2,0893546500E-4
1,8332105929E+4	2,0850854700E-4
1,8332657399E+4	2,0852328300E-4
1,8333211831E+4	2,0815092600E-4
1,8333762852E+4	2,0791550200E-4
1,8334319049E+4	2,0764438100E-4
1,8334869604E+4	2,0730746800E-4
1,8335421938E+4	2,0691018300E-4
1,8335978114E+4	2,0679036100E-4
1,8336528632E+4	2,0649159000E-4
1,8337085235E+4	2,0615564600E-4
1,8337636307E+4	2,0592287400E-4
1,8338187344E+4	2,0560752300E-4
1,8338746219E+4	2,0541337700E-4
1,8339297980E+4	2,0519633200E-4
1,8339854846E+4	2,0478735600E-4
1,8340405583E+4	2,0432711600E-4
1,8340968197E+4	2,0404999800E-4
1,8341520285E+4	2,0383408400E-4
1,8342077861E+4	2,0346078100E-4
1,8342630428E+4	2,0316274900E-4
1,8343186341E+4	2,0273156500E-4
1,8343737965E+4	2,0247181200E-4
1,8344297431E+4	2,0213310000E-4
1,8344848898E+4	2,0175663900E-4
1,8345408371E+4	2,0143402400E-4
1,8345958536E+4	2,0111539800E-4
1,8346520547E+4	2,0079974700E-4
1,8347071058E+4	2,0045995100E-4
1,8347627176E+4	2,0009183800E-4
1,8348179495E+4	1,9989815300E-4
1,8348734425E+4	1,9956400800E-4
1,8349285720E+4	1,9918574700E-4
1,8349845748E+4	1,9879178300E-4
1,8350397258E+4	1,9863197400E-4
1,8350955411E+4	1,9838195300E-4
1,8351506347E+4	1,9796884900E-4
1,8352058036E+4	1,9782656600E-4
1,8352614981E+4	1,9736113700E-4
1,8353165629E+4	1,9726940300E-4
1,8353724262E+4	1,9689490200E-4
1,8354276048E+4	1,9660722300E-4
1,8354835226E+4	1,9601904400E-4
1,8355387358E+4	1,9581581200E-4
1,8355944591E+4	1,9550481900E-4
1,8356494941E+4	1,9525276900E-4
1,8357055661E+4	1,9493331300E-4
1,8357607296E+4	1,9461664700E-4
1,8358167103E+4	1,9426968000E-4
1,8358718080E+4	1,9392976900E-4
1,8359277504E+4	1,9366309800E-4
1,8359829146E+4	1,9322900900E-4
1,8360387400E+4	1,9294008500E-4
1,8360940225E+4	1,9263298900E-4
1,8361497004E+4	1,9244647600E-4
1,8362049300E+4	1,9209328300E-4
1,8362608309E+4	1,9173319400E-4
1,8363158441E+4	1,9138442800E-4
1,8363717279E+4	1,9112516000E-4
1,8364268646E+4	1,9081458200E-4
1,8364830045E+4	1,9074683000E-4
1,8365380441E+4	1,9051219100E-4
1,8365939158E+4	1,9024750300E-4
1,8366490171E+4	1,8988508500E-4
1,8367049309E+4	1,8945014300E-4
1,8367601334E+4	1,8918806100E-4
1,8368159654E+4	1,8907833900E-4
1,8368712367E+4	1,8884905000E-4
1,8369270567E+4	1,8852405900E-4
1,8369821124E+4	1,8809068400E-4
1,8370378427E+4	1,8792704800E-4
1,8370929168E+4	1,8750905400E-4
1,8371487056E+4	1,8714765100E-4
1,8372039225E+4	1,8683691200E-4
1,8372594411E+4	1,8649951500E-4
1,8373144659E+4	1,8600362400E-4
1,8373702421E+4	1,8550431900E-4
1,8374253591E+4	1,8539704200E-4
1,8374805162E+4	1,8497628200E-4
1,8375362555E+4	1,8490827600E-4
1,8375914348E+4	1,8472829000E-4
1,8376468553E+4	1,8450114500E-4
1,8377019874E+4	1,8414368500E-4
1,8377570770E+4	1,8403998200E-4
1,8378129715E+4	1,8378719400E-4
1,8378682148E+4	1,8350627200E-4
1,8379235392E+4	1,8324395900E-4
1,8379785645E+4	1,8291594800E-4
1,8380345130E+4	1,8250116000E-4
1,8380896365E+4	1,8232601600E-4
1,8381456265E+4	1,8197206100E-4
1,8382007131E+4	1,8176670800E-4
1,8382564128E+4	1,8145912800E-4
1,8383116379E+4	1,8121205900E-4
1,8383667700E+4	1,8083569000E-4
1,8384222708E+4	1,8065136800E-4
1,8384774039E+4	1,8053643500E-4
1,8385332675E+4	1,8006966900E-4
1,8385883998E+4	1,7969048600E-4
1,8386434383E+4	1,7935435700E-4
1,8386987854E+4	1,7923790200E-4
1,8387539132E+4	1,7881744100E-4
1,8388097019E+4	1,7861201900E-4
1,8388648468E+4	1,7814705200E-4
1,8389204512E+4	1,7779789400E-4
1,8389756255E+4	1,7762411000E-4
1,8390310672E+4	1,7727988700E-4
1,8390862419E+4	1,7694733300E-4
1,8391416550E+4	1,7671031800E-4
1,8391967787E+4	1,7636392700E-4
1,8392524631E+4	1,7600699800E-4
1,8393077195E+4	1,7573417000E-4
1,8393633338E+4	1,7530918900E-4
1,8394185492E+4	1,7520693900E-4
1,8394740814E+4	1,7468192300E-4
1,8395291508E+4	1,7433961400E-4
1,8395844046E+4	1,7397189200E-4
1,8396397549E+4	1,7365271300E-4
1,8396949889E+4	1,7338899400E-4
1,8397505318E+4	1,7305616300E-4
1,8398057631E+4	1,7276147300E-4
1,8398610363E+4	1,7247838400E-4
1,8399164632E+4	1,7203177200E-4
1,8399716938E+4	1,7166566500E-4
1,8400275354E+4	1,7148558600E-4
1,8400826882E+4	1,7139761100E-4
1,8401384825E+4	1,7105700800E-4
1,8401936323E+4	1,7061113500E-4
1,8402496267E+4	1,7033371800E-4
1,8403048182E+4	1,7012917200E-4
1,8403604701E+4	1,6993758600E-4
1,8404157300E+4	1,6966828600E-4
1,8404715820E+4	1,6951551100E-4
1,8405266414E+4	1,6907323500E-4
1,8405825568E+4	1,6893397300E-4
1,8406377840E+4	1,6854955600E-4
1,8406939373E+4	1,6828918100E-4
1,8407490881E+4	1,6814775100E-4
1,8408046175E+4	1,6774537000E-4
1,8408598434E+4	1,6752565000E-4
1,8409153532E+4	1,6726564300E-4
1,8409704227E+4	1,6685023300E-4
1,8410258700E+4	1,6655651200E-4
1,8410810793E+4	1,6625202200E-4
1,8411367528E+4	1,6588921300E-4
1,8411917628E+4	1,6578405700E-4
1,8412468439E+4	1,6538974700E-4
1,8413025622E+4	1,6522493400E-4
1,8413578941E+4	1,6503376300E-4
1,8414135414E+4	1,6461101900E-4
1,8414687107E+4	1,6447378700E-4
1,8415246409E+4	1,6419226500E-4
1,8415796285E+4	1,6389621500E-4
1,8416358138E+4	1,6379850800E-4
1,8416910673E+4	1,6329682900E-4
1,8417466953E+4	1,6320532500E-4
1,8418018949E+4	1,6277077400E-4
1,8418577112E+4	1,6256184700E-4
1,8419128120E+4	1,6225343700E-4
1,8419686687E+4	1,6180366600E-4
1,8420239170E+4	1,6146876000E-4
1,8420797537E+4	1,6140031600E-4
1,8421347376E+4	1,6112024700E-4
1,8421907509E+4	1,6092289600E-4
1,8422460139E+4	1,6046828300E-4
1,8423012355E+4	1,6029330000E-4
1,8423567433E+4	1,6020073600E-4
1,8424118117E+4	1,6003377800E-4
1,8424676476E+4	1,5951240500E-4
1,8425226727E+4	1,5939809500E-4
1,8425777701E+4	1,5906295800E-4
1,8426338748E+4	1,5870273100E-4
1,8426890374E+4	1,5861217200E-4
1,8427447174E+4	1,5845342400E-4
1,8427997420E+4	1,5816053400E-4
1,8428557960E+4	1,5786328500E-4
1,8429108277E+4	1,5743500700E-4
1,8429669444E+4	1,5724030800E-4
1,8430220326E+4	1,5692474900E-4
1,8430776574E+4	1,5690304900E-4
1,8431328114E+4	1,5668245300E-4
1,8431884464E+4	1,5638264400E-4
1,8432434996E+4	1,5604845300E-4
1,8432993147E+4	1,5594611000E-4
1,8433545450E+4	1,5577705400E-4
1,8434101345E+4	1,5556944100E-4
1,8434653432E+4	1,5528667400E-4
1,8435203957E+4	1,5508980800E-4
1,8435759736E+4	1,5482509700E-4
1,8436310594E+4	1,5476926800E-4
1,8436866353E+4	1,5435245000E-4
1,8437418020E+4	1,5406663900E-4
1,8437968378E+4	1,5400599100E-4
1,8438525093E+4	1,5373145600E-4
1,8439078191E+4	1,5343300800E-4
1,8439632413E+4	1,5316202500E-4
1,8440184182E+4	1,5291405600E-4
1,8440735176E+4	1,5270107000E-4
1,8441294208E+4	1,5248856800E-4
1,8441845752E+4	1,5216821300E-4
1,8442402442E+4	1,5192183500E-4
1,8442953074E+4	1,5160849000E-4
1,8443511079E+4	1,5134940600E-4
1,8444064196E+4	1,5106401100E-4
1,8444620781E+4	1,5092391800E-4
1,8445172036E+4	1,5066972300E-4
1,8445729802E+4	1,5053041500E-4
1,8446281172E+4	1,5022700900E-4
1,8446831449E+4	1,4998247700E-4
1,8447389946E+4	1,4975025800E-4
1,8447941897E+4	1,4964973800E-4
1,8448498672E+4	1,4950300400E-4
1,8449050114E+4	1,4915001800E-4
1,8449609832E+4	1,4905685400E-4
1,8450161039E+4	1,4887889700E-4
1,8450721284E+4	1,4850305800E-4
1,8451273243E+4	1,4824305200E-4
1,8451827613E+4	1,4817151800E-4
1,8452379448E+4	1,4788305500E-4
1,8452934435E+4	1,4779736300E-4
1,8453487156E+4	1,4737602600E-4
1,8454045122E+4	1,4734959800E-4
1,8454598034E+4	1,4686918100E-4
1,8455152401E+4	1,4661715300E-4
1,8455703350E+4	1,4632174900E-4
1,8456260169E+4	1,4627180000E-4
1,8456811309E+4	1,4601679800E-4
1,8457370442E+4	1,4580362700E-4
1,8457920876E+4	1,4553040800E-4
1,8458482137E+4	1,4512781900E-4
1,8459032997E+4	1,4514225400E-4
1,8459590884E+4	1,4484382900E-4
1,8460143127E+4	1,4459058000E-4
1,8460701290E+4	1,4429545300E-4
1,8461252349E+4	1,4401769000E-4
1,8461809403E+4	1,4388887400E-4
1,8462359846E+4	1,4360140300E-4
1,8462910640E+4	1,4344793600E-4
1,8463469338E+4	1,4309624100E-4
1,8464022156E+4	1,4290389400E-4
1,8464576485E+4	1,4300483000E-4
1,8465127038E+4	1,4244584500E-4
1,8465685356E+4	1,4249567800E-4
1,8466236972E+4	1,4215539900E-4
1,8466795022E+4	1,4189483900E-4
1,8467345871E+4	1,4170309200E-4
1,8467903875E+4	1,4156166200E-4
1,8468454618E+4	1,4144737500E-4
1,8469016377E+4	1,4114217000E-4
1,8469569158E+4	1,4092378800E-4
1,8470124343E+4	1,4068638000E-4
1,8470676830E+4	1,4061632300E-4
1,8471230427E+4	1,4048264200E-4
1,8471780744E+4	1,4021108200E-4
1,8472333348E+4	1,3989056500E-4
1,8472891243E+4	1,3997920900E-4
1,8473442449E+4	1,3966494200E-4
1,8473999948E+4	1,3949168900E-4
1,8474552207E+4	1,3932890500E-4
1,8475110452E+4	1,3915895000E-4
1,8475662477E+4	1,3883195300E-4
1,8476222581E+4	1,3860132600E-4
1,8476775273E+4	1,3831982700E-4
1,8477329995E+4	1,3813739600E-4
1,8477880616E+4	1,3801713600E-4
1,8478432589E+4	1,3771995600E-4
1,8478991984E+4	1,3765746300E-4
1,8479543379E+4	1,3737870800E-4
1,8480097337E+4	1,3715458400E-4
1,8480648264E+4	1,3687788200E-4
1,8481205282E+4	1,3676147300E-4
1,8481757073E+4	1,3668156800E-4
1,8482318279E+4	1,3662470100E-4
1,8482868465E+4	1,3624353600E-4
1,8483430337E+4	1,3597522800E-4
1,8483982931E+4	1,3585222300E-4
1,8484538959E+4	1,3553177600E-4
1,8485090909E+4	1,3529513000E-4
1,8485649266E+4	1,3506095100E-4
1,8486202167E+4	1,3498030900E-4
1,8486757233E+4	1,3487480700E-4
1,8487308309E+4	1,3437658700E-4
1,8487865083E+4	1,3433807600E-4
1,8488416022E+4	1,3408948400E-4
1,8488977073E+4	1,3382122200E-4
1,8489527622E+4	1,3358653600E-4
1,8490085468E+4	1,3347861400E-4
1,8490637284E+4	1,3331345500E-4
1,8491196515E+4	1,3319388700E-4
1,8491747436E+4	1,3297282900E-4
1,8492306491E+4	1,3276385600E-4
1,8492857345E+4	1,3250753900E-4
1,8493414710E+4	1,3223369600E-4
1,8493967406E+4	1,3214424500E-4
1,8494518709E+4	1,3190693000E-4
1,8495077243E+4	1,3167572600E-4
1,8495627399E+4	1,3156289200E-4
1,8496185146E+4	1,3131496900E-4
1,8496736363E+4	1,3113157000E-4
1,8497296712E+4	1,3084827200E-4
1,8497847445E+4	1,3081112200E-4
1,8498405604E+4	1,3043044000E-4
1,8498956735E+4	1,3049191900E-4
1,8499515739E+4	1,3015961900E-4
1,8500068255E+4	1,2973224000E-4
1,8500626930E+4	1,2969112300E-4
1,8501177582E+4	1,2936998400E-4
1,8501736877E+4	1,2903959700E-4
1,8502288358E+4	1,2884367500E-4
1,8502844712E+4	1,2870190000E-4
1,8503395309E+4	1,2846878200E-4
1,8503953467E+4	1,2827781900E-4
1,8504504468E+4	1,2804447000E-4
1,8505066934E+4	1,2776313300E-4
1,8505618197E+4	1,2739951600E-4
1,8506175582E+4	1,2737248900E-4
1,8506727164E+4	1,2709092200E-4
1,8507285466E+4	1,2679929900E-4
1,8507836422E+4	1,2646531500E-4
1,8508397028E+4	1,2643393000E-4
1,8508947811E+4	1,2617417700E-4
1,8509506717E+4	1,2607047500E-4
1,8510056424E+4	1,2582684100E-4
1,8510616017E+4	1,2556111600E-4
1,8511168286E+4	1,2555327500E-4
1,8511725209E+4	1,2538179800E-4
1,8512276373E+4	1,2521866900E-4
1,8512835673E+4	1,2488528400E-4
1,8513387423E+4	1,2469782600E-4
1,8513943758E+4	1,2451055200E-4
1,8514497363E+4	1,2427383700E-4
1,8515050617E+4	1,2423368900E-4
1,8515602932E+4	1,2383354400E-4
1,8516158696E+4	1,2370037000E-4
1,8516711262E+4	1,2372066300E-4
1,8517264103E+4	1,2332642200E-4
1,8517815302E+4	1,2319151900E-4
1,8518373216E+4	1,2279130500E-4
1,8518924639E+4	1,2274896600E-4
1,8519480573E+4	1,2256983300E-4
1,8520032184E+4	1,2228803400E-4
1,8520587785E+4	1,2225298300E-4
1,8521140069E+4	1,2199376000E-4
1,8521690673E+4	1,2178875300E-4
1,8522246814E+4	1,2157805000E-4
1,8522798161E+4	1,2142089300E-4
1,8523355372E+4	1,2122953800E-4
1,8523906141E+4	1,2098691900E-4
1,8524458370E+4	1,2083905600E-4
1,8525013775E+4	1,2045915800E-4
1,8525566216E+4	1,2043833400E-4
1,8526121529E+4	1,2016483800E-4
1,8526673525E+4	1,1993557100E-4
1,8527231527E+4	1,1975890500E-4
1,8527782571E+4	1,1955724200E-4
1,8528338516E+4	1,1939637200E-4
1,8528891104E+4	1,1928817300E-4
1,8529445353E+4	1,1908581700E-4
1,8529995736E+4	1,1891743000E-4
1,8530547566E+4	1,1890193400E-4
1,8531105172E+4	1,1856402900E-4
1,8531656473E+4	1,1822356500E-4
1,8532213518E+4	1,1789601500E-4
1,8532765326E+4	1,1777815300E-4
1,8533316577E+4	1,1772716600E-4
1,8533874411E+4	1,1743005600E-4
1,8534425570E+4	1,1726992400E-4
1,8534982453E+4	1,1703256300E-4
1,8535533033E+4	1,1686878800E-4
1,8536090511E+4	1,1669749500E-4
1,8536640589E+4	1,1684365200E-4
1,8537201342E+4	1,1653427300E-4
1,8537752798E+4	1,1635034400E-4
1,8538307253E+4	1,1612642700E-4
1,8538859940E+4	1,1575840500E-4
1,8539416436E+4	1,1587188600E-4
1,8539968042E+4	1,1557784200E-4
1,8540528201E+4	1,1529205400E-4
1,8541081044E+4	1,1514587400E-4
1,8541634572E+4	1,1499116200E-4
1,8542185485E+4	1,1481488800E-4
1,8542744087E+4	1,1488808200E-4
1,8543294470E+4	1,1459486900E-4
1,8543850724E+4	1,1447264800E-4
1,8544401226E+4	1,1437980700E-4
1,8544958478E+4	1,1416396100E-4
1,8545508668E+4	1,1387563700E-4
1,8546058647E+4	1,1371020100E-4
1,8546617949E+4	1,1369389800E-4
1,8547169139E+4	1,1334019700E-4
1,8547727242E+4	1,1328697300E-4
1,8548280161E+4	1,1315905700E-4
1,8548838998E+4	1,1287804300E-4
1,8549390517E+4	1,1286582100E-4
1,8549947959E+4	1,1253725600E-4
1,8550498336E+4	1,1244153200E-4
1,8551058005E+4	1,1237555600E-4
1,8551610192E+4	1,1213074700E-4
1,8552167858E+4	1,1194674800E-4
1,8552718558E+4	1,1173729000E-4
1,8553278801E+4	1,1151685500E-4
1,8553830272E+4	1,1147075700E-4
1,8554385323E+4	1,1126063100E-4
1,8554935643E+4	1,1127451300E-4
1,8555494414E+4	1,1095431900E-4
1,8556045445E+4	1,1081708600E-4
1,8556599971E+4	1,1056030900E-4
1,8557152686E+4	1,1066440300E-4
1,8557709530E+4	1,1037999900E-4
1,8558261018E+4	1,1030034800E-4
1,8558813215E+4	1,1002613700E-4
1,8559367414E+4	1,1008295800E-4
1,8559920358E+4	1,0981358900E-4
1,8560475954E+4	1,0959885000E-4
1,8561027316E+4	1,0964794600E-4
1,8561579334E+4	1,0953880100E-4
1,8562135667E+4	1,0946982700E-4
1,8562686664E+4	1,0932166400E-4
1,8563245523E+4	1,0893853800E-4
1,8563796844E+4	1,0878673100E-4
1,8564357243E+4	1,0877589300E-4
1,8564908337E+4	1,0836018300E-4
1,8565466209E+4	1,0840351300E-4
1,8566018279E+4	1,0819138000E-4
1,8566574660E+4	1,0803539900E-4
1,8567126423E+4	1,0790988200E-4
1,8567687297E+4	1,0789938900E-4
1,8568240183E+4	1,0775493900E-4
1,8568797334E+4	1,0755890200E-4
1,8569349191E+4	1,0747493900E-4
1,8569904724E+4	1,0736710800E-4
1,8570457238E+4	1,0722507900E-4
1,8571007477E+4	1,0706098100E-4
1,8571564823E+4	1,0663300300E-4
1,8572115662E+4	1,0675960400E-4
1,8572675208E+4	1,0664956000E-4
1,8573225552E+4	1,0641136900E-4
1,8573785265E+4	1,0621517100E-4
1,8574335389E+4	1,0614414500E-4
1,8574896342E+4	1,0594656300E-4
1,8575448143E+4	1,0594483300E-4
1,8576007152E+4	1,0565081300E-4
1,8576557655E+4	1,0555342900E-4
1,8577116236E+4	1,0544409900E-4
1,8577668211E+4	1,0526888600E-4
1,8578227309E+4	1,0511867100E-4
1,8578779298E+4	1,0503383100E-4
1,8579337486E+4	1,0494472600E-4
1,8579889834E+4	1,0468375100E-4
1,8580447503E+4	1,0434065800E-4
1,8580998361E+4	1,0431992700E-4
1,8581553687E+4	1,0437227400E-4
1,8582105000E+4	1,0413452100E-4
1,8582660439E+4	1,0387573700E-4
1,8583212177E+4	1,0397637200E-4
1,8583768575E+4	1,0386388400E-4
1,8584319452E+4	1,0348878300E-4
1,8584871014E+4	1,0325739400E-4
1,8585427439E+4	1,0308785400E-4
1,8585979171E+4	1,0276350900E-4
1,8586537311E+4	1,0274769000E-4
1,8587087521E+4	1,0256521300E-4
1,8587647428E+4	1,0235914500E-4
1,8588198118E+4	1,0233232500E-4
1,8588760282E+4	1,0228115400E-4
1,8589310691E+4	1,0203650600E-4
1,8589870115E+4	1,0191433200E-4
1,8590421319E+4	1,0177889800E-4
1,8590979370E+4	1,0152867000E-4
1,8591530006E+4	1,0145234000E-4
1,8592090415E+4	1,0126029200E-4
1,8592640965E+4	1,0133438500E-4
1,8593200891E+4	1,0110876200E-4
1,8593752198E+4	1,0101015600E-4
1,8594311510E+4	1,0066318900E-4
1,8594863412E+4	1,0051862300E-4
1,8595421173E+4	1,0031666000E-4
1,8595971459E+4	1,0006825300E-4
1,8596531073E+4	1,0008935300E-4
1,8597081745E+4	9,9839908400E-5
1,8597641588E+4	9,9595467900E-5
1,8598194189E+4	9,9477813600E-5
1,8598749568E+4	9,9340465700E-5
1,8599300481E+4	9,9408955200E-5
1,8599857591E+4	9,9072065400E-5
1,8600409472E+4	9,8859148500E-5
1,8600967217E+4	9,8872638800E-5
1,8601518456E+4	9,8665763700E-5
1,8602074431E+4	9,8423329500E-5
1,8602625052E+4	9,8264719900E-5
1,8603176839E+4	9,8194777600E-5
1,8603730383E+4	9,7995235700E-5
1,8604281343E+4	9,7991753600E-5
1,8604837388E+4	9,7760987900E-5
1,8605390342E+4	9,7677001800E-5
1,8605941652E+4	9,7456013800E-5
1,8606496908E+4	9,7248723600E-5
1,8607047353E+4	9,6812374200E-5
1,8607604818E+4	9,6781842200E-5
1,8608157271E+4	9,6712707000E-5
1,8608707396E+4	9,6508368600E-5
1,8609266223E+4	9,6186675700E-5
1,8609817513E+4	9,5855020600E-5
1,8610374332E+4	9,5875152400E-5
1,8610925368E+4	9,5625384900E-5
1,8611485603E+4	9,5620842000E-5
1,8612037116E+4	9,5395795300E-5
1,8612596120E+4	9,5187075400E-5
1,8613148120E+4	9,5035637500E-5
1,8613706864E+4	9,4892916600E-5
1,8614260101E+4	9,4734768200E-5
1,8614815462E+4	9,4567580100E-5
1,8615365514E+4	9,4318366000E-5
1,8615925291E+4	9,4277664400E-5
1,8616475940E+4	9,4328835500E-5
1,8617033146E+4	9,3961644300E-5
1,8617583346E+4	9,3902309800E-5
1,8618140312E+4	9,3831099200E-5
1,8618691487E+4	9,3645255200E-5
1,8619247420E+4	9,3656900800E-5
1,8619797387E+4	9,3453623100E-5
1,8620359221E+4	9,3357622500E-5
1,8620911394E+4	9,3164353100E-5
1,8621468267E+4	9,3142053700E-5
1,8622018642E+4	9,2874253000E-5
1,8622579516E+4	9,2672335900E-5
1,8623130509E+4	9,2739234200E-5
1,8623689620E+4	9,2415534900E-5
1,8624240560E+4	9,2295920500E-5
1,8624800889E+4	9,2276549800E-5
1,8625352327E+4	9,2083695400E-5
1,8625907442E+4	9,2051641400E-5
1,8626458546E+4	9,1879172500E-5
1,8627009522E+4	9,1744245900E-5
1,8627570089E+4	9,1737143300E-5
1,8628122349E+4	9,1518461300E-5
1,8628674452E+4	9,1515832400E-5
1,8629224233E+4	9,1451217100E-5
1,8629785468E+4	9,1306628200E-5
1,8630337391E+4	9,0981499300E-5
1,8630896274E+4	9,0857803100E-5
1,8631447232E+4	9,0940820700E-5
1,8632004451E+4	9,0694719800E-5
1,8632556066E+4	9,0644540300E-5
1,8633112293E+4	9,0491073200E-5
1,8633664044E+4	9,0227607800E-5
1,8634224320E+4	9,0137418500E-5
1,8634774450E+4	8,9870286500E-5
1,8635331368E+4	8,9637883500E-5
1,8635881805E+4	8,9546126100E-5
1,8636439808E+4	8,9326244900E-5
1,8636990709E+4	8,9230428900E-5
1,8637548172E+4	8,9038727500E-5
1,8638100394E+4	8,8803349800E-5
1,8638654596E+4	8,8778928800E-5
1,8639206236E+4	8,8623109500E-5
1,8639757893E+4	8,8779228600E-5
1,8640315327E+4	8,8540161100E-5
1,8640866269E+4	8,8362457500E-5
1,8641424570E+4	8,8361765700E-5
1,8641977172E+4	8,8142853000E-5
1,8642535683E+4	8,8041018200E-5
1,8643086940E+4	8,7927837600E-5
1,8643647044E+4	8,7823304700E-5
1,8644197747E+4	8,7608819700E-5
1,8644758224E+4	8,7783225700E-5
1,8645310925E+4	8,7712384000E-5
1,8645863648E+4	8,7420139300E-5
1,8646414499E+4	8,7355178000E-5
1,8646972327E+4	8,7031455800E-5
1,8647524408E+4	8,7108892700E-5
1,8648079405E+4	8,6817455000E-5
1,8648629430E+4	8,6657092800E-5
1,8649187991E+4	8,6685157400E-5
1,8649739674E+4	8,6589848600E-5
1,8650290730E+4	8,6229068200E-5
1,8650847549E+4	8,6292069300E-5
1,8651397989E+4	8,6038289300E-5
1,8651952244E+4	8,6019495100E-5
1,8652503270E+4	8,5869879000E-5
1,8653055068E+4	8,5682928200E-5
1,8653614274E+4	8,5419532000E-5
1,8654164437E+4	8,5298303300E-5
1,8654724116E+4	8,5376870200E-5
1,8655275602E+4	8,5242058900E-5
1,8655833596E+4	8,5005505100E-5
1,8656384877E+4	8,4783317900E-5
1,8656944847E+4	8,4590325200E-5
1,8657496368E+4	8,4592400600E-5
1,8658052291E+4	8,4448111500E-5
1,8658602961E+4	8,4632318200E-5
1,8659161084E+4	8,4403397300E-5
1,8659713677E+4	8,4067268600E-5
1,8660267791E+4	8,3999102000E-5
1,8660818471E+4	8,3940736000E-5
1,8661375508E+4	8,3886636300E-5
1,8661926000E+4	8,3637745100E-5
1,8662476915E+4	8,3511627600E-5
1,8663028071E+4	8,3264396800E-5
1,8663585496E+4	8,3070412500E-5
1,8664135918E+4	8,3067599100E-5
1,8664697119E+4	8,2833581900E-5
1,8665248178E+4	8,2801020600E-5
1,8665808052E+4	8,2756398600E-5
1,8666358470E+4	8,2562898600E-5
1,8666914459E+4	8,2549592700E-5
1,8667464889E+4	8,2441831400E-5
1,8668015995E+4	8,2235094600E-5
1,8668575377E+4	8,2218560300E-5
1,8669125516E+4	8,2067722100E-5
1,8669686920E+4	8,2026882000E-5
1,8670237485E+4	8,1793925600E-5
1,8670795367E+4	8,1583614500E-5
1,8671345343E+4	8,1535441300E-5
1,8671906283E+4	8,1552275400E-5
1,8672457546E+4	8,1425973500E-5
1,8673017256E+4	8,1109423000E-5
1,8673569224E+4	8,1213863700E-5
1,8674127266E+4	8,1062079900E-5
1,8674680014E+4	8,1136127000E-5
1,8675237329E+4	8,0878726500E-5
1,8675790046E+4	8,0704758600E-5
1,8676344972E+4	8,0729848400E-5
1,8676895435E+4	8,0524656700E-5
1,8677454298E+4	8,0453953400E-5
1,8678005773E+4	8,0328481600E-5
1,8678561942E+4	8,0136941700E-5
1,8679113467E+4	8,0058790000E-5
1,8679667891E+4	8,0117179000E-5
1,8680219389E+4	7,9992030000E-5
1,8680771391E+4	7,9878711100E-5
1,8681327698E+4	7,9669068700E-5
1,8681878397E+4	7,9655001900E-5
1,8682435232E+4	7,9544842200E-5
1,8682986878E+4	7,9248077600E-5
1,8683546649E+4	7,9185468500E-5
1,8684098394E+4	7,9060850000E-5
1,8684657379E+4	7,9049665700E-5
1,8685209129E+4	7,8836356800E-5
1,8685767951E+4	7,8905146000E-5
1,8686319173E+4	7,8634947000E-5
1,8686875476E+4	7,8539915000E-5
1,8687426503E+4	7,8370997300E-5
1,8687984307E+4	7,8213494600E-5
1,8688535417E+4	7,8239529900E-5
1,8689090320E+4	7,8008487400E-5
1,8689640755E+4	7,7929413200E-5
1,8690197671E+4	7,7714605400E-5
1,8690748384E+4	7,7686863700E-5
1,8691300109E+4	7,7507661100E-5
1,8691854401E+4	7,7561184400E-5
1,8692405333E+4	7,7270968900E-5
1,8692960149E+4	7,7078944700E-5
1,8693511653E+4	7,6968854200E-5
1,8694069271E+4	7,6917567900E-5
1,8694620067E+4	7,6683527600E-5
1,8695180088E+4	7,6478474300E-5
1,8695732033E+4	7,6440586000E-5
1,8696287851E+4	7,6497337700E-5
1,8696838442E+4	7,6365478200E-5
1,8697397073E+4	7,6047959200E-5
1,8697947919E+4	7,5897051700E-5
1,8698507827E+4	7,5930212600E-5
1,8699059328E+4	7,5719417300E-5
1,8699618427E+4	7,5826233200E-5
1,8700169164E+4	7,5613177900E-5
1,8700730184E+4	7,5543789100E-5
1,8701281512E+4	7,5582300000E-5
1,8701837375E+4	7,5393342900E-5
1,8702389981E+4	7,5244280300E-5
1,8702947630E+4	7,4952058500E-5
1,8703498432E+4	7,4811782000E-5
1,8704048738E+4	7,4702821400E-5
1,8704606960E+4	7,4564089900E-5
1,8705158416E+4	7,4487091200E-5
1,8705716304E+4	7,4471548400E-5
1,8706267967E+4	7,4389222700E-5
1,8706827949E+4	7,4103527100E-5
1,8707380262E+4	7,4002199600E-5
1,8707938045E+4	7,3940374600E-5
1,8708488404E+4	7,3959607000E-5
1,8709048270E+4	7,3716181100E-5
1,8709600218E+4	7,3605214300E-5
1,8710157945E+4	7,3433068200E-5
1,8710708989E+4	7,3643356300E-5
1,8711270402E+4	7,3574590100E-5
1,8711820553E+4	7,3451724100E-5
1,8712379764E+4	7,3347537100E-5
1,8712930756E+4	7,3170110200E-5
1,8713489521E+4	7,3033292700E-5
1,8714039469E+4	7,2797961000E-5
1,8714596152E+4	7,2875720800E-5
1,8715148377E+4	7,2698293900E-5
1,8715699657E+4	7,2686510000E-5
1,8716257051E+4	7,2565811700E-5
1,8716809392E+4	7,2449102900E-5
1,8717364359E+4	7,2341226200E-5
1,8717916894E+4	7,2303407100E-5
1,8718468326E+4	7,2009086900E-5
1,8719023212E+4	7,2186467700E-5
1,8719574515E+4	7,1980146100E-5
1,8720132035E+4	7,1776707000E-5
1,8720683182E+4	7,1650082200E-5
1,8721233640E+4	7,1459764500E-5
1,8721791079E+4	7,1478005300E-5
1,8722343132E+4	7,1478074500E-5
1,8722899475E+4	7,1184722800E-5
1,8723450127E+4	7,1109407400E-5
1,8724010451E+4	7,0886851300E-5
1,8724561077E+4	7,0805586300E-5
1,8725121630E+4	7,0821106000E-5
1,8725672562E+4	7,0529829700E-5
1,8726229661E+4	7,0572860500E-5
1,8726781312E+4	7,0390129700E-5
1,8727332294E+4	7,0454745000E-5
1,8727889102E+4	7,0183692700E-5
1,8728439807E+4	7,0288940500E-5
1,8728998081E+4	6,9954518200E-5
1,8729549309E+4	7,0002875900E-5
1,8730107463E+4	6,9875444000E-5
1,8730658266E+4	6,9783502100E-5
1,8731216918E+4	6,9766252900E-5
1,8731768433E+4	6,9488743700E-5
1,8732324406E+4	6,9439901800E-5
1,8732875022E+4	6,9521120600E-5
1,8733432635E+4	6,9524026200E-5
1,8733984185E+4	6,9396755700E-5
1,8734540142E+4	6,9308342000E-5
1,8735092316E+4	6,9248269600E-5
1,8735646450E+4	6,8906491000E-5
1,8736198663E+4	6,9014921200E-5
1,8736749835E+4	6,8839339100E-5
1,8737308636E+4	6,8817570000E-5
1,8737860204E+4	6,8724336700E-5
1,8738417059E+4	6,8702706000E-5
1,8738968683E+4	6,8645377800E-5
1,8739520025E+4	6,8679069100E-5
1,8740073383E+4	6,8374533100E-5
1,8740624852E+4	6,8264488800E-5
1,8741181273E+4	6,8196045400E-5
1,8741732243E+4	6,8281230600E-5
1,8742288506E+4	6,8063125100E-5
1,8742840097E+4	6,8001369300E-5
1,8743396608E+4	6,7783286800E-5
1,8743947453E+4	6,7672550700E-5
1,8744502239E+4	6,7510482000E-5
1,8745052855E+4	6,7438694900E-5
1,8745605062E+4	6,7434198100E-5
1,8746163221E+4	6,7435812300E-5
1,8746715213E+4	6,7258500700E-5
1,8747273383E+4	6,7215539100E-5
1,8747824427E+4	6,7098991800E-5
1,8748384245E+4	6,6929912700E-5
1,8748934976E+4	6,6948822300E-5
1,8749494471E+4	6,6921611000E-5
1,8750045722E+4	6,6854320600E-5
1,8750603746E+4	6,6801397000E-5
1,8751154675E+4	6,6793971500E-5
1,8751714212E+4	6,6559054900E-5
1,8752265636E+4	6,6535026000E-5
1,8752825879E+4	6,6398900300E-5
1,8753377299E+4	6,6273935800E-5
1,8753934381E+4	6,6269969400E-5
1,8754486219E+4	6,6303799100E-5
1,8755042548E+4	6,5935524100E-5
1,8755595162E+4	6,6125795600E-5
1,8756148525E+4	6,5930773600E-5
1,8756699357E+4	6,5894753200E-5
1,8757254531E+4	6,5762109700E-5
1,8757805818E+4	6,5807238900E-5
1,8758355251E+4	6,5732638400E-5
1,8758914379E+4	6,5659167900E-5
1,8759466126E+4	6,5670490600E-5
1,8760024434E+4	6,5504224900E-5
1,8760575670E+4	6,5456443700E-5
1,8761134148E+4	6,5344070200E-5
1,8761684407E+4	6,5284090100E-5
1,8762247134E+4	6,5202963500E-5
1,8762797651E+4	6,4992260400E-5
1,8763356960E+4	6,5082242200E-5
1,8763909332E+4	6,4844097100E-5
1,8764465514E+4	6,4766429600E-5
1,8765017431E+4	6,4629012500E-5
1,8765577275E+4	6,4459310900E-5
1,8766129136E+4	6,4158164800E-5
1,8766684621E+4	6,4251006000E-5
1,8767237075E+4	6,4270745800E-5
1,8767793499E+4	6,3956847200E-5
1,8768345174E+4	6,4031447700E-5
1,8768900266E+4	6,3785231500E-5
1,8769450915E+4	6,3519137300E-5
1,8770006314E+4	6,3399338400E-5
1,8770556570E+4	6,3206553200E-5
1,8771107683E+4	6,3358752000E-5
1,8771668084E+4	6,2994051400E-5
1,8772218522E+4	6,3143575200E-5
1,8772777509E+4	6,2937530300E-5
1,8773330231E+4	6,2888872800E-5
1,8773887988E+4	6,2794970700E-5
1,8774439415E+4	6,2627944000E-5
1,8774997439E+4	6,2543519800E-5
1,8775549900E+4	6,2528253800E-5
1,8776108301E+4	6,2266933100E-5
1,8776658414E+4	6,2052148300E-5
1,8777216333E+4	6,2117270900E-5
1,8777768484E+4	6,1906221900E-5
1,8778323398E+4	6,1877304100E-5
1,8778874498E+4	6,1729187000E-5
1,8779433383E+4	6,1692013600E-5
1,8779984456E+4	6,1627421300E-5
1,8780539598E+4	6,1400852600E-5
1,8781092127E+4	6,1484654200E-5
1,8781643516E+4	6,1260414600E-5
1,8782198292E+4	6,1144328500E-5
1,8782748321E+4	6,1124611800E-5
1,8783308647E+4	6,1081834700E-5
1,8783860113E+4	6,0886466800E-5
1,8784419482E+4	6,0816755100E-5
1,8784970049E+4	6,0825056900E-5
1,8785529756E+4	6,0659229300E-5
1,8786080658E+4	6,0414327600E-5
1,8786639930E+4	6,0455306000E-5
1,8787192008E+4	6,0563690000E-5
1,8787747553E+4	6,0374548400E-5
1,8788299684E+4	6,0314476000E-5
1,8788860223E+4	6,0101120900E-5
1,8789412362E+4	6,0008348800E-5
1,8789967360E+4	5,9735405600E-5
1,8790520365E+4	5,9878311000E-5
1,8791072396E+4	5,9566880000E-5
1,8791627321E+4	5,9709070600E-5
1,8792178159E+4	5,9594760000E-5
1,8792738465E+4	5,9435135800E-5
1,8793289436E+4	5,9697840200E-5
1,8793845264E+4	5,9402551400E-5
1,8794396872E+4	5,9598680300E-5
1,8794953971E+4	5,9233334000E-5
1,8795504528E+4	5,9108254200E-5
1,8796063560E+4	5,9051087400E-5
1,8796614469E+4	5,8946739000E-5
1,8797176023E+4	5,8818799800E-5
1,8797726421E+4	5,8926399700E-5
1,8798285059E+4	5,8995696300E-5
1,8798835543E+4	5,8749318700E-5
1,8799395605E+4	5,8681405700E-5
1,8799946787E+4	5,8692682300E-5
1,8800503896E+4	5,8746367000E-5
1,8801054373E+4	5,8611947700E-5
1,8801605808E+4	5,8369698000E-5
1,8802164152E+4	5,8483247500E-5
1,8802717109E+4	5,8207790700E-5
1,8803273662E+4	5,8227968600E-5
1,8803823251E+4	5,8168103700E-5
1,8804384713E+4	5,8016573600E-5
1,8804936786E+4	5,7929451400E-5
1,8805494340E+4	5,7713882500E-5
1,8806045099E+4	5,7911279700E-5
1,8806600343E+4	5,7817469900E-5
1,8807151051E+4	5,7775200200E-5
1,8807709877E+4	5,7672004800E-5
1,8808261376E+4	5,7793325700E-5
1,8808816063E+4	5,7554373500E-5
1,8809366441E+4	5,7586104700E-5
1,8809918300E+4	5,7465936800E-5
1,8810475732E+4	5,7446127900E-5
1,8811028163E+4	5,7241212900E-5
1,8811585686E+4	5,7126418100E-5
1,8812138921E+4	5,7277487000E-5
1,8812695265E+4	5,6992344800E-5
1,8813245426E+4	5,6931718900E-5
1,8813805851E+4	5,6857187700E-5
1,8814358371E+4	5,6679230300E-5
1,8814917679E+4	5,6938614000E-5
1,8815469436E+4	5,6551221900E-5
1,8816025356E+4	5,6731116300E-5
1,8816576141E+4	5,6739764000E-5
1,8817126504E+4	5,6603315400E-5
1,8817683230E+4	5,6469219000E-5
1,8818234516E+4	5,6400245300E-5
1,8818789235E+4	5,6232849700E-5
1,8819341386E+4	5,6362610700E-5
1,8819894084E+4	5,6161016400E-5
1,8820447543E+4	5,6156219900E-5
1,8820998773E+4	5,6091074200E-5
1,8821556987E+4	5,5965579300E-5
1,8822107481E+4	5,5620457000E-5
1,8822667415E+4	5,5596220500E-5
1,8823220498E+4	5,5680898400E-5
1,8823775394E+4	5,5389599100E-5
1,8824325617E+4	5,5350696100E-5
1,8824885901E+4	5,5339950000E-5
1,8825436434E+4	5,5318642100E-5
1,8825993141E+4	5,5238876100E-5
1,8826544401E+4	5,5085224500E-5
1,8827101500E+4	5,5115548900E-5
1,8827653438E+4	5,5009309600E-5
1,8828207454E+4	5,4953180500E-5
1,8828759270E+4	5,4696679400E-5
1,8829310185E+4	5,4562167900E-5
1,8829867098E+4	5,4471655700E-5
1,8830420157E+4	5,4221265600E-5
1,8830975917E+4	5,4475760500E-5
1,8831527750E+4	5,4181601700E-5
1,8832080532E+4	5,4157042300E-5
1,8832634215E+4	5,4138386400E-5
1,8833184992E+4	5,3978024200E-5
1,8833739338E+4	5,3840976100E-5
1,8834289372E+4	5,3795385700E-5
1,8834841032E+4	5,3676601400E-5
1,8835399050E+4	5,3580670000E-5
1,8835950291E+4	5,3450470900E-5
1,8836505723E+4	5,3213778600E-5
1,8837057081E+4	5,3259023200E-5
1,8837609417E+4	5,3315106200E-5
1,8838166244E+4	5,3106616800E-5
1,8838718485E+4	5,3048274000E-5
1,8839274799E+4	5,3083602500E-5
1,8839825630E+4	5,2840891600E-5
1,8840387507E+4	5,2970837100E-5
1,8840938420E+4	5,2916575900E-5
1,8841498062E+4	5,2891463100E-5
1,8842048926E+4	5,2775469100E-5
1,8842605709E+4	5,2585105300E-5
1,8843156220E+4	5,2559231500E-5
1,8843712479E+4	5,2534672200E-5
1,8844263511E+4	5,2369444200E-5
1,8844820910E+4	5,2369328900E-5
1,8845371314E+4	5,2259791900E-5
1,8845930766E+4	5,2125949200E-5
1,8846483026E+4	5,1849593000E-5
1,8847033622E+4	5,1817677400E-5
1,8847589111E+4	5,1837002000E-5
1,8848140575E+4	5,1592792100E-5
1,8848698652E+4	5,1557740200E-5
1,8849249670E+4	5,1571484300E-5
1,8849800468E+4	5,1382250400E-5
1,8850352131E+4	5,1430861800E-5
1,8850904705E+4	5,1318257700E-5
1,8851456161E+4	5,1292683700E-5
1,8852006785E+4	5,1263120200E-5
1,8852567406E+4	5,1267732300E-5
1,8853118352E+4	5,1267155800E-5
1,8853674276E+4	5,1096877600E-5
1,8854225258E+4	5,1143598100E-5
1,8854776041E+4	5,0973781100E-5
1,8855332593E+4	5,0800551100E-5
1,8855883518E+4	5,0786461200E-5
1,8856441322E+4	5,0838139600E-5
1,8856992035E+4	5,0687578100E-5
1,8857543896E+4	5,0684880000E-5
1,8858102142E+4	5,0536647600E-5
1,8858653239E+4	5,0523387900E-5
1,8859211135E+4	5,0577925800E-5
1,8859761992E+4	5,0412052100E-5
1,8860321410E+4	5,0357952400E-5
1,8860873116E+4	5,0218667400E-5
1,8861431997E+4	5,0316628100E-5
1,8861984303E+4	5,0082864600E-5
1,8862542204E+4	5,0028764800E-5
1,8863093308E+4	4,9882999800E-5
1,8863652273E+4	4,9614876300E-5
1,8864203747E+4	4,9537024300E-5
1,8864764905E+4	4,9537024300E-5
1,8865317223E+4	4,9403066300E-5
1,8865873104E+4	4,9417017800E-5
1,8866423465E+4	4,9412751600E-5
1,8866975376E+4	4,9610402500E-5
1,8867533377E+4	4,9208528500E-5
1,8868083559E+4	4,9404034800E-5
1,8868642058E+4	4,9303491300E-5
1,8869192957E+4	4,9250706000E-5
1,8869753153E+4	4,9178803600E-5
1,8870304216E+4	4,9185767900E-5
1,8870864469E+4	4,9119054000E-5
1,8871415360E+4	4,9151223300E-5
1,8871974326E+4	4,9059096900E-5
1,8872526445E+4	4,9097100500E-5
1,8873084798E+4	4,8956870100E-5
1,8873637313E+4	4,8862991100E-5
1,8874194702E+4	4,8876550600E-5
1,8874744934E+4	4,8883007500E-5
1,8875305078E+4	4,8634393100E-5
1,8875856408E+4	4,8508806000E-5
1,8876412079E+4	4,8575911800E-5
1,8876962837E+4	4,8580823700E-5
1,8877519399E+4	4,8437618400E-5
1,8878070003E+4	4,8250390800E-5
1,8878625404E+4	4,8259176900E-5
1,8879176223E+4	4,8182062800E-5
1,8879727258E+4	4,8039872200E-5
1,8880286219E+4	4,7986902400E-5
1,8880837535E+4	4,7931580400E-5
1,8881394348E+4	4,7882715400E-5
1,8881944260E+4	4,7645562000E-5
1,8882504928E+4	4,7670628700E-5
1,8883057099E+4	4,7680498500E-5
1,8883617001E+4	4,7572483500E-5
1,8884167574E+4	4,7605621300E-5
1,8884727131E+4	4,7525624700E-5
1,8885277498E+4	4,7434397700E-5
1,8885836571E+4	4,7266125700E-5
1,8886388123E+4	4,7186451900E-5
1,8886943229E+4	4,7225793000E-5
1,8887494705E+4	4,6972497300E-5
1,8888050000E+4	4,6967931300E-5
1,8888601242E+4	4,6955963000E-5
1,8889158421E+4	4,6942818500E-5
1,8889709546E+4	4,6749918100E-5
1,8890260432E+4	4,6738341700E-5
1,8890816792E+4	4,6728817800E-5
1,8891369368E+4	4,6762785800E-5
1,8891925870E+4	4,6668007400E-5
1,8892477394E+4	4,6662196200E-5
1,8893029475E+4	4,6501349700E-5
1,8893584401E+4	4,6498605500E-5
1,8894135464E+4	4,6403273700E-5
1,8894692583E+4	4,6677808100E-5
1,8895244254E+4	4,6415887800E-5
1,8895795585E+4	4,6449579100E-5
1,8896350176E+4	4,6199650200E-5
1,8896902799E+4	4,6110129600E-5
1,8897460242E+4	4,6185006800E-5
1,8898012089E+4	4,6144628000E-5
1,8898564513E+4	4,6183162000E-5
1,8899121083E+4	4,6059857900E-5
1,8899673142E+4	4,5938721500E-5
1,8900232270E+4	4,5805293800E-5
1,8900782449E+4	4,5749856600E-5
1,8901344011E+4	4,5749233900E-5
1,8901896745E+4	4,5655977600E-5
1,8902455148E+4	4,5652633800E-5
1,8903005888E+4	4,5493955000E-5
1,8903560680E+4	4,5572222100E-5
1,8904112015E+4	4,5649197800E-5
1,8904670249E+4	4,5505300700E-5
1,8905220646E+4	4,5325729200E-5
1,8905775269E+4	4,5380082600E-5
1,8906326265E+4	4,5477905000E-5
1,8906883091E+4	4,5228783200E-5
1,8907435266E+4	4,5160547400E-5
1,8907985692E+4	4,5085232000E-5
1,8908545181E+4	4,5148648200E-5
1,8909095895E+4	4,4800804700E-5
1,8909650890E+4	4,4971082900E-5
1,8910201584E+4	4,4870562500E-5
1,8910761828E+4	4,4842129000E-5
1,8911312399E+4	4,4680475400E-5
1,8911868061E+4	4,4640972900E-5
1,8912419071E+4	4,4602692600E-5
1,8912977493E+4	4,4645861700E-5
1,8913530026E+4	4,4582906800E-5
1,8914081685E+4	4,4512341800E-5
1,8914634260E+4	4,4526454800E-5
1,8915189629E+4	4,4468780700E-5
1,8915740988E+4	4,4470441100E-5
1,8916297010E+4	4,4390467500E-5
1,8916848319E+4	4,4356960700E-5
1,8917403077E+4	4,4166896700E-5
1,8917953814E+4	4,4147848700E-5
1,8918504634E+4	4,4190164600E-5
1,8919062040E+4	4,4067344800E-5
1,8919613149E+4	4,3996826000E-5
1,8920168418E+4	4,3834457600E-5
1,8920719410E+4	4,3841214300E-5
1,8921280329E+4	4,3951420000E-5
1,8921832173E+4	4,3819514400E-5
1,8922385477E+4	4,3677577500E-5
1,8922938130E+4	4,3787160600E-5
1,8923491382E+4	4,3554734600E-5
1,8924041821E+4	4,3664225500E-5
1,8924593499E+4	4,3642617900E-5
1,8925148700E+4	4,3621609800E-5
1,8925700898E+4	4,3467842900E-5
1,8926257124E+4	4,3419738800E-5
1,8926807476E+4	4,3310985900E-5
1,8927357445E+4	4,3190610400E-5
1,8927914653E+4	4,3158118300E-5
1,8928466354E+4	4,2967154900E-5
1,8929026028E+4	4,3069612400E-5
1,8929576832E+4	4,2961251400E-5
1,8930137014E+4	4,2947184600E-5
1,8930687412E+4	4,2977555200E-5
1,8931245663E+4	4,2862852600E-5
1,8931798217E+4	4,2825425500E-5
1,8932356381E+4	4,2742384900E-5
1,8932907406E+4	4,2510489300E-5
1,8933468102E+4	4,2526331800E-5
1,8934020207E+4	4,2496007300E-5
1,8934577302E+4	4,2459041500E-5
1,8935128261E+4	4,2349504500E-5
1,8935687217E+4	4,2287863900E-5
1,8936239475E+4	4,2264826600E-5
1,8936796337E+4	4,2175675000E-5
1,8937348085E+4	4,2165136300E-5
1,8937904227E+4	4,2176412900E-5
1,8938455090E+4	4,2095078800E-5
1,8939016178E+4	4,1856288100E-5
1,8939566663E+4	4,1845357400E-5
1,8940124110E+4	4,2005742700E-5
1,8940674426E+4	4,1805647400E-5
1,8941232486E+4	4,1667515400E-5
1,8941782724E+4	4,1672127500E-5
1,8942338468E+4	4,1668553100E-5
1,8942890125E+4	4,1708124800E-5
1,8943448693E+4	4,1574466600E-5
1,8943999328E+4	4,1579724400E-5
1,8944556609E+4	4,1223809700E-5
1,8945107294E+4	4,1292737400E-5
1,8945667243E+4	4,1344830900E-5
1,8946217494E+4	4,1183292600E-5
1,8946775862E+4	4,1175982400E-5
1,8947328035E+4	4,1063216900E-5
1,8947878384E+4	4,1028280400E-5
1,8948433333E+4	4,0964379900E-5
1,8948984476E+4	4,0905506700E-5
1,8949544401E+4	4,0878410700E-5
1,8950095284E+4	4,0799036700E-5
1,8950652433E+4	4,0792303000E-5
1,8951205122E+4	4,0546478900E-5
1,8951759345E+4	4,0772909200E-5
1,8952310108E+4	4,0477297600E-5
1,8952867895E+4	4,0581438500E-5
1,8953418966E+4	4,0646745600E-5
1,8953969339E+4	4,0601823900E-5
1,8954528458E+4	4,0373548800E-5
1,8955078461E+4	4,0260575700E-5