2,6952302779E+4	-4,4972166700E-5
2,6952855498E+4	-4,5092818900E-5
2,6953408817E+4	-4,5220896500E-5
2,6953990887E+4	-4,5309448500E-5
2,6954544549E+4	-4,5538830600E-5
2,6955102858E+4	-4,5491487500E-5
2,6955654398E+4	-4,5202378900E-5
2,6956211246E+4	-4,5273843200E-5
2,6956762922E+4	-4,5409231000E-5
2,6957315026E+4	-4,5010262500E-5
2,6957871022E+4	-4,4849485200E-5
2,6958423092E+4	-4,4976571200E-5
2,6958979588E+4	-4,5133082400E-5
2,6959530027E+4	-4,5086592500E-5
2,6960089530E+4	-4,5095447700E-5
2,6960639894E+4	-4,5066829800E-5
2,6961198771E+4	-4,5191517500E-5
2,6961750763E+4	-4,5233579700E-5
2,6962306211E+4	-4,5269692300E-5
2,6962858523E+4	-4,4956370300E-5
2,6963409677E+4	-4,4961282200E-5
2,6963963902E+4	-4,5040587000E-5
2,6964514640E+4	-4,4834426800E-5
2,6965076554E+4	-4,4845057600E-5
2,6965626619E+4	-4,4758419600E-5
2,6966186649E+4	-4,4730378100E-5
2,6966738566E+4	-4,4904507400E-5
2,6967297889E+4	-4,4845080700E-5
2,6967849363E+4	-4,4835695100E-5
2,6968409842E+4	-4,4771771600E-5
2,6968960460E+4	-4,4468480900E-5
2,6969515073E+4	-4,4558232100E-5
2,6970067577E+4	-4,4333508200E-5
2,6970624636E+4	-4,4438663700E-5
2,6971175316E+4	-4,4535725100E-5
2,6971731098E+4	-4,4370612400E-5
2,6972281953E+4	-4,4459856300E-5
2,6972839557E+4	-4,4306619700E-5
2,6973391824E+4	-4,4543934600E-5
2,6973948815E+4	-4,4379260100E-5
2,6974499298E+4	-4,4326520900E-5
2,6975057518E+4	-4,4326820700E-5
2,6975607859E+4	-4,4130484200E-5
2,6976166527E+4	-4,3866672900E-5
2,6976717295E+4	-4,3925822900E-5
2,6977268502E+4	-4,4000285000E-5
2,6977823741E+4	-4,3838562300E-5
2,6978375499E+4	-4,3862291400E-5
2,6978931306E+4	-4,3863859600E-5
2,6979483374E+4	-4,3833442900E-5
2,6980040901E+4	-4,3806785000E-5
2,6980593770E+4	-4,3862660400E-5
2,6981153578E+4	-4,3764192400E-5
2,6981704429E+4	-4,3923932000E-5
2,6982259814E+4	-4,3838539200E-5
2,6982812669E+4	-4,3765276200E-5
2,6983366593E+4	-4,3646814800E-5
2,6983917434E+4	-4,3720354500E-5
2,6984478247E+4	-4,3562667300E-5
2,6985028632E+4	-4,3764261600E-5
2,6985588625E+4	-4,3784301100E-5
2,6986139735E+4	-4,3737765100E-5
2,6986696065E+4	-4,3586534900E-5
2,6987246684E+4	-4,3562529000E-5
2,6987808384E+4	-4,3570992100E-5
2,6988359361E+4	-4,3630626400E-5
2,6988916605E+4	-4,3467450800E-5
2,6989467776E+4	-4,3396885900E-5
2,6990019064E+4	-4,3370043600E-5
2,6990574771E+4	-4,3138355500E-5
2,6991126873E+4	-4,3256424900E-5
2,6991688505E+4	-4,3165243900E-5
2,6992239469E+4	-4,3238737500E-5
2,6992797692E+4	-4,3300239700E-5
2,6993348809E+4	-4,3209935000E-5
2,6993907092E+4	-4,3125234100E-5
2,6994459169E+4	-4,3231242900E-5
2,6995016290E+4	-4,3072379600E-5
2,6995569532E+4	-4,3127609300E-5
2,6996124486E+4	-4,2986087500E-5
2,6996675551E+4	-4,2905122300E-5
2,6997235388E+4	-4,2707171600E-5
2,6997787584E+4	-4,2917644100E-5
2,6998344268E+4	-4,2683972800E-5
2,6998896539E+4	-4,2748472900E-5
2,6999449720E+4	-4,2696425500E-5
2,7000000721E+4	-4,2742500200E-5
2,7000557800E+4	-4,2732376700E-5
2,7001109148E+4	-4,2689714900E-5
2,7001667648E+4	-4,2713351800E-5
2,7002218558E+4	-4,2508690500E-5
2,7002775346E+4	-4,2456205000E-5
2,7003326602E+4	-4,2498544000E-5
2,7003885308E+4	-4,2234225300E-5
2,7004435787E+4	-4,2272621000E-5
2,7004991720E+4	-4,2252166400E-5
2,7005542597E+4	-4,2090028500E-5
2,7006101579E+4	-4,1960751800E-5
2,7006652567E+4	-4,2146826300E-5
2,7007213548E+4	-4,2192047800E-5
2,7007763547E+4	-4,1925792100E-5
2,7008323187E+4	-4,1876673400E-5
2,7008875424E+4	-4,1568378600E-5
2,7009433786E+4	-4,1748688100E-5
2,7009983806E+4	-4,1651327000E-5
2,7010546505E+4	-4,1735105500E-5
2,7011096805E+4	-4,1633478200E-5
2,7011651622E+4	-4,1606797300E-5
2,7012201989E+4	-4,1530398100E-5
2,7012752791E+4	-4,1621878800E-5
2,7013310519E+4	-4,1394249300E-5
2,7013861662E+4	-4,1363048600E-5
2,7014419015E+4	-4,1152922000E-5
2,7014969745E+4	-4,1208728200E-5
2,7015527571E+4	-4,1111920500E-5
2,7016078638E+4	-4,1211103400E-5
2,7016636665E+4	-4,1151077100E-5
2,7017189399E+4	-4,1249083900E-5
2,7017748485E+4	-4,1143190500E-5
2,7018299241E+4	-4,1168741400E-5
2,7018857601E+4	-4,1100897600E-5
2,7019408444E+4	-4,1018779500E-5
2,7019969648E+4	-4,0893469100E-5
2,7020520377E+4	-4,0898680800E-5
2,7021080736E+4	-4,0928428700E-5
2,7021631407E+4	-4,0958245800E-5
2,7022192706E+4	-4,0766936500E-5
2,7022744406E+4	-4,0892016300E-5
2,7023302726E+4	-4,0810290100E-5
2,7023852964E+4	-4,0709354700E-5
2,7024410811E+4	-4,0703266700E-5
2,7024963702E+4	-4,0713251900E-5
2,7025519606E+4	-4,0577956300E-5
2,7026070528E+4	-4,0719570400E-5
2,7026630731E+4	-4,0550606700E-5
2,7027182527E+4	-4,0577172300E-5
2,7027740487E+4	-4,0603392000E-5
2,7028290603E+4	-4,0534395200E-5
2,7028840576E+4	-4,0480203200E-5
2,7029399150E+4	-4,0493555200E-5
2,7029950016E+4	-4,0384294900E-5
2,7030507578E+4	-4,0482901300E-5
2,7031059686E+4	-4,0473999900E-5
2,7031618963E+4	-4,0358098200E-5
2,7032169643E+4	-4,0499966000E-5
2,7032731616E+4	-4,0486844600E-5
2,7033281759E+4	-4,0530059800E-5
2,7033842043E+4	-4,0358790100E-5
2,7034392739E+4	-4,0481725200E-5
2,7034953151E+4	-4,0280684400E-5
2,7035504784E+4	-4,0121383000E-5
2,7036062365E+4	-3,9981959600E-5
2,7036613826E+4	-4,0108446100E-5
2,7037168730E+4	-4,0029164300E-5
2,7037718770E+4	-3,9854343200E-5
2,7038276686E+4	-3,9859970000E-5
2,7038827563E+4	-3,9652518400E-5
2,7039385212E+4	-3,9699930600E-5
2,7039938378E+4	-3,9738556800E-5
2,7040494000E+4	-3,9788298200E-5
2,7041044578E+4	-3,9671381800E-5
2,7041604707E+4	-3,9635961000E-5
2,7042155345E+4	-3,9336682800E-5
2,7042714734E+4	-3,9212548500E-5
2,7043266394E+4	-3,9364401400E-5
2,7043817180E+4	-3,9330341200E-5
2,7044373570E+4	-3,9184207200E-5
2,7044924782E+4	-3,9270753000E-5
2,7045482462E+4	-3,9255648400E-5
2,7046033239E+4	-3,9122705100E-5
2,7046585885E+4	-3,9067014200E-5
2,7047141272E+4	-3,9256916800E-5
2,7047692026E+4	-3,9125264800E-5
2,7048247708E+4	-3,8859308900E-5
2,7048799584E+4	-3,8872568600E-5
2,7049356551E+4	-3,8833112300E-5
2,7049907695E+4	-3,8832996900E-5
2,7050469448E+4	-3,8682204800E-5
2,7051021780E+4	-3,8816485700E-5
2,7051576589E+4	-3,8740663000E-5
2,7052128817E+4	-3,8764230800E-5
2,7052684228E+4	-3,8670882200E-5
2,7053234660E+4	-3,8720808000E-5
2,7053796580E+4	-3,8668691400E-5
2,7054348438E+4	-3,8612470100E-5
2,7054903860E+4	-3,8522419100E-5
2,7055454837E+4	-3,8433567300E-5
2,7056012692E+4	-3,8690506600E-5
2,7056563202E+4	-3,8538861200E-5
2,7057119067E+4	-3,8311485400E-5
2,7057670822E+4	-3,8592200000E-5
2,7058227771E+4	-3,8413942900E-5
2,7058779714E+4	-3,8354562300E-5
2,7059334786E+4	-3,8381589100E-5
2,7059887747E+4	-3,8262874000E-5
2,7060446579E+4	-3,8247815600E-5
2,7060996703E+4	-3,8396048000E-5
2,7061555201E+4	-3,8259438000E-5
2,7062106474E+4	-3,8260844700E-5
2,7062663869E+4	-3,8280307700E-5
2,7063217419E+4	-3,8083187200E-5
2,7063773508E+4	-3,8259230500E-5
2,7064323470E+4	-3,8209673600E-5
2,7064882302E+4	-3,8276018500E-5
2,7065433298E+4	-3,7913854500E-5
2,7065984785E+4	-3,7989631000E-5
2,7066540660E+4	-3,8163368300E-5
2,7067092632E+4	-3,7849954000E-5
2,7067647689E+4	-3,7879010200E-5
2,7068198826E+4	-3,7890794100E-5
2,7068758450E+4	-3,7767559100E-5
2,7069309740E+4	-3,7840683700E-5
2,7069866830E+4	-3,7850069300E-5
2,7070417864E+4	-3,7841398600E-5
2,7070975857E+4	-3,7771571600E-5
2,7071527240E+4	-3,7875897000E-5
2,7072077671E+4	-3,7781303100E-5
2,7072627557E+4	-3,7777728800E-5
2,7073184759E+4	-3,7704281300E-5
2,7073736842E+4	-3,7600094300E-5
2,7074294754E+4	-3,7619995500E-5
2,7074846058E+4	-3,7371196500E-5
2,7075402709E+4	-3,7421168500E-5
2,7075953751E+4	-3,7561053000E-5
2,7076512414E+4	-3,7442799100E-5
2,7077062700E+4	-3,7528445600E-5
2,7077620036E+4	-3,7459817700E-5
2,7078170856E+4	-3,7365431400E-5
2,7078726865E+4	-3,7410353100E-5
2,7079278057E+4	-3,7323669000E-5
2,7079829740E+4	-3,7237261600E-5
2,7080385436E+4	-3,7052040200E-5
2,7080936777E+4	-3,7007579700E-5
2,7081491713E+4	-3,7005435100E-5
2,7082042424E+4	-3,6824387700E-5
2,7082602685E+4	-3,6699284900E-5
2,7083153512E+4	-3,6590209100E-5
2,7083713569E+4	-3,6915845300E-5
2,7084264650E+4	-3,6745705500E-5
2,7084819831E+4	-3,6564704200E-5
2,7085371303E+4	-3,6557486300E-5
2,7085922736E+4	-3,6428809100E-5
2,7086480264E+4	-3,6499466300E-5
2,7087031726E+4	-3,6257009000E-5
2,7087587631E+4	-3,6232011500E-5
2,7088139231E+4	-3,6325636800E-5
2,7088694577E+4	-3,6214693100E-5
2,7089244753E+4	-3,6066576000E-5
2,7089806635E+4	-3,5997533000E-5
2,7090358817E+4	-3,5970667700E-5
2,7090916914E+4	-3,5913892900E-5
2,7091467945E+4	-3,5823449900E-5
2,7092026797E+4	-3,5793701900E-5
2,7092577565E+4	-3,5464514400E-5
2,7093139350E+4	-3,5476967000E-5
2,7093690036E+4	-3,5235386000E-5
2,7094248633E+4	-3,5167934200E-5
2,7094800444E+4	-3,5287479500E-5
2,7095354919E+4	-3,5138255400E-5
2,7095906449E+4	-3,5167426900E-5
2,7096465322E+4	-3,5181286200E-5
2,7097016799E+4	-3,4966847300E-5
2,7097574331E+4	-3,4857771500E-5
2,7098125354E+4	-3,4889917700E-5
2,7098681666E+4	-3,4798944300E-5
2,7099232627E+4	-3,4720031600E-5
2,7099791842E+4	-3,4656892100E-5
2,7100342747E+4	-3,4774315800E-5
2,7100900200E+4	-3,4779227700E-5
2,7101451604E+4	-3,4802242000E-5
2,7102002430E+4	-3,4575442700E-5
2,7102559856E+4	-3,4486014300E-5
2,7103111111E+4	-3,4517791600E-5
2,7103668129E+4	-3,4422367600E-5
2,7104220802E+4	-3,4354085600E-5
2,7104772201E+4	-3,4287625500E-5
2,7105326580E+4	-3,4296227000E-5
2,7105879658E+4	-3,4195360700E-5
2,7106433890E+4	-3,4185098800E-5
2,7106984799E+4	-3,4056006600E-5
2,7107543417E+4	-3,4096016400E-5
2,7108095459E+4	-3,4042032000E-5
2,7108653763E+4	-3,3895413800E-5
2,7109204612E+4	-3,4032000700E-5
2,7109762050E+4	-3,3903046800E-5
2,7110314552E+4	-3,3681482200E-5
2,7110864587E+4	-3,3928344100E-5
2,7111419668E+4	-3,3853144000E-5
2,7111971483E+4	-3,3604275900E-5
2,7112528672E+4	-3,3525732100E-5
2,7113079701E+4	-3,3599387100E-5
2,7113636207E+4	-3,3606166800E-5
2,7114186791E+4	-3,3370996600E-5
2,7114746935E+4	-3,3438010200E-5
2,7115299438E+4	-3,3363317500E-5
2,7115855529E+4	-3,3364862500E-5
2,7116408745E+4	-3,3417301900E-5
2,7116963123E+4	-3,3232472600E-5
2,7117515315E+4	-3,3168549100E-5
2,7118073572E+4	-3,3147102900E-5
2,7118624853E+4	-3,3191217500E-5
2,7119184505E+4	-3,3048911600E-5
2,7119735693E+4	-3,3000346400E-5
2,7120287174E+4	-3,3038718900E-5
2,7120842847E+4	-3,3080458300E-5
2,7121393679E+4	-3,2905176000E-5
2,7121949382E+4	-3,2925953400E-5
2,7122500563E+4	-3,2929620100E-5
2,7123059344E+4	-3,3011369300E-5
2,7123611710E+4	-3,2964810300E-5
2,7124169721E+4	-3,2935131500E-5
2,7124720630E+4	-3,3003252000E-5
2,7125277957E+4	-3,2993728000E-5
2,7125829991E+4	-3,3005696400E-5
2,7126386790E+4	-3,2964441300E-5
2,7126937578E+4	-3,2799098000E-5
2,7127496707E+4	-3,2792664200E-5
2,7128048672E+4	-3,2684326300E-5
2,7128604745E+4	-3,2725765900E-5
2,7129156096E+4	-3,2733076000E-5
2,7129713727E+4	-3,2676070700E-5
2,7130265317E+4	-3,2597204000E-5
2,7130821494E+4	-3,2566026300E-5
2,7131372964E+4	-3,2650104600E-5
2,7131926440E+4	-3,2523203100E-5
2,7132477780E+4	-3,2523848800E-5
2,7133027550E+4	-3,2358805300E-5
2,7133585770E+4	-3,2354654400E-5
2,7134137409E+4	-3,2308049300E-5
2,7134693460E+4	-3,2205130600E-5
2,7135244022E+4	-3,2113050400E-5
2,7135802733E+4	-3,2170355500E-5
2,7136355445E+4	-3,1990253600E-5
2,7136913129E+4	-3,1967031700E-5
2,7137464230E+4	-3,2186866800E-5
2,7138023827E+4	-3,2014882100E-5
2,7138576334E+4	-3,1903684700E-5
2,7139134777E+4	-3,2039556800E-5
2,7139687469E+4	-3,2042531600E-5
2,7140247552E+4	-3,1892892500E-5
2,7140798384E+4	-3,1880070900E-5
2,7141358184E+4	-3,1774846100E-5
2,7141908598E+4	-3,1727641500E-5
2,7142470761E+4	-3,1882515300E-5
2,7143021619E+4	-3,1817046700E-5
2,7143580949E+4	-3,1640542200E-5
2,7144131549E+4	-3,1480525900E-5
2,7144691652E+4	-3,1529713800E-5
2,7145242464E+4	-3,1603069000E-5
2,7145802506E+4	-3,1476905400E-5
2,7146354327E+4	-3,1336974800E-5
2,7146913860E+4	-3,1474368800E-5
2,7147464785E+4	-3,1429377900E-5
2,7148024556E+4	-3,1406133000E-5
2,7148574724E+4	-3,1358882200E-5
2,7149132615E+4	-3,1320094500E-5
2,7149683042E+4	-3,1224393800E-5
2,7150243276E+4	-3,1151015500E-5
2,7150793706E+4	-3,1216760800E-5
2,7151350839E+4	-3,1282321600E-5
2,7151902647E+4	-3,1075192800E-5
2,7152459053E+4	-3,1103142000E-5
2,7153009658E+4	-3,1021162200E-5
2,7153571397E+4	-3,0765975600E-5
2,7154123907E+4	-3,0920157600E-5
2,7154681837E+4	-3,0701660000E-5
2,7155231458E+4	-3,0727856700E-5
2,7155792503E+4	-3,0578817100E-5
2,7156344873E+4	-3,0557832100E-5
2,7156905584E+4	-3,0546301900E-5
2,7157458499E+4	-3,0471609200E-5
2,7158009546E+4	-3,0260283500E-5
2,7158561782E+4	-3,0284912000E-5
2,7159120427E+4	-3,0280507500E-5
2,7159672412E+4	-3,0201018200E-5
2,7160230868E+4	-3,0166681200E-5
2,7160783552E+4	-2,9828615300E-5
2,7161340783E+4	-2,9995688100E-5
2,7161891655E+4	-2,9953026300E-5
2,7162455259E+4	-2,9974172800E-5
2,7163007606E+4	-2,9684510700E-5
2,7163565032E+4	-2,9776844700E-5
2,7164115856E+4	-2,9650381300E-5
2,7164675923E+4	-2,9614360900E-5
2,7165227800E+4	-2,9660850700E-5
2,7165784911E+4	-2,9502402600E-5
2,7166335660E+4	-2,9342847500E-5
2,7166892746E+4	-2,9276041400E-5
2,7167443847E+4	-2,9076384200E-5
2,7167994749E+4	-2,9106201400E-5
2,7168552562E+4	-2,9015550800E-5
2,7169103533E+4	-2,8849146800E-5
2,7169660326E+4	-2,8879586600E-5
2,7170210801E+4	-2,8921856300E-5
2,7170767614E+4	-2,8752569700E-5
2,7171318194E+4	-2,8937191500E-5
2,7171877963E+4	-2,8723513600E-5
2,7172428922E+4	-2,8559438700E-5
2,7172987443E+4	-2,8406594200E-5
2,7173539619E+4	-2,8379636500E-5
2,7174095372E+4	-2,8180048500E-5
2,7174645923E+4	-2,8212771300E-5
2,7175207108E+4	-2,8234148300E-5
2,7175759623E+4	-2,8138747300E-5
2,7176314429E+4	-2,8128208700E-5
2,7176865550E+4	-2,8099106400E-5
2,7177422377E+4	-2,7909411400E-5
2,7177973026E+4	-2,8094425200E-5
2,7178532816E+4	-2,7944048100E-5
2,7179084277E+4	-2,7779673400E-5
2,7179641602E+4	-2,7600563100E-5
2,7180192591E+4	-2,7569662100E-5
2,7180743854E+4	-2,7485053400E-5
2,7181302464E+4	-2,7361149700E-5
2,7181852648E+4	-2,7425926500E-5
2,7182406534E+4	-2,7233810100E-5
2,7182957689E+4	-2,7442599200E-5
2,7183516803E+4	-2,7364493500E-5
2,7184066467E+4	-2,7126025600E-5
2,7184626915E+4	-2,7312446100E-5
2,7185179416E+4	-2,7158425500E-5
2,7185734570E+4	-2,7092657200E-5
2,7186286199E+4	-2,7038649700E-5
2,7186837139E+4	-2,7226799700E-5
2,7187395952E+4	-2,6995734200E-5
2,7187946474E+4	-2,6893345900E-5
2,7188500728E+4	-2,6879071500E-5
2,7189051770E+4	-2,6892308200E-5
2,7189612441E+4	-2,6762547200E-5
2,7190163305E+4	-2,6793609600E-5
2,7190720715E+4	-2,6701091100E-5
2,7191272814E+4	-2,6839984100E-5
2,7191831039E+4	-2,6586158000E-5
2,7192383127E+4	-2,6566810300E-5
2,7192938316E+4	-2,6638920200E-5
2,7193489119E+4	-2,6403888400E-5
2,7194050734E+4	-2,6517414800E-5
2,7194602196E+4	-2,6391159000E-5
2,7195156584E+4	-2,6332308800E-5
2,7195708124E+4	-2,6576265100E-5
2,7196263623E+4	-2,6427018000E-5
2,7196815114E+4	-2,6222656500E-5
2,7197376236E+4	-2,6467304500E-5
2,7197926728E+4	-2,5993666400E-5
2,7198484476E+4	-2,6192608700E-5
2,7199035941E+4	-2,6233010600E-5
2,7199587067E+4	-2,6122804800E-5
2,7200138634E+4	-2,5995488200E-5
2,7200695672E+4	-2,6089713100E-5
2,7201245796E+4	-2,5888810700E-5
2,7201805557E+4	-2,5774108100E-5
2,7202356730E+4	-2,5811973300E-5
2,7202917717E+4	-2,5753215400E-5
2,7203468776E+4	-2,5610955600E-5
2,7204028535E+4	-2,5380143800E-5
2,7204579832E+4	-2,5424581200E-5
2,7205138616E+4	-2,5440262300E-5
2,7205688612E+4	-2,5428686000E-5
2,7206245769E+4	-2,5414181000E-5
2,7206799572E+4	-2,5354984900E-5
2,7207354425E+4	-2,5248445700E-5
2,7207904673E+4	-2,5103764600E-5
2,7208464632E+4	-2,5039333800E-5
2,7209017741E+4	-2,4950758700E-5
2,7209572122E+4	-2,4759841400E-5
2,7210123529E+4	-2,4588225700E-5
2,7210680821E+4	-2,4619495600E-5
2,7211231837E+4	-2,4507975400E-5
2,7211792830E+4	-2,4449079100E-5
2,7212344523E+4	-2,4522941600E-5
2,7212900018E+4	-2,4409138400E-5
2,7213450752E+4	-2,4276264300E-5
2,7214009510E+4	-2,4274719200E-5
2,7214560875E+4	-2,4109814100E-5
2,7215119780E+4	-2,4009801000E-5
2,7215671027E+4	-2,4153006300E-5
2,7216230712E+4	-2,4094940100E-5
2,7216780835E+4	-2,4135918500E-5
2,7217341976E+4	-2,4050641000E-5
2,7217894630E+4	-2,4085900400E-5
2,7218452388E+4	-2,4012060900E-5
2,7219004726E+4	-2,3668691200E-5
2,7219561570E+4	-2,3674733000E-5
2,7220112587E+4	-2,3621970800E-5
2,7220669899E+4	-2,3421183600E-5
2,7221222819E+4	-2,3577694800E-5
2,7221779885E+4	-2,3414104100E-5
2,7222331987E+4	-2,3501272500E-5
2,7222890777E+4	-2,3408546500E-5
2,7223442560E+4	-2,3438294500E-5
2,7224000845E+4	-2,3332954500E-5
2,7224552879E+4	-2,3095132300E-5
2,7225113957E+4	-2,3111020900E-5
2,7225666992E+4	-2,2940074000E-5
2,7226225246E+4	-2,2838239100E-5
2,7226775777E+4	-2,2961820000E-5
2,7227336220E+4	-2,2776690900E-5
2,7227887001E+4	-2,2733083600E-5
2,7228444827E+4	-2,2818153500E-5
2,7228995794E+4	-2,2437033800E-5
2,7229552736E+4	-2,2415749100E-5
2,7230102651E+4	-2,2305912200E-5
2,7230659709E+4	-2,2229882000E-5
2,7231210789E+4	-2,2152260600E-5
2,7231770827E+4	-2,1984380700E-5
2,7232322586E+4	-2,2054507500E-5
2,7232880463E+4	-2,2011084700E-5
2,7233432572E+4	-2,1836009900E-5
2,7233985855E+4	-2,1635637900E-5
2,7234536648E+4	-2,1781610400E-5
2,7235096798E+4	-2,1635245900E-5
2,7235649376E+4	-2,1501495400E-5
2,7236204790E+4	-2,1489019700E-5
2,7236757778E+4	-2,1249145100E-5
2,7237314070E+4	-2,1155612100E-5
2,7237866469E+4	-2,1289108900E-5
2,7238423818E+4	-2,1089590100E-5
2,7238975215E+4	-2,1260191100E-5
2,7239531960E+4	-2,1029771300E-5
2,7240082613E+4	-2,1010746500E-5
2,7240641478E+4	-2,1024928600E-5
2,7241192330E+4	-2,0781987000E-5
2,7241754563E+4	-2,0735358900E-5
2,7242306095E+4	-2,0574743000E-5
2,7242863055E+4	-2,0456281600E-5
2,7243415573E+4	-2,0879417300E-5
2,7243969970E+4	-2,0567248300E-5
2,7244520789E+4	-2,0514716700E-5
2,7245077557E+4	-2,0558162500E-5
2,7245629021E+4	-2,0420630200E-5
2,7246184586E+4	-2,0246800700E-5
2,7246735060E+4	-2,0142083300E-5
2,7247287583E+4	-2,0272282400E-5
2,7247842881E+4	-2,0282751900E-5
2,7248396246E+4	-2,0194315100E-5
2,7248949801E+4	-2,0039395200E-5
2,7249502517E+4	-1,9914384600E-5
2,7250059403E+4	-1,9914061800E-5
2,7250611669E+4	-2,0012114700E-5
2,7251170588E+4	-1,9995326700E-5
2,7251721436E+4	-1,9950405000E-5
2,7252277433E+4	-1,9866280600E-5
2,7252828626E+4	-1,9620825400E-5
2,7253378607E+4	-1,9607312000E-5
2,7253937692E+4	-1,9483108500E-5
2,7254489301E+4	-1,9358720600E-5
2,7255043947E+4	-1,9315021100E-5
2,7255595151E+4	-1,9183576600E-5
2,7256154638E+4	-1,9181362800E-5
2,7256706309E+4	-1,9476605500E-5
2,7257266067E+4	-1,9187266300E-5
2,7257816678E+4	-1,9086838200E-5
2,7258375413E+4	-1,8893661000E-5
2,7258926479E+4	-1,8704242600E-5
2,7259487655E+4	-1,8821781600E-5
2,7260038776E+4	-1,8768950200E-5
2,7260599468E+4	-1,8664601700E-5
2,7261150046E+4	-1,8660128000E-5
2,7261708703E+4	-1,8502971200E-5
2,7262260397E+4	-1,8537907800E-5
2,7262818603E+4	-1,8457818900E-5
2,7263369610E+4	-1,8191286500E-5
2,7263929761E+4	-1,7993266600E-5
2,7264480677E+4	-1,8107092900E-5
2,7265041749E+4	-1,7787475400E-5
2,7265592220E+4	-1,7835210500E-5
2,7266154888E+4	-1,7866572600E-5
2,7266705998E+4	-1,7752515800E-5
2,7267265979E+4	-1,7571491400E-5
2,7267819105E+4	-1,7639196800E-5
2,7268377365E+4	-1,7519167300E-5
2,7268928746E+4	-1,7807099800E-5
2,7269486626E+4	-1,7788443900E-5
2,7270037848E+4	-1,7894245100E-5
2,7270599244E+4	-1,7692512500E-5
2,7271149609E+4	-1,7640949400E-5
2,7271705573E+4	-1,7700814300E-5
2,7272257840E+4	-1,7639196800E-5
2,7272812782E+4	-1,7564965300E-5
2,7273363808E+4	-1,7492924500E-5
2,7273924616E+4	-1,7417055700E-5
2,7274477291E+4	-1,7552236000E-5
2,7275037655E+4	-1,7464352700E-5
2,7275588567E+4	-1,7446665300E-5
2,7276147560E+4	-1,7422059900E-5
2,7276698339E+4	-1,7233148800E-5
2,7277258232E+4	-1,7158963500E-5
2,7277808857E+4	-1,7221249700E-5
2,7278368859E+4	-1,7093794700E-5
2,7278920848E+4	-1,7036305000E-5
2,7279479895E+4	-1,7157971900E-5
2,7280031806E+4	-1,7268316000E-5
2,7280591220E+4	-1,7172661300E-5
2,7281142027E+4	-1,7076384100E-5
2,7281701476E+4	-1,7168764100E-5
2,7282252495E+4	-1,7010684900E-5
2,7282809135E+4	-1,7001161000E-5
2,7283359589E+4	-1,6996133800E-5
2,7283916144E+4	-1,6834157300E-5
2,7284468292E+4	-1,6857517600E-5
2,7285028509E+4	-1,6904745300E-5
2,7285579705E+4	-1,6696440500E-5
2,7286135587E+4	-1,6716895100E-5
2,7286685569E+4	-1,6618749900E-5
2,7287244687E+4	-1,6625737200E-5
2,7287796262E+4	-1,6736012200E-5
2,7288352611E+4	-1,6626982500E-5
2,7288903567E+4	-1,6324568000E-5
2,7289458626E+4	-1,6182861700E-5
2,7290009815E+4	-1,6049364900E-5
2,7290561206E+4	-1,6047381700E-5
2,7291117039E+4	-1,6008824700E-5
2,7291667587E+4	-1,5709385100E-5
2,7292228242E+4	-1,5818414700E-5
2,7292779399E+4	-1,5681320500E-5
2,7293340208E+4	-1,5724420500E-5
2,7293891785E+4	-1,5576510900E-5
2,7294449769E+4	-1,5666262100E-5
2,7295001244E+4	-1,5510166000E-5
2,7295556789E+4	-1,5406717000E-5
2,7296109434E+4	-1,5350126700E-5
2,7296664776E+4	-1,5221334200E-5
2,7297216117E+4	-1,5051840100E-5
2,7297776307E+4	-1,5140553500E-5
2,7298328079E+4	-1,5323468800E-5
2,7298884411E+4	-1,5262474000E-5
2,7299435591E+4	-1,4904852900E-5
2,7299991816E+4	-1,5100151600E-5
2,7300542610E+4	-1,4911563500E-5
2,7301103408E+4	-1,4716933500E-5
2,7301654191E+4	-1,4757635100E-5
2,7302213565E+4	-1,4585143100E-5
2,7302763605E+4	-1,4616574500E-5
2,7303325956E+4	-1,4673879700E-5
2,7303877084E+4	-1,4681558800E-5
2,7304435708E+4	-1,4763999800E-5
2,7304986740E+4	-1,4710222900E-5
2,7305544693E+4	-1,4602230900E-5
2,7306095597E+4	-1,4778089700E-5
2,7306645755E+4	-1,4651764700E-5
2,7307205574E+4	-1,4557701200E-5
2,7307755797E+4	-1,4458149400E-5
2,7308310637E+4	-1,4525439700E-5
2,7308860791E+4	-1,4423235900E-5
2,7309420785E+4	-1,4383018500E-5
2,7309972534E+4	-1,4276663800E-5
2,7310529964E+4	-1,4312592000E-5
2,7311080620E+4	-1,4117062600E-5
2,7311640619E+4	-1,4130207100E-5
2,7312190732E+4	-1,4127624300E-5
2,7312754021E+4	-1,4010477300E-5
2,7313304550E+4	-1,4035544000E-5
2,7313863937E+4	-1,4007940700E-5
2,7314414622E+4	-1,3889594600E-5
2,7314973445E+4	-1,3875181800E-5
2,7315523412E+4	-1,3836348000E-5
2,7316082489E+4	-1,3875804400E-5
2,7316634546E+4	-1,3781625700E-5
2,7317184719E+4	-1,3692197300E-5
2,7317741766E+4	-1,3478242700E-5
2,7318292780E+4	-1,3575327100E-5
2,7318849143E+4	-1,3480940800E-5
2,7319399716E+4	-1,3379797700E-5
2,7319951588E+4	-1,3362756100E-5
2,7320509728E+4	-1,3316197100E-5
2,7321060850E+4	-1,3203431600E-5
2,7321617360E+4	-1,3219389400E-5
2,7322167782E+4	-1,3307226600E-5
2,7322725995E+4	-1,3201171700E-5
2,7323278205E+4	-1,3210649500E-5
2,7323837667E+4	-1,3069450500E-5
2,7324387821E+4	-1,2968860900E-5
2,7324947729E+4	-1,2969645000E-5
2,7325498864E+4	-1,2812534300E-5
2,7326058108E+4	-1,2879801600E-5
2,7326610501E+4	-1,2868086900E-5
2,7327169817E+4	-1,2841475100E-5
2,7327720706E+4	-1,2737657100E-5
2,7328276450E+4	-1,2752877000E-5
2,7328828830E+4	-1,2737265100E-5
2,7329386577E+4	-1,2726403600E-5
2,7329937955E+4	-1,2588110200E-5
2,7330495667E+4	-1,2613200000E-5
2,7331046120E+4	-1,2574919700E-5
2,7331603777E+4	-1,2443475200E-5
2,7332154690E+4	-1,2551928400E-5
2,7332707414E+4	-1,2717825100E-5
2,7333264630E+4	-1,2806169600E-5
2,7333814920E+4	-1,2549322600E-5
2,7334370658E+4	-1,2698754200E-5
2,7334921209E+4	-1,2551974500E-5
2,7335478750E+4	-1,2455904800E-5
2,7336029846E+4	-1,2571345300E-5
2,7336589686E+4	-1,2277624600E-5
2,7337141071E+4	-1,2518744500E-5
2,7337696821E+4	-1,2403211700E-5
2,7338248337E+4	-1,2333707600E-5
2,7338803561E+4	-1,2366338100E-5
2,7339354374E+4	-1,2225346700E-5
2,7339914687E+4	-1,2170047800E-5
2,7340464924E+4	-1,2229451400E-5
2,7341022782E+4	-1,1979315000E-5
2,7341574753E+4	-1,1971958700E-5
2,7342125565E+4	-1,1868440400E-5
2,7342681438E+4	-1,2062447800E-5
2,7343231699E+4	-1,1930265400E-5
2,7343795540E+4	-1,1985818000E-5
2,7344346777E+4	-1,2058665900E-5
2,7344905569E+4	-1,1940020000E-5
2,7345457766E+4	-1,1716725900E-5
2,7346014588E+4	-1,1842543600E-5
2,7346565597E+4	-1,1892169600E-5
2,7347126487E+4	-1,1620148800E-5
2,7347678460E+4	-1,1633685300E-5
2,7348237824E+4	-1,1593998300E-5
2,7348789188E+4	-1,1726342100E-5
2,7349349275E+4	-1,1676116500E-5
2,7349900426E+4	-1,1681766300E-5
2,7350460750E+4	-1,1554910900E-5
2,7351010777E+4	-1,1566740900E-5
2,7351566966E+4	-1,1531435400E-5
2,7352119158E+4	-1,1447011200E-5
2,7352675658E+4	-1,1353293600E-5
2,7353227729E+4	-1,1457411400E-5
2,7353788468E+4	-1,1460017200E-5
2,7354339591E+4	-1,1377368700E-5
2,7354895584E+4	-1,1443667400E-5
2,7355446811E+4	-1,1361157200E-5
2,7356005447E+4	-1,1307080500E-5
2,7356556786E+4	-1,1094325000E-5
2,7357114911E+4	-1,1167403500E-5
2,7357665812E+4	-1,1264487900E-5
2,7358227531E+4	-1,1158594400E-5
2,7358780669E+4	-1,1177573100E-5
2,7359338496E+4	-1,1031739000E-5
2,7359890700E+4	-1,0904676000E-5
2,7360447637E+4	-1,1049380200E-5
2,7360999481E+4	-1,0883921700E-5
2,7361558607E+4	-1,0878917500E-5
2,7362110822E+4	-1,0853228200E-5
2,7362670782E+4	-1,0854312100E-5
2,7363221790E+4	-1,0872991000E-5
2,7363783272E+4	-1,0772655100E-5
2,7364334886E+4	-1,0620710000E-5
2,7364893815E+4	-1,0624307400E-5
2,7365444690E+4	-1,0491756100E-5
2,7366004595E+4	-1,0474299300E-5
2,7366556208E+4	-1,0474299300E-5
2,7367116089E+4	-1,0503147900E-5
2,7367668635E+4	-1,0253634100E-5
2,7368226587E+4	-1,0287648200E-5
2,7368778838E+4	-1,0046689800E-5
2,7369339431E+4	-9,8956670900E-6
2,7369892406E+4	-1,0056951700E-5
2,7370447520E+4	-1,0108537900E-5
2,7370999357E+4	-1,0228037000E-5
2,7371556583E+4	-9,9411422500E-6
2,7372108259E+4	-1,0077613900E-5
2,7372664235E+4	-1,0054207500E-5
2,7373216110E+4	-9,9160986300E-6
2,7373772511E+4	-9,7921488400E-6
2,7374322643E+4	-9,5423583000E-6
2,7374883803E+4	-9,5563329200E-6
2,7375435528E+4	-9,6469373300E-6
2,7375990868E+4	-9,5413897600E-6
2,7376542822E+4	-9,7582038900E-6
2,7377100396E+4	-9,6084033600E-6
2,7377652049E+4	-9,4104526600E-6
2,7378209624E+4	-9,4717933900E-6
2,7378760781E+4	-9,1556118900E-6
2,7379318569E+4	-9,3120077000E-6
2,7379869737E+4	-9,3776837900E-6
2,7380425667E+4	-9,0802273500E-6
2,7380976910E+4	-9,2255541600E-6
2,7381531784E+4	-9,3367054200E-6
2,7382084563E+4	-9,3962243800E-6
2,7382637298E+4	-9,3065654400E-6
2,7383192363E+4	-9,5559639500E-6
2,7383743911E+4	-9,3031063800E-6
2,7384303652E+4	-9,4988202100E-6
2,7384854663E+4	-9,1694942600E-6
2,7385411540E+4	-9,1328281900E-6
2,7385962755E+4	-9,1531444200E-6
2,7386513947E+4	-9,0306013200E-6
2,7387068887E+4	-8,9225401600E-6
2,7387619761E+4	-8,9660782400E-6
2,7388179611E+4	-8,8501304200E-6
2,7388730606E+4	-8,9801681600E-6
2,7389289659E+4	-8,7758527900E-6
2,7389840145E+4	-8,8613147300E-6
2,7390402404E+4	-8,7061411200E-6
2,7390953499E+4	-8,5720678000E-6
2,7391508568E+4	-8,8180994900E-6
2,7392059776E+4	-8,5461017600E-6
2,7392616128E+4	-8,4605475800E-6
2,7393166478E+4	-8,4142422400E-6
2,7393728244E+4	-8,4383634500E-6
2,7394279163E+4	-8,3479665800E-6
2,7394835841E+4	-8,5146242800E-6
2,7395388756E+4	-8,4178396700E-6
2,7395943711E+4	-8,3604653300E-6
2,7396493688E+4	-8,3775069800E-6
2,7397056459E+4	-8,4182317000E-6
2,7397608910E+4	-8,3475284300E-6
2,7398163075E+4	-8,3009002500E-6
2,7398713716E+4	-8,3870078800E-6
2,7399269807E+4	-8,3657922900E-6
2,7399819811E+4	-8,2904308100E-6
2,7400380704E+4	-8,2424651300E-6
2,7400930845E+4	-8,3283652100E-6
2,7401492737E+4	-8,2016481700E-6
2,7402043782E+4	-8,2601063500E-6
2,7402604635E+4	-8,1530367900E-6
2,7403156634E+4	-8,0536002300E-6
2,7403714187E+4	-8,0056806700E-6
2,7404264674E+4	-7,7842313900E-6
2,7404823778E+4	-7,8354947200E-6
2,7405374857E+4	-7,9053216900E-6
2,7405933339E+4	-7,8972505400E-6
2,7406485918E+4	-7,7524541300E-6
2,7407038444E+4	-7,7215992800E-6
2,7407591865E+4	-7,9111329200E-6
2,7408143874E+4	-7,7403935200E-6
2,7408701690E+4	-7,6627721300E-6
2,7409253577E+4	-7,6743023400E-6
2,7409813699E+4	-7,6799982700E-6
2,7410365611E+4	-7,6480134600E-6
2,7410924702E+4	-7,7085470800E-6
2,7411476148E+4	-7,4337590300E-6
2,7412031849E+4	-7,5394449700E-6
2,7412583561E+4	-7,3143752100E-6
2,7413133839E+4	-7,3237838600E-6
2,7413692832E+4	-7,2377454100E-6
2,7414243978E+4	-7,2284520600E-6
2,7414797512E+4	-7,0852468100E-6
2,7415348670E+4	-7,1386086400E-6
2,7415900658E+4	-7,1045253300E-6
2,7416458397E+4	-7,0778905400E-6
2,7417010647E+4	-7,0243442300E-6
2,7417565167E+4	-6,9382135300E-6
2,7418117477E+4	-6,7117370900E-6
2,7418672568E+4	-6,8628751200E-6
2,7419224955E+4	-6,9790535500E-6
2,7419784200E+4	-6,7159571400E-6
2,7420334623E+4	-6,7551598700E-6
2,7420890670E+4	-6,8066307400E-6
2,7421441783E+4	-6,7213994000E-6
2,7421993523E+4	-6,8253096900E-6
2,7422550008E+4	-6,6681298200E-6
2,7423102443E+4	-6,8964741600E-6
2,7423657843E+4	-6,7059489200E-6
2,7424210118E+4	-6,6595513400E-6
2,7424767547E+4	-6,5955586600E-6
2,7425318880E+4	-6,5837056000E-6
2,7425878850E+4	-6,4111674900E-6
2,7426430623E+4	-6,6670459800E-6
2,7426986169E+4	-6,4127125400E-6
2,7427536856E+4	-6,5251090600E-6
2,7428087802E+4	-6,4519152600E-6
2,7428645290E+4	-6,5301823500E-6
2,7429197075E+4	-6,4656823400E-6
2,7429750767E+4	-6,4395779300E-6
2,7430300886E+4	-6,4278863000E-6
2,7430862542E+4	-6,4569655000E-6
2,7431415494E+4	-6,3944486800E-6
2,7431971815E+4	-6,2724590200E-6
2,7432522800E+4	-6,4233433900E-6
2,7433078763E+4	-6,4988893500E-6
2,7433631210E+4	-6,3897674100E-6
2,7434188435E+4	-6,5283836400E-6
2,7434741462E+4	-6,6859785900E-6
2,7435298509E+4	-6,5674249400E-6
2,7435849294E+4	-6,3512565000E-6
2,7436406481E+4	-6,2669706400E-6
2,7436957958E+4	-6,2443483700E-6
2,7437509577E+4	-6,2907459400E-6
2,7438060385E+4	-6,3456297600E-6
2,7438612434E+4	-6,2470003100E-6
2,7439166397E+4	-6,1493855300E-6
2,7439716787E+4	-6,0800658900E-6
2,7440274557E+4	-6,2300278400E-6
2,7440826088E+4	-6,0878833700E-6
2,7441377720E+4	-5,9994466400E-6
2,7441933389E+4	-6,0670598100E-6
2,7442484882E+4	-6,2196967700E-6
2,7443044801E+4	-6,1625760900E-6
2,7443595861E+4	-5,9101566700E-6
2,7444156392E+4	-6,1757205400E-6
2,7444706533E+4	-6,0118531500E-6
2,7445267415E+4	-5,9191271700E-6
2,7445819812E+4	-6,0329995600E-6
2,7446375795E+4	-5,8239567900E-6
2,7446926809E+4	-5,8733522300E-6
2,7447479995E+4	-5,7015981700E-6
2,7448035868E+4	-5,7864374800E-6
2,7448586693E+4	-5,6462300900E-6
2,7449143722E+4	-5,6286580400E-6
2,7449693754E+4	-5,2960805700E-6
2,7450252538E+4	-5,4236047300E-6
2,7450803430E+4	-5,3386731800E-6
2,7451360798E+4	-5,3411175900E-6
2,7451912348E+4	-5,0502794900E-6
2,7452469798E+4	-5,0685894700E-6
2,7453022795E+4	-5,0972997000E-6
2,7453578052E+4	-5,1832689700E-6
2,7454128740E+4	-4,9818361400E-6
2,7454688957E+4	-5,1467181900E-6
2,7455240849E+4	-5,0260891000E-6
2,7455800868E+4	-4,9799221300E-6
2,7456352192E+4	-4,8572637200E-6
2,7456910130E+4	-4,5682704600E-6
2,7457462002E+4	-4,4408385400E-6
2,7458021419E+4	-4,4318680400E-6
2,7458572256E+4	-4,4877895700E-6
2,7459129029E+4	-4,3991222300E-6
2,7459681516E+4	-4,3023376200E-6
2,7460233513E+4	-4,3835564400E-6
2,7460787617E+4	-4,3176497400E-6
2,7461340281E+4	-4,1302837800E-6
2,7461894791E+4	-4,0512095800E-6
2,7462446801E+4	-4,0114303400E-6
2,7463005868E+4	-4,0979300000E-6
2,7463557786E+4	-3,9700830000E-6
2,7464113805E+4	-3,8867426200E-6
2,7464663751E+4	-4,0774062200E-6
2,7465222593E+4	-3,9218636500E-6
2,7465772476E+4	-3,9463077000E-6
2,7466322773E+4	-4,0221995600E-6
2,7466882205E+4	-3,9361149900E-6
2,7467434417E+4	-3,8828915300E-6
2,7467989851E+4	-3,8532588800E-6
2,7468540804E+4	-4,0130215100E-6
2,7469098370E+4	-3,8096054900E-6
2,7469649842E+4	-3,9984242600E-6
2,7470208733E+4	-3,8518983100E-6
2,7470758857E+4	-3,8126264100E-6
2,7471317524E+4	-3,7282021900E-6
2,7471870692E+4	-3,6146526500E-6
2,7472424772E+4	-3,6958022900E-6
2,7472976048E+4	-3,7714635500E-6
2,7473538272E+4	-3,7350050100E-6
2,7474089857E+4	-3,7725935100E-6
2,7474646529E+4	-3,9068051900E-6
2,7475196472E+4	-3,7225985000E-6
2,7475747723E+4	-3,6396732100E-6
2,7476304504E+4	-3,6015082000E-6
2,7476856616E+4	-3,3415480200E-6
2,7477411742E+4	-3,3216468700E-6
2,7477964573E+4	-3,3515101200E-6
2,7478519620E+4	-3,3381812000E-6
2,7479070823E+4	-3,3272044300E-6
2,7479630683E+4	-3,3584282500E-6
2,7480180771E+4	-3,4320601900E-6
2,7480739550E+4	-3,1243649200E-6
2,7481290713E+4	-3,1556118000E-6
2,7481846873E+4	-3,1756051900E-6
2,7482400554E+4	-3,1960136700E-6
2,7482956664E+4	-3,2397823600E-6
2,7483509452E+4	-3,1411529100E-6
2,7484065181E+4	-3,1867433800E-6
2,7484616750E+4	-3,2951504400E-6
2,7485167864E+4	-3,2066906500E-6
2,7485725723E+4	-3,2060910700E-6
2,7486276462E+4	-3,2845657100E-6
2,7486831278E+4	-3,4013898200E-6
2,7487382490E+4	-3,3197328600E-6
2,7487940801E+4	-3,3377199900E-6
2,7488492642E+4	-3,3126994300E-6
2,7489050995E+4	-3,2957730700E-6
2,7489601740E+4	-3,3386654700E-6
2,7490159769E+4	-3,3044668500E-6
2,7490711760E+4	-3,3987148200E-6
2,7491262592E+4	-3,1422367500E-6
2,7491816648E+4	-3,1000592300E-6
2,7492366675E+4	-3,1317442600E-6
2,7492924988E+4	-3,0956316300E-6
2,7493477383E+4	-3,2835741100E-6
2,7494035289E+4	-3,3085485500E-6
2,7494585704E+4	-3,3807507400E-6
2,7495144421E+4	-3,3878533500E-6
2,7495694762E+4	-3,2664632700E-6
2,7496252432E+4	-3,3867695100E-6
2,7496803438E+4	-3,3929727700E-6
2,7497353739E+4	-3,3971236500E-6
2,7497911580E+4	-3,2384448500E-6
2,7498463110E+4	-3,1595090100E-6
2,7499018124E+4	-3,0526700600E-6
2,7499568842E+4	-3,2150846400E-6
2,7500129545E+4	-3,1922087000E-6
2,7500679786E+4	-3,1308910200E-6
2,7501238626E+4	-3,0713028800E-6
2,7501790835E+4	-3,1002667800E-6
2,7502347265E+4	-3,0642925100E-6
2,7502898392E+4	-3,2518199000E-6
2,7503456359E+4	-3,1342809100E-6
2,7504006683E+4	-3,1488320400E-6
2,7504565596E+4	-3,0929566200E-6
2,7505116903E+4	-3,1315136600E-6
2,7505676220E+4	-3,1897642900E-6
2,7506227731E+4	-2,8972889100E-6
2,7506786547E+4	-2,9514347900E-6
2,7507337039E+4	-2,8085523800E-6
2,7507897669E+4	-2,8173153500E-6
2,7508448634E+4	-2,6825502100E-6
2,7509005640E+4	-2,8028564600E-6
2,7509556949E+4	-2,5968115500E-6
2,7510108971E+4	-2,5579316700E-6
2,7510659681E+4	-2,3614337800E-6
2,7511214982E+4	-2,4421683300E-6
2,7511766719E+4	-2,3214239400E-6
2,7512323828E+4	-2,0788743700E-6
2,7512875540E+4	-2,1889187300E-6
2,7513429018E+4	-2,3281575800E-6
2,7513980189E+4	-2,4523149200E-6
2,7514537437E+4	-2,3407024500E-6
2,7515087760E+4	-2,3396416800E-6
2,7515645835E+4	-2,2120483400E-6
2,7516198834E+4	-2,1243726000E-6
2,7516753568E+4	-2,1170855000E-6
2,7517304905E+4	-1,9569769600E-6
2,7517856622E+4	-2,1020962200E-6
2,7518411334E+4	-2,0862767700E-6
2,7518963303E+4	-2,1272782100E-6
2,7519522702E+4	-2,1139262200E-6
2,7520074348E+4	-2,3144366300E-6
2,7520632664E+4	-2,1992728600E-6
2,7521183260E+4	-1,9508428900E-6
2,7521745251E+4	-2,0173491600E-6
2,7522296303E+4	-1,8194215200E-6
2,7522855354E+4	-1,7358505300E-6
2,7523406299E+4	-1,9352540400E-6
2,7523965608E+4	-1,9065207500E-6
2,7524517443E+4	-1,7878056700E-6
2,7525076803E+4	-1,9279669400E-6
2,7525628305E+4	-1,7877826100E-6
2,7526189016E+4	-1,8678714700E-6
2,7526739988E+4	-1,8934916100E-6
2,7527301481E+4	-2,1322592600E-6
2,7527851735E+4	-2,1075615400E-6
2,7528410295E+4	-1,8484545900E-6
2,7528960972E+4	-1,9331786000E-6
2,7529518990E+4	-2,0696963200E-6
2,7530070981E+4	-1,9698908000E-6
2,7530626991E+4	-1,8527438300E-6
2,7531179023E+4	-1,8309517300E-6
2,7531739014E+4	-1,9582683400E-6
2,7532291033E+4	-2,0482731900E-6
2,7532849954E+4	-2,2006334300E-6
2,7533402026E+4	-2,0183176900E-6
2,7533959947E+4	-1,7271336900E-6
2,7534509407E+4	-1,7736465700E-6
2,7535072680E+4	-1,8329810500E-6
2,7535623615E+4	-1,9811904100E-6
2,7536178657E+4	-1,8344569200E-6
2,7536730631E+4	-2,0666523500E-6
2,7537288694E+4	-1,6194876200E-6
2,7537840640E+4	-1,7191778400E-6
2,7538398589E+4	-1,8223271300E-6
2,7538949641E+4	-1,6459609900E-6
2,7539510645E+4	-1,6787298600E-6
2,7540061653E+4	-1,7554288300E-6
2,7540624242E+4	-1,6517261000E-6
2,7541174884E+4	-1,5990330200E-6
2,7541732979E+4	-1,5411974700E-6
2,7542283963E+4	-1,6014774300E-6
2,7542843967E+4	-1,5929220100E-6
2,7543394965E+4	-1,3781141400E-6
2,7543950969E+4	-1,4851145200E-6
2,7544501932E+4	-1,4882738000E-6
2,7545057597E+4	-1,2846502300E-6
2,7545608604E+4	-1,4827162300E-6
2,7546170614E+4	-1,2941050100E-6
2,7546722041E+4	-1,3536009100E-6
2,7547278315E+4	-1,2777090400E-6
2,7547828979E+4	-1,5813226200E-6
2,7548386016E+4	-1,5754883300E-6
2,7548937004E+4	-1,5071372200E-6
2,7549497033E+4	-1,4431445400E-6
2,7550047960E+4	-1,4254571900E-6
2,7550603977E+4	-1,5105501700E-6
2,7551155006E+4	-1,2537492600E-6
2,7551711979E+4	-1,2351856200E-6
2,7552264033E+4	-1,1223048300E-6
2,7552820178E+4	-1,1283466600E-6
2,7553372084E+4	-1,3471439900E-6
2,7553921713E+4	-1,2489296300E-6
2,7554472636E+4	-1,1507383300E-6
2,7555027486E+4	-1,2801534500E-6
2,7555579426E+4	-1,1809244300E-6
2,7556135476E+4	-1,0901816600E-6
2,7556686345E+4	-9,0062495100E-7
2,7557246409E+4	-7,9567695000E-7
2,7557797322E+4	-9,0449910200E-7
2,7558358392E+4	-9,1393081700E-7
2,7558910456E+4	-9,3503110700E-7
2,7559469334E+4	-1,0307549400E-6
2,7560019278E+4	-1,0585196900E-6
2,7560580306E+4	-9,0226224100E-7
2,7561130927E+4	-8,3951482100E-7
2,7561690748E+4	-7,3943257100E-7
2,7562241644E+4	-7,2052302100E-7
2,7562798431E+4	-7,4937161400E-7
2,7563348774E+4	-6,5825987000E-7
2,7563899940E+4	-9,9657938500E-7
2,7564458874E+4	-9,4981284000E-7
2,7565009794E+4	-6,9250460300E-7
2,7565564737E+4	-8,5178296800E-7
2,7566116037E+4	-7,8142560700E-7
2,7566673065E+4	-8,5810152500E-7
2,7567225227E+4	-1,0938482600E-6
2,7567784298E+4	-9,8730909300E-7
2,7568336982E+4	-1,0040048400E-6
2,7568891502E+4	-8,8236109300E-7
2,7569443831E+4	-1,0036820000E-6
2,7569995346E+4	-6,8491772300E-7
2,7570551531E+4	-8,5443491700E-7
2,7571103054E+4	-6,9218175700E-7
2,7571663133E+4	-6,0833404700E-7
2,7572215505E+4	-4,9644485800E-7
2,7572772977E+4	-4,3577287700E-7
2,7573323960E+4	-4,4483562400E-7
2,7573883532E+4	-2,7697878100E-7
2,7574434604E+4	-2,8832451100E-7
2,7574990793E+4	-3,0262197500E-7
2,7575543237E+4	-2,4988278000E-7
2,7576098451E+4	-2,8938529000E-7
2,7576649188E+4	-2,8387384800E-7
2,7577209399E+4	-3,5483078000E-7
2,7577759664E+4	-8,4977671100E-8
2,7578317654E+4	-3,2941819000E-7
2,7578870375E+4	-3,8303368200E-8
2,7579425980E+4	-2,5804617100E-8
2,7579976803E+4	2,8664109900E-8
2,7580537631E+4	-3,3345376500E-8
2,7581088694E+4	-9,8398839200E-8
2,7581645796E+4	6,2309272000E-8
2,7582198695E+4	-1,3119076500E-7
2,7582752802E+4	1,8886489200E-8
2,7583304352E+4	-1,1253488100E-8
2,7583858833E+4	2,2527730500E-7
2,7584411770E+4	2,2753722700E-7
2,7584967593E+4	2,0470740500E-7
2,7585517972E+4	5,4238122800E-8
2,7586070923E+4	2,0200933500E-7
2,7586623842E+4	1,5485076300E-7
2,7587174682E+4	3,1581253900E-7
2,7587735594E+4	3,5856656900E-7
2,7588286444E+4	4,7089390600E-7
2,7588846148E+4	3,9497898200E-7
2,7589398253E+4	4,9545326000E-7
2,7589958435E+4	3,7641533900E-7
2,7590509651E+4	4,1063701200E-7
2,7591065798E+4	2,8258246400E-7
2,7591615808E+4	4,0397254900E-7
2,7592167294E+4	4,1340426300E-7
2,7592725734E+4	5,2623892900E-7
2,7593276886E+4	5,6385048400E-7
2,7593832126E+4	4,1361180700E-7
2,7594382915E+4	4,7446827200E-7
2,7594942782E+4	4,8657499600E-7
2,7595494508E+4	4,5226108100E-7
2,7596050851E+4	5,6484208300E-7
2,7596602678E+4	6,2740501900E-7
2,7597159284E+4	6,8717764500E-7
2,7597709692E+4	6,0628166900E-7
2,7598260759E+4	5,4897650900E-7
2,7598819056E+4	7,0590271100E-7
2,7599370536E+4	6,7317996600E-7
2,7599925628E+4	7,0514171700E-7
2,7600477679E+4	7,1524218300E-7
2,7601036925E+4	5,4955302000E-7
2,7601588869E+4	4,6263827300E-7
2,7602145899E+4	4,7986441200E-7
2,7602698406E+4	7,0631779800E-7
2,7603255684E+4	6,2055607300E-7
2,7603806014E+4	6,0722714600E-7
2,7604356953E+4	7,0841629700E-7
2,7604915353E+4	5,8329042400E-7
2,7605465988E+4	5,6202871100E-7
2,7606022228E+4	5,1793717600E-7
2,7606573361E+4	8,0024291500E-7
2,7607131284E+4	5,9477451600E-7
2,7607682531E+4	8,0755307000E-7
2,7608240743E+4	6,6868318300E-7
2,7608793362E+4	8,1177312800E-7
2,7609348703E+4	8,2000570000E-7
2,7609899299E+4	8,8588933800E-7
2,7610449630E+4	7,5511366100E-7
2,7611008507E+4	8,3741632200E-7
2,7611560345E+4	9,4328674000E-7
2,7612115245E+4	8,2883784400E-7
2,7612667816E+4	8,4092150700E-7
2,7613226574E+4	9,9660244500E-7
2,7613776917E+4	8,5996941900E-7
2,7614334812E+4	8,6896298500E-7
2,7614885888E+4	8,2374148900E-7
2,7615443882E+4	8,3826955800E-7
2,7615995412E+4	7,9793687200E-7
2,7616545570E+4	9,9648714300E-7
2,7617095926E+4	6,7495561900E-7
2,7617654867E+4	9,8654809900E-7
2,7618205487E+4	9,6046675700E-7
2,7618764606E+4	8,8349105400E-7
2,7619315534E+4	1,1611385900E-6
2,7619874945E+4	9,8984574000E-7
2,7620427683E+4	1,1876350200E-6
2,7620981996E+4	1,1267554900E-6
2,7621533886E+4	9,9632572000E-7
2,7622093907E+4	1,0305935100E-6
2,7622646876E+4	8,7428994400E-7
2,7623199635E+4	9,8853129600E-7
2,7623749935E+4	8,9649713400E-7
2,7624302203E+4	7,4646600100E-7
2,7624859740E+4	8,2743115800E-7
2,7625410659E+4	8,3453376900E-7
2,7625967324E+4	7,1773270900E-7
2,7626519065E+4	4,0168956600E-7
2,7627075879E+4	6,2929597400E-7
2,7627627887E+4	6,6603123400E-7
2,7628186638E+4	5,9989393100E-7
2,7628736924E+4	5,5718602100E-7
2,7629294174E+4	6,2961882000E-7
2,7629845580E+4	7,1568033200E-7
2,7630395433E+4	8,4126741300E-7
2,7630953944E+4	8,3838486000E-7
2,7631504652E+4	7,6689753800E-7
2,7632061582E+4	8,2503287300E-7
2,7632612889E+4	6,9610203000E-7
2,7633165268E+4	8,6043062800E-7
2,7633719709E+4	1,0342140000E-6
2,7634271406E+4	1,0978607800E-6
2,7634827395E+4	9,7395710700E-7
2,7635378379E+4	1,0144050900E-6
2,7635933676E+4	8,5847049100E-7
2,7636485470E+4	9,3064962600E-7
2,7637045791E+4	1,0946553800E-6
2,7637597567E+4	9,1575259000E-7
2,7638153817E+4	1,0301784300E-6
2,7638705451E+4	7,7916568500E-7
2,7639255858E+4	7,9175667800E-7
2,7639806877E+4	1,0473584400E-6
2,7640365557E+4	8,5448103800E-7
2,7640916687E+4	8,8932534200E-7
2,7641474801E+4	7,9770626800E-7
2,7642027047E+4	6,5219497800E-7
2,7642582959E+4	6,6557002500E-7
2,7643133565E+4	6,0579740000E-7
2,7643684772E+4	6,2470695000E-7
2,7644240782E+4	5,9636568600E-7
2,7644792792E+4	7,0629473800E-7
2,7645347672E+4	7,9461617100E-7
2,7645900440E+4	9,5301823900E-7
2,7646460461E+4	8,7032355100E-7
2,7647011891E+4	8,5288986800E-7
2,7647568635E+4	8,1324899500E-7
2,7648119811E+4	9,2589917800E-7
2,7648677391E+4	8,2948353600E-7
2,7649227638E+4	8,7154575300E-7
2,7649777853E+4	8,1786108100E-7
2,7650334727E+4	8,2992168400E-7
2,7650885519E+4	1,0296249800E-6
2,7651441452E+4	8,7936323800E-7
2,7651992726E+4	9,7204309100E-7
2,7652550755E+4	9,7202003100E-7
2,7653100685E+4	1,0631317800E-6
2,7653662443E+4	8,7265265400E-7
2,7654212832E+4	1,0084555000E-6
2,7654769104E+4	9,5195746000E-7
2,7655320093E+4	1,1030724300E-6
2,7655870762E+4	1,0900663500E-6
2,7656429052E+4	1,0766913100E-6
2,7656979810E+4	9,5426350200E-7
2,7657537098E+4	1,1233194900E-6
2,7658088941E+4	1,1999954100E-6
2,7658640766E+4	1,2581999200E-6
2,7659191532E+4	1,1025651000E-6
2,7659748782E+4	1,1250259600E-6
2,7660300745E+4	9,7381874400E-7
2,7660857481E+4	1,0591423200E-6
2,7661409672E+4	1,1674802000E-6
2,7661965643E+4	1,2253849300E-6
2,7662516603E+4	1,2078128900E-6
2,7663067930E+4	1,2511203700E-6
2,7663625775E+4	1,1450424100E-6
2,7664176242E+4	1,1806246500E-6
2,7664734726E+4	1,1223048300E-6
2,7665285891E+4	1,2046997300E-6
2,7665844674E+4	1,0115686600E-6
2,7666396302E+4	9,4538523800E-7
2,7666957161E+4	1,0290023400E-6
2,7667507626E+4	8,1430977500E-7
2,7668064690E+4	1,1247492300E-6
2,7668617435E+4	1,0030132400E-6
2,7669168178E+4	8,5983105700E-7
2,7669724295E+4	8,3990684800E-7
2,7670274675E+4	8,1977509600E-7
2,7670830893E+4	7,7584498400E-7
2,7671381209E+4	9,1293921800E-7
2,7671940890E+4	9,0138594500E-7
2,7672491857E+4	1,0302245500E-6
2,7673051233E+4	7,2333639300E-7
2,7673602012E+4	1,0013759500E-6
2,7674158851E+4	6,3178650000E-7
2,7674709806E+4	6,6953641800E-7
2,7675261256E+4	1,0158117800E-6
2,7675818394E+4	1,0457672700E-6
2,7676368764E+4	7,2225255300E-7
2,7676923579E+4	7,6523718800E-7
2,7677473716E+4	8,5800928300E-7
2,7678034815E+4	8,3930727700E-7
2,7678584387E+4	8,4869287100E-7
2,7679143436E+4	7,9685303200E-7
2,7679694738E+4	7,9489289600E-7
2,7680253428E+4	1,0175874300E-6
2,7680805735E+4	1,0353439600E-6
2,7681357854E+4	8,4191310500E-7
2,7681912985E+4	8,2099729900E-7
2,7682464643E+4	1,0020908300E-6
2,7683023010E+4	7,9330172700E-7
2,7683574556E+4	1,1175313200E-6
2,7684133432E+4	1,0722867600E-6
2,7684683768E+4	1,0866072900E-6
2,7685242814E+4	9,8966125700E-7
2,7685794356E+4	1,1827692700E-6
2,7686353355E+4	1,0973303900E-6
2,7686904850E+4	1,2759333900E-6
2,7687460912E+4	1,2343785000E-6
2,7688012528E+4	1,1561114100E-6
2,7688571595E+4	1,2959037200E-6
2,7689124596E+4	1,3147902100E-6
2,7689680576E+4	1,4023506500E-6
2,7690231029E+4	1,3729947200E-6
2,7690788196E+4	1,2617742900E-6
2,7691339750E+4	1,5570169300E-6
2,7691894959E+4	1,5110344400E-6
2,7692445666E+4	1,3652003000E-6
2,7693002643E+4	1,5014182400E-6
2,7693553520E+4	1,7446134900E-6
2,7694109823E+4	1,6600970300E-6
2,7694662484E+4	1,6945031900E-6
2,7695221873E+4	1,5385224600E-6
2,7695774724E+4	1,7167565000E-6
2,7696329101E+4	1,6899833400E-6
2,7696880801E+4	1,5949743900E-6
2,7697436777E+4	1,6700822000E-6
2,7697987729E+4	1,5161077300E-6
2,7698546551E+4	1,7872522200E-6
2,7699099427E+4	1,8598233800E-6
2,7699655893E+4	1,7230058700E-6
2,7700207902E+4	1,9354846400E-6
2,7700764318E+4	1,8015035700E-6
2,7701316656E+4	1,8515216300E-6
2,7701874889E+4	1,9141768100E-6
2,7702426836E+4	1,9768550500E-6
2,7702985526E+4	2,0430154100E-6
2,7703535812E+4	1,8142790400E-6
2,7704091820E+4	1,7872522200E-6
2,7704642421E+4	1,9282667300E-6
2,7705203797E+4	1,6897066200E-6
2,7705755834E+4	1,8112581300E-6
2,7706308814E+4	1,8336036800E-6
2,7706859462E+4	1,8329810500E-6
2,7707417712E+4	1,9317488500E-6
2,7707969707E+4	2,0284412200E-6
2,7708529828E+4	2,0698346900E-6
2,7709082566E+4	2,0278647100E-6
2,7709637239E+4	2,0649920000E-6
2,7710189678E+4	2,1673572300E-6
2,7710744720E+4	2,1379090700E-6
2,7711295916E+4	2,3731715400E-6
2,7711856397E+4	2,4114287800E-6
2,7712407364E+4	2,2051532700E-6
2,7712964172E+4	2,4700714500E-6
2,7713515885E+4	2,1580869400E-6
2,7714072626E+4	2,2196813400E-6
2,7714624153E+4	2,1015658300E-6
2,7715182799E+4	2,1265172200E-6
2,7715733690E+4	2,2005181200E-6
2,7716292090E+4	2,2107108300E-6
2,7716843476E+4	2,1566571900E-6
2,7717398846E+4	2,2363770900E-6
2,7717950242E+4	2,3054661200E-6
2,7718510665E+4	2,2240397600E-6
2,7719062455E+4	2,1768350700E-6
2,7719617684E+4	2,1758434700E-6
2,7720170466E+4	2,2103418600E-6
2,7720726074E+4	2,2277294300E-6
2,7721276738E+4	2,1790027500E-6
2,7721832991E+4	2,0984988000E-6
2,7722384333E+4	2,2836970800E-6
2,7722940527E+4	2,1990192000E-6
2,7723492583E+4	2,2434797000E-6
2,7724042674E+4	2,2205345700E-6
2,7724593500E+4	2,2827746600E-6
2,7725144808E+4	2,3408177600E-6
2,7725698819E+4	2,1045636900E-6
2,7726249810E+4	2,2467312200E-6
2,7726809364E+4	2,2241781200E-6
2,7727360815E+4	2,1600240100E-6
2,7727911559E+4	1,9460693800E-6
2,7728467657E+4	1,9753100000E-6
2,7729020179E+4	2,1341963400E-6
2,7729575025E+4	2,0181793300E-6
2,7730127311E+4	1,9474760700E-6
2,7730684776E+4	1,9694295900E-6
2,7731236429E+4	2,1112512100E-6
2,7731796294E+4	1,8509681800E-6
2,7732346578E+4	1,8430123300E-6
2,7732903761E+4	1,7563512500E-6
2,7733454572E+4	1,6415795100E-6
2,7734005244E+4	1,6373363900E-6
2,7734564274E+4	1,6258523000E-6
2,7735115677E+4	1,4112980900E-6
2,7735668714E+4	1,5802157200E-6
2,7736218804E+4	1,5076906700E-6
2,7736778093E+4	1,3791288000E-6
2,7737329760E+4	1,5372310800E-6
2,7737887685E+4	1,6476674600E-6
2,7738438737E+4	1,5339334400E-6
2,7738996695E+4	1,5326420600E-6
2,7739547182E+4	1,3438924700E-6
2,7740097665E+4	1,4994350400E-6
2,7740655206E+4	1,4672196300E-6
2,7741205677E+4	1,2799228400E-6
2,7741764384E+4	1,2956039300E-6
2,7742316553E+4	1,2374686000E-6
2,7742874479E+4	1,0195706300E-6
2,7743426538E+4	1,1411913200E-6
2,7743984403E+4	1,0322308000E-6
2,7744536155E+4	1,2084124600E-6
2,7745091832E+4	1,3266202100E-6
2,7745642666E+4	1,2680928400E-6
2,7746192620E+4	1,2877633900E-6
2,7746749577E+4	9,8521059500E-7
2,7747299628E+4	9,9256687100E-7
2,7747858892E+4	8,0753001000E-7
2,7748409735E+4	7,6878849300E-7
2,7748960856E+4	8,4587949900E-7
2,7749518390E+4	1,0167572600E-6
2,7750071193E+4	1,0137594000E-6
2,7750624826E+4	1,0698654200E-6
2,7751176378E+4	8,9183892800E-7
2,7751732673E+4	9,0717411200E-7
2,7752282615E+4	1,0707878400E-6
2,7752844593E+4	1,0767604900E-6
2,7753396155E+4	9,1759742500E-7
2,7753952292E+4	8,0914423900E-7
2,7754502804E+4	7,5753500500E-7
2,7755053977E+4	8,7807185400E-7
2,7755610762E+4	8,1744599300E-7
2,7756161128E+4	8,3847710200E-7
2,7756719351E+4	7,9053447500E-7
2,7757269860E+4	8,4781657400E-7
2,7757820612E+4	6,8584014000E-7
2,7758375689E+4	8,3810813500E-7
2,7758926319E+4	8,9444475700E-7
2,7759477129E+4	1,0032438500E-6
2,7760035888E+4	7,5232334900E-7
2,7760587871E+4	9,5751502300E-7
2,7761142435E+4	8,8692705800E-7
2,7761693394E+4	9,5154237200E-7
2,7762250236E+4	7,8931227300E-7
2,7762800579E+4	7,0765530300E-7
2,7763360560E+4	8,5039934200E-7
2,7763911152E+4	5,8744130100E-7
2,7764470286E+4	7,5633586300E-7
2,7765022538E+4	6,8104357100E-7
2,7765576684E+4	5,1862898800E-7
2,7766128648E+4	7,1927775800E-7
2,7766684073E+4	6,1571338300E-7
2,7767235644E+4	4,6362987200E-7
2,7767790601E+4	7,2093810900E-7
2,7768341361E+4	5,8273697400E-7
2,7768900541E+4	7,9157219500E-7
2,7769451291E+4	7,4330672200E-7
2,7770010696E+4	8,8116195100E-7
2,7770561325E+4	1,1433820600E-6
2,7771119356E+4	1,0514862600E-6
2,7771671565E+4	9,9572614900E-7
2,7772222453E+4	1,0334760700E-6
2,7772777769E+4	1,0352056000E-6
2,7773328722E+4	1,1462646100E-6
2,7773889239E+4	1,1909326600E-6
2,7774440006E+4	1,3077798400E-6
2,7774999641E+4	1,1934693000E-6
2,7775551371E+4	1,3744475300E-6
2,7776112511E+4	1,1162168800E-6
2,7776662893E+4	1,1398999300E-6
2,7777224576E+4	1,0567901600E-6
2,7777775827E+4	1,3224693300E-6
2,7778333700E+4	1,4424527300E-6
2,7778883719E+4	1,3238068300E-6
2,7779442292E+4	1,4679114400E-6
2,7779993559E+4	1,2384602000E-6
2,7780549940E+4	1,4680036800E-6
2,7781100527E+4	1,5279377300E-6
2,7781652843E+4	1,2917989600E-6
2,7782208636E+4	1,7126748000E-6
2,7782761246E+4	1,4585258500E-6
2,7783320118E+4	1,5731592200E-6
2,7783871755E+4	1,7464122100E-6
2,7784429610E+4	1,6137686400E-6
2,7784980825E+4	1,6880923900E-6
2,7785540837E+4	1,5602915100E-6
2,7786092449E+4	1,5029632900E-6
2,7786648814E+4	1,3859777400E-6
2,7787199618E+4	1,5082671800E-6
2,7787749856E+4	1,4124741700E-6
2,7788308524E+4	1,6104248700E-6
2,7788860094E+4	1,3599655800E-6
2,7789416380E+4	1,2669628800E-6
2,7789966582E+4	1,5130637500E-6
2,7790525571E+4	1,5303129500E-6
2,7791077320E+4	1,6062048200E-6
2,7791633816E+4	1,6133996700E-6
2,7792185130E+4	1,5762262600E-6
2,7792744367E+4	1,6354223800E-6
2,7793294785E+4	1,5333799900E-6
2,7793845709E+4	1,6235232000E-6
2,7794402639E+4	1,5365623300E-6
2,7794954501E+4	1,4551359600E-6
2,7795511001E+4	1,6124080700E-6
2,7796062043E+4	1,8469787300E-6
2,7796620716E+4	1,8232495500E-6
2,7797172633E+4	1,7788582300E-6
2,7797729663E+4	1,6743714400E-6
2,7798280611E+4	1,6243303100E-6
2,7798840633E+4	1,6710046100E-6
2,7799390798E+4	1,7660827500E-6
2,7799948533E+4	1,9665009200E-6
2,7800498668E+4	1,9014013300E-6
2,7801060236E+4	1,9496668100E-6
2,7801610777E+4	1,7776590900E-6
2,7802167329E+4	1,6649627800E-6
2,7802719789E+4	1,8018264100E-6
2,7803270718E+4	1,7690806100E-6
2,7803826151E+4	1,8223732500E-6
2,7804378408E+4	1,9823664900E-6
2,7804933163E+4	1,9594213700E-6
2,7805484864E+4	1,8779950000E-6
2,7806041543E+4	2,0548454100E-6
2,7806592535E+4	1,9995003900E-6
2,7807151855E+4	2,1163936900E-6
2,7807704494E+4	1,7523156800E-6
2,7808262917E+4	1,8712383000E-6
2,7808815511E+4	2,0521473400E-6
2,7809373878E+4	2,0165420400E-6
2,7809924628E+4	2,1215361600E-6
2,7810485000E+4	2,0797506700E-6
2,7811037656E+4	1,9189733800E-6
2,7811594538E+4	1,9739955600E-6
2,7812145793E+4	1,9513732800E-6
2,7812704097E+4	1,7585650500E-6
2,7813255902E+4	1,9841882600E-6
2,7813813571E+4	1,9497129300E-6
2,7814365174E+4	1,8541735800E-6
2,7814920981E+4	1,9076968300E-6
2,7815472923E+4	1,9735112900E-6
2,7816030558E+4	1,8515908100E-6
2,7816580940E+4	1,9343777400E-6
2,7817139930E+4	1,8710538100E-6
2,7817690941E+4	1,9165059100E-6
2,7818251536E+4	2,0810189900E-6
2,7818802352E+4	2,0009993100E-6
2,7819356412E+4	1,9405810000E-6
2,7819907555E+4	2,0127370700E-6
2,7820465709E+4	1,9753791800E-6
2,7821017747E+4	2,0746312600E-6
2,7821576394E+4	2,0200011100E-6
2,7822126789E+4	2,1523679500E-6
2,7822685855E+4	2,2411967200E-6
2,7823237759E+4	2,2610978600E-6
2,7823792644E+4	2,1998493700E-6
2,7824343823E+4	2,2688692300E-6
2,7824903655E+4	2,3974080400E-6
2,7825454264E+4	2,3123842500E-6
2,7826012894E+4	2,1198066300E-6
2,7826564841E+4	2,2518506300E-6
2,7827117787E+4	2,0809036900E-6
2,7827672411E+4	2,2333331100E-6
2,7828223225E+4	2,1566110700E-6
2,7828780589E+4	2,0110997800E-6
2,7829331570E+4	2,1765583400E-6
2,7829887966E+4	2,1967362100E-6
2,7830439795E+4	2,3063885400E-6
2,7831000482E+4	2,1186766700E-6
2,7831550849E+4	1,9843496900E-6
2,7832110519E+4	1,9268600400E-6
2,7832660854E+4	1,7444751300E-6
2,7833223443E+4	1,8419976700E-6
2,7833774631E+4	1,9070050200E-6
2,7834331593E+4	2,1167165300E-6
2,7834881711E+4	1,9460002000E-6
2,7835439655E+4	1,9184660500E-6
2,7835992506E+4	1,9707671000E-6
2,7836546824E+4	2,0485268500E-6
2,7837097677E+4	1,7835856200E-6
2,7837658835E+4	1,7607788500E-6
2,7838209794E+4	1,7417770600E-6
2,7838768485E+4	1,9161138900E-6
2,7839319812E+4	1,8511987900E-6
2,7839875294E+4	1,9140845700E-6
2,7840426006E+4	1,8957515300E-6
2,7840982417E+4	1,8297987100E-6
2,7841532708E+4	1,5854043100E-6
2,7842090827E+4	1,7477266500E-6
2,7842642543E+4	1,6735412600E-6
2,7843192590E+4	1,7687116400E-6
2,7843749874E+4	1,7675816800E-6
2,7844302470E+4	1,6963480200E-6
2,7844857507E+4	1,7705334100E-6
2,7845409032E+4	1,8175536200E-6
2,7845966522E+4	1,6802979700E-6
2,7846518717E+4	1,6581138400E-6
2,7847077554E+4	1,5851967700E-6
2,7847627777E+4	1,5936830000E-6
2,7848188530E+4	1,4547900600E-6
2,7848739788E+4	1,5992866900E-6
2,7849298849E+4	1,6637175200E-6
2,7849849616E+4	1,6499043200E-6
2,7850411512E+4	1,8107277400E-6
2,7850962523E+4	1,6331393900E-6
2,7851517488E+4	1,7492717000E-6
2,7852068253E+4	1,6324014600E-6
2,7852626194E+4	1,5701613700E-6
2,7853177801E+4	1,4625844800E-6
2,7853736201E+4	1,4737226700E-6
2,7854287810E+4	1,5847586200E-6
2,7854848467E+4	1,5325498100E-6
2,7855400591E+4	1,4471109300E-6
2,7855959677E+4	1,6034145000E-6
2,7856511081E+4	1,3558608300E-6
2,7857070766E+4	1,5898319100E-6
2,7857622847E+4	1,2570699600E-6
2,7858178699E+4	1,1946453900E-6
2,7858729638E+4	1,4698946400E-6
2,7859287304E+4	1,5471701200E-6
2,7859838271E+4	1,4112058500E-6
2,7860396821E+4	1,5887941900E-6
2,7860948477E+4	1,3021992200E-6
2,7861504643E+4	1,4256416800E-6
2,7862055626E+4	1,3080796200E-6
2,7862611870E+4	1,3750932200E-6
2,7863163754E+4	1,2660865900E-6
2,7863720865E+4	1,4485176200E-6
2,7864274007E+4	1,2634115800E-6
2,7864827465E+4	1,4135118900E-6
2,7865377861E+4	1,3377353300E-6
2,7865928794E+4	1,2838431200E-6
2,7866485493E+4	1,2777090400E-6
2,7867035937E+4	1,4487251600E-6
2,7867593754E+4	1,3593660100E-6
2,7868143650E+4	1,1720692300E-6
2,7868701230E+4	1,1242880300E-6
2,7869254550E+4	1,0896973900E-6
2,7869811006E+4	1,0516015600E-6
2,7870362386E+4	1,3027065400E-6
2,7870918630E+4	1,3407562500E-6
2,7871469795E+4	1,1808552500E-6
2,7872027533E+4	1,2785853400E-6
2,7872579021E+4	1,1217052600E-6
2,7873139619E+4	1,1797252900E-6
2,7873690603E+4	1,0810727900E-6
2,7874246526E+4	6,6817585300E-7
2,7874797755E+4	9,6487129900E-7
2,7875356063E+4	9,0793510600E-7
2,7875906745E+4	1,0233294800E-6
2,7876466353E+4	9,1508383800E-7
2,7877017000E+4	1,1153867000E-6
2,7877572677E+4	9,0968769800E-7
2,7878125083E+4	9,9033000900E-7
2,7878680616E+4	1,1233886700E-6
2,7879231791E+4	6,4557663500E-7
2,7879789647E+4	8,1739987200E-7
2,7880341044E+4	8,9562083800E-7
2,7880897798E+4	5,7602639000E-7
2,7881449465E+4	5,2197275000E-7
2,7882000550E+4	7,3477436500E-7
2,7882555545E+4	7,0412705800E-7
2,7883105638E+4	6,1066315000E-7
2,7883664224E+4	6,0725020700E-7
2,7884214803E+4	5,4630150000E-7
2,7884765885E+4	3,9516346600E-7
2,7885324979E+4	2,7282790400E-7
2,7885875840E+4	2,9265987100E-7
2,7886432332E+4	2,6835418100E-7
2,7886984855E+4	1,6677300300E-7
2,7887535964E+4	2,4663126000E-7
2,7888091687E+4	4,8966509300E-7