1,9568520374E+4	-7,3521205100E-5
1,9569073326E+4	-7,3496484300E-5
1,9569670301E+4	-7,3493048300E-5
1,9570221604E+4	-7,3478174300E-5
1,9570778292E+4	-7,3426173100E-5
1,9571329070E+4	-7,3464568700E-5
1,9571911404E+4	-7,3348090500E-5
1,9572461925E+4	-7,3418770700E-5
1,9573021172E+4	-7,3299848100E-5
1,9573572320E+4	-7,3466390500E-5
1,9574131251E+4	-7,3471279300E-5
1,9574684405E+4	-7,3307596400E-5
1,9575239460E+4	-7,3477021300E-5
1,9575790429E+4	-7,3288456200E-5
1,9576340341E+4	-7,2934317200E-5
1,9576897474E+4	-7,2512749600E-5
1,9577448952E+4	-7,1987133300E-5
1,9578005523E+4	-7,1504386300E-5
1,9578557885E+4	-7,1131107200E-5
1,9579108658E+4	-7,0555565100E-5
1,9579665606E+4	-7,0078029800E-5
1,9580216584E+4	-6,9462362500E-5
1,9580773522E+4	-6,8899595900E-5
1,9581323595E+4	-6,8205546200E-5
1,9581882002E+4	-6,7564858400E-5
1,9582434454E+4	-6,6903416200E-5
1,9582992228E+4	-6,6400030100E-5
1,9583543258E+4	-6,5812611900E-5
1,9584100229E+4	-6,5199988600E-5
1,9584650969E+4	-6,4352610200E-5
1,9585201643E+4	-6,3794455600E-5
1,9585761082E+4	-6,3008625500E-5
1,9586311380E+4	-6,2414035500E-5
1,9586870231E+4	-6,1976371600E-5
1,9587421670E+4	-6,1234425500E-5
1,9587982162E+4	-6,0644216900E-5
1,9588535223E+4	-5,9813695700E-5
1,9589092360E+4	-5,9177643000E-5
1,9589644167E+4	-5,8386785700E-5
1,9590200344E+4	-5,7792564600E-5
1,9590751216E+4	-5,7216884100E-5
1,9591310709E+4	-5,6431699700E-5
1,9591863590E+4	-5,5896997600E-5
1,9592422217E+4	-5,5246070900E-5
1,9592973116E+4	-5,4419193200E-5
1,9593529664E+4	-5,3869893800E-5
1,9594080505E+4	-5,3148932700E-5
1,9594630232E+4	-5,2284143600E-5
1,9595188473E+4	-5,1792841200E-5
1,9595738421E+4	-5,1221842000E-5
1,9596298975E+4	-5,0550530000E-5
1,9596850103E+4	-4,9936707500E-5
1,9597411168E+4	-4,9314606400E-5
1,9597961600E+4	-4,8648321500E-5
1,9598521123E+4	-4,8149570600E-5
1,9599071412E+4	-4,7541836100E-5
1,9599632217E+4	-4,6961128500E-5
1,9600185258E+4	-4,6290877200E-5
1,9600738791E+4	-4,5736988800E-5
1,9601290878E+4	-4,5134742700E-5
1,9601847432E+4	-4,4550691300E-5
1,9602398191E+4	-4,3945747100E-5
1,9602954605E+4	-4,3227115100E-5
1,9603505421E+4	-4,2823557600E-5
1,9604061532E+4	-4,2111105700E-5
1,9604612456E+4	-4,1406471300E-5
1,9605163138E+4	-4,0788936200E-5
1,9605722916E+4	-4,0408024100E-5
1,9606274823E+4	-3,9900810000E-5
1,9606832163E+4	-3,9209850400E-5
1,9607384120E+4	-3,8660966200E-5
1,9607942085E+4	-3,8171462500E-5
1,9608493019E+4	-3,7523833500E-5
1,9609053859E+4	-3,6774508000E-5
1,9609605954E+4	-3,6221011600E-5
1,9610164991E+4	-3,5451761900E-5
1,9610716170E+4	-3,4813149600E-5
1,9611273674E+4	-3,4230735400E-5
1,9611824263E+4	-3,3725043300E-5
1,9612385258E+4	-3,3051794200E-5
1,9612937100E+4	-3,2760102900E-5
1,9613497058E+4	-3,1985157200E-5
1,9614047475E+4	-3,1393495900E-5
1,9614604264E+4	-3,0806515800E-5
1,9615155386E+4	-3,0318995300E-5
1,9615711693E+4	-2,9723505900E-5
1,9616263291E+4	-2,9155412300E-5
1,9616824159E+4	-2,8598710600E-5
1,9617375851E+4	-2,8079735700E-5
1,9617932490E+4	-2,7442322400E-5
1,9618483466E+4	-2,6790565600E-5
1,9619044217E+4	-2,6545133500E-5
1,9619596409E+4	-2,5687400900E-5
1,9620154877E+4	-2,5267147700E-5
1,9620705415E+4	-2,4763969200E-5
1,9621265839E+4	-2,4268469800E-5
1,9621817892E+4	-2,3574512400E-5
1,9622373914E+4	-2,3098891100E-5
1,9622925195E+4	-2,2606389600E-5
1,9623481125E+4	-2,1947507100E-5
1,9624034216E+4	-2,1734982200E-5
1,9624589125E+4	-2,0887534600E-5
1,9625139602E+4	-2,0543242400E-5
1,9625697502E+4	-1,9739033100E-5
1,9626247456E+4	-1,9172207900E-5
1,9626798001E+4	-1,8698362200E-5
1,9627357331E+4	-1,8209319800E-5
1,9627907463E+4	-1,7499220000E-5
1,9628464115E+4	-1,6921510200E-5
1,9629014446E+4	-1,6445128000E-5
1,9629571887E+4	-1,5773862000E-5
1,9630124158E+4	-1,5152406600E-5
1,9630682389E+4	-1,4567801700E-5
1,9631232497E+4	-1,4092226500E-5
1,9631789984E+4	-1,3436180500E-5
1,9632341130E+4	-1,2738372000E-5
1,9632898514E+4	-1,2167372700E-5
1,9633449252E+4	-1,1539783200E-5
1,9634006230E+4	-1,0801526800E-5
1,9634559080E+4	-1,0273512200E-5
1,9635113263E+4	-9,6634947200E-6
1,9635664365E+4	-9,2140470100E-6
1,9636217330E+4	-8,5977801800E-6
1,9636770505E+4	-7,7966609600E-6
1,9637322893E+4	-7,3940720400E-6
1,9637878110E+4	-6,7514702000E-6
1,9638429966E+4	-6,2282521900E-6
1,9638988040E+4	-5,8719224800E-6
1,9639538372E+4	-5,1677262400E-6
1,9640095380E+4	-4,5580546900E-6
1,9640645920E+4	-4,0365431500E-6
1,9641202276E+4	-3,3923501400E-6
1,9641753567E+4	-2,9637721100E-6
1,9642309591E+4	-2,3623792600E-6
1,9642860012E+4	-1,7068866400E-6
1,9643418382E+4	-9,6025921300E-7
1,9643970268E+4	-3,6647629500E-7
1,9644526082E+4	7,2940128500E-8
1,9645076565E+4	5,9161523800E-7
1,9645628050E+4	1,2800612100E-6
1,9646186244E+4	1,6919665400E-6
1,9646737443E+4	2,3664148300E-6
1,9647294026E+4	2,9232318800E-6
1,9647844857E+4	3,5323499900E-6
1,9648405811E+4	4,1523987300E-6
1,9648957250E+4	4,6882538600E-6
1,9649516799E+4	5,3312246600E-6
1,9650069339E+4	6,0061572200E-6
1,9650626092E+4	6,3409946100E-6
1,9651176798E+4	7,1275627000E-6
1,9651734117E+4	7,7543450800E-6
1,9652284900E+4	8,1957216400E-6
1,9652843501E+4	8,9351311500E-6
1,9653395340E+4	9,3513718500E-6
1,9653950073E+4	9,9208490800E-6
1,9654502774E+4	1,0519082700E-5
1,9655054466E+4	1,1098660400E-5
1,9655609373E+4	1,1775114900E-5
1,9656159575E+4	1,2131052600E-5
1,9656719420E+4	1,2888956600E-5
1,9657271934E+4	1,3358190100E-5
1,9657822517E+4	1,3749687000E-5
1,9658379127E+4	1,4403196400E-5
1,9658929355E+4	1,5113434500E-5
1,9659486859E+4	1,5579162800E-5
1,9660037574E+4	1,6218213400E-5
1,9660588451E+4	1,6618473200E-5
1,9661146823E+4	1,7289900600E-5
1,9661699853E+4	1,7895052300E-5
1,9662254457E+4	1,8313944900E-5
1,9662806036E+4	1,9147441000E-5
1,9663358383E+4	1,9443975000E-5
1,9663914127E+4	2,0035267400E-5
1,9664464928E+4	2,0469679700E-5
1,9665023330E+4	2,1033783800E-5
1,9665573805E+4	2,1859393200E-5
1,9666126347E+4	2,2299778200E-5
1,9666682035E+4	2,2904537900E-5
1,9667232328E+4	2,3387400100E-5
1,9667790982E+4	2,4068489800E-5
1,9668343303E+4	2,4636214500E-5
1,9668902417E+4	2,5230228000E-5
1,9669452720E+4	2,5820482700E-5
1,9670013131E+4	2,6359174200E-5
1,9670563208E+4	2,6933494100E-5
1,9671121444E+4	2,7501979800E-5
1,9671674467E+4	2,7966093900E-5
1,9672226465E+4	2,8868978800E-5
1,9672781168E+4	2,9307426700E-5
1,9673332633E+4	2,9937368300E-5
1,9673889959E+4	3,0614630000E-5
1,9674443381E+4	3,1144397200E-5
1,9674994338E+4	3,1684541500E-5
1,9675550330E+4	3,2231857700E-5
1,9676101424E+4	3,2956277900E-5
1,9676660009E+4	3,3349273700E-5
1,9677210396E+4	3,3812995800E-5
1,9677771787E+4	3,4528330300E-5
1,9678323397E+4	3,4897781300E-5
1,9678881069E+4	3,5658406400E-5
1,9679431523E+4	3,6059012200E-5
1,9679989501E+4	3,6631118300E-5
1,9680541015E+4	3,7029002900E-5
1,9681097573E+4	3,7666531400E-5
1,9681648385E+4	3,8258769300E-5
1,9682208034E+4	3,8763285300E-5
1,9682758710E+4	3,9417094500E-5
1,9683319167E+4	3,9757281900E-5
1,9683869866E+4	4,0433206100E-5
1,9684429460E+4	4,0991937200E-5
1,9684981160E+4	4,1497329500E-5
1,9685538543E+4	4,1937114900E-5
1,9686090929E+4	4,2667115700E-5
1,9686649564E+4	4,3342763100E-5
1,9687201370E+4	4,3828300400E-5
1,9687759372E+4	4,4524794500E-5
1,9688311442E+4	4,4936238600E-5
1,9688865486E+4	4,5350680600E-5
1,9689417083E+4	4,6117762600E-5
1,9689976060E+4	4,6508567700E-5
1,9690527979E+4	4,7214793200E-5
1,9691083158E+4	4,7868579400E-5
1,9691633552E+4	4,8336014200E-5
1,9692184728E+4	4,8916837200E-5
1,9692741390E+4	4,9511081300E-5
1,9693294372E+4	5,0249683700E-5
1,9693850142E+4	5,0575112400E-5
1,9694401899E+4	5,1151461700E-5
1,9694960269E+4	5,1628212900E-5
1,9695511672E+4	5,2213717100E-5
1,9696073381E+4	5,2755429600E-5
1,9696626215E+4	5,3307242600E-5
1,9697180244E+4	5,3889656700E-5
1,9697733201E+4	5,4301008600E-5
1,9698283995E+4	5,4937822200E-5
1,9698835843E+4	5,5603323100E-5
1,9699387316E+4	5,6203263100E-5
1,9699943229E+4	5,6662673000E-5
1,9700494958E+4	5,7170832500E-5
1,9701051346E+4	5,7521835300E-5
1,9701602188E+4	5,8200019300E-5
1,9702158958E+4	5,8830260800E-5
1,9702710212E+4	5,9447011900E-5
1,9703264736E+4	6,0104395500E-5
1,9703815460E+4	6,0641126900E-5
1,9704365843E+4	6,1016020200E-5
1,9704924293E+4	6,1709770100E-5
1,9705475395E+4	6,2412582700E-5
1,9706030450E+4	6,2757082400E-5
1,9706580775E+4	6,3486045600E-5
1,9707141218E+4	6,4134827600E-5
1,9707693227E+4	6,4696487400E-5
1,9708249414E+4	6,5079474900E-5
1,9708801750E+4	6,5733975900E-5
1,9709360067E+4	6,6232150300E-5
1,9709910837E+4	6,6963419500E-5
1,9710468168E+4	6,7456174700E-5
1,9711018175E+4	6,7971644400E-5
1,9711577217E+4	6,8547417100E-5
1,9712129342E+4	6,9080066900E-5
1,9712682464E+4	6,9781472800E-5
1,9713233158E+4	7,0185307000E-5
1,9713784107E+4	7,0822074500E-5
1,9714342927E+4	7,1199642900E-5
1,9714895345E+4	7,2019671700E-5
1,9715451016E+4	7,2330134200E-5
1,9716002033E+4	7,2790443300E-5
1,9716561496E+4	7,3557986600E-5
1,9717112456E+4	7,3893492700E-5
1,9717673111E+4	7,4461240400E-5
1,9718223474E+4	7,4911333800E-5
1,9718784216E+4	7,5677562600E-5
1,9719334423E+4	7,6189135100E-5
1,9719895237E+4	7,6963942400E-5
1,9720448252E+4	7,7302331100E-5
1,9721004156E+4	7,8033715600E-5
1,9721555147E+4	7,8644886000E-5
1,9722113734E+4	7,9157219500E-5
1,9722665049E+4	7,9968577600E-5
1,9723224804E+4	8,0480311500E-5
1,9723776019E+4	8,0879556700E-5
1,9724335403E+4	8,1506846400E-5
1,9724886942E+4	8,1979100800E-5
1,9725442400E+4	8,2452854200E-5
1,9725992406E+4	8,3077007700E-5
1,9726550628E+4	8,3675033800E-5
1,9727101459E+4	8,4031893900E-5
1,9727659424E+4	8,4786546300E-5
1,9728211239E+4	8,5274666400E-5
1,9728765251E+4	8,5940397800E-5
1,9729318365E+4	8,6432299800E-5
1,9729870162E+4	8,6833874000E-5
1,9730422339E+4	8,7386240400E-5
1,9730977431E+4	8,8076254500E-5
1,9731527447E+4	8,8668123400E-5
1,9732085403E+4	8,9255956700E-5
1,9732635533E+4	8,9728349600E-5
1,9733192474E+4	9,0184807700E-5
1,9733742904E+4	9,0836795100E-5
1,9734295412E+4	9,1315368100E-5
1,9734852216E+4	9,1971990700E-5
1,9735403349E+4	9,2600433400E-5
1,9735960158E+4	9,2932134600E-5
1,9736511338E+4	9,3566204100E-5
1,9737069261E+4	9,4072426600E-5
1,9737619434E+4	9,4743715600E-5
1,9738177708E+4	9,5210297200E-5
1,9738730537E+4	9,5749057900E-5
1,9739287395E+4	9,6472970900E-5
1,9739838404E+4	9,7023492400E-5
1,9740389419E+4	9,7607359300E-5
1,9740945982E+4	9,8285704800E-5
1,9741496285E+4	9,8760103900E-5
1,9742057380E+4	9,9311063600E-5
1,9742607488E+4	9,9790674400E-5
1,9743167371E+4	1,0031790500E-4
1,9743719358E+4	1,0099067000E-4
1,9744276421E+4	1,0137467200E-4
1,9744827190E+4	1,0201123200E-4
1,9745387813E+4	1,0256230700E-4
1,9745939960E+4	1,0326830200E-4
1,9746499115E+4	1,0375801300E-4
1,9747050154E+4	1,0421394100E-4
1,9747609241E+4	1,0483085300E-4
1,9748161342E+4	1,0545097100E-4
1,9748717412E+4	1,0608476400E-4
1,9749269465E+4	1,0670116900E-4
1,9749820723E+4	1,0710880800E-4
1,9750378898E+4	1,0764533200E-4
1,9750930192E+4	1,0827432900E-4
1,9751488231E+4	1,0888174000E-4
1,9752039171E+4	1,0961619200E-4
1,9752598209E+4	1,1005005100E-4
1,9753148639E+4	1,1073319300E-4
1,9753705980E+4	1,1113548200E-4
1,9754257647E+4	1,1177128100E-4
1,9754814439E+4	1,1230446100E-4
1,9755364439E+4	1,1284887100E-4
1,9755924154E+4	1,1328309900E-4
1,9756475220E+4	1,1393061300E-4
1,9757033355E+4	1,1444167800E-4
1,9757583972E+4	1,1527342200E-4
1,9758140608E+4	1,1570675000E-4
1,9758691940E+4	1,1623972300E-4
1,9759248202E+4	1,1666643300E-4
1,9759798607E+4	1,1721903000E-4
1,9760355126E+4	1,1786778900E-4
1,9760906651E+4	1,1840156800E-4
1,9761456713E+4	1,1885408300E-4
1,9762015167E+4	1,1946156400E-4
1,9762566381E+4	1,2002675200E-4
1,9763125029E+4	1,2055790300E-4
1,9763675954E+4	1,2135639300E-4
1,9764234367E+4	1,2173958800E-4
1,9764785441E+4	1,2219108800E-4
1,9765338277E+4	1,2291525500E-4
1,9765893262E+4	1,2330347700E-4
1,9766444409E+4	1,2389749100E-4
1,9767001729E+4	1,2434530100E-4
1,9767552351E+4	1,2491715400E-4
1,9768103411E+4	1,2548102700E-4
1,9768660933E+4	1,2598522000E-4
1,9769211568E+4	1,2655776500E-4
1,9769770125E+4	1,2699727300E-4
1,9770322217E+4	1,2745059500E-4
1,9770878438E+4	1,2785964100E-4
1,9771430206E+4	1,2858558300E-4
1,9771986332E+4	1,2921843000E-4
1,9772536525E+4	1,2980935400E-4
1,9773092457E+4	1,3045315500E-4
1,9773643410E+4	1,3093604000E-4
1,9774201214E+4	1,3167176000E-4
1,9774751467E+4	1,3223019100E-4
1,9775313242E+4	1,3280432700E-4
1,9775864835E+4	1,3343867300E-4
1,9776422369E+4	1,3407970700E-4
1,9776972697E+4	1,3457147000E-4
1,9777524282E+4	1,3509851600E-4
1,9778081033E+4	1,3569663500E-4
1,9778631436E+4	1,3628107800E-4
1,9779188223E+4	1,3696906300E-4
1,9779738355E+4	1,3744087900E-4
1,9780296519E+4	1,3819373300E-4
1,9780848103E+4	1,3877702300E-4
1,9781404401E+4	1,3934094300E-4
1,9781957423E+4	1,3989780600E-4
1,9782510555E+4	1,4038622600E-4
1,9783061524E+4	1,4103256400E-4
1,9783618469E+4	1,4171868000E-4
1,9784168748E+4	1,4235791500E-4
1,9784726087E+4	1,4286104800E-4
1,9785276555E+4	1,4359333200E-4
1,9785826942E+4	1,4417731400E-4
1,9786384768E+4	1,4476959800E-4
1,9786936127E+4	1,4530086400E-4
1,9787491424E+4	1,4586822000E-4
1,9788043264E+4	1,4639598100E-4
1,9788601185E+4	1,4708276600E-4
1,9789151462E+4	1,4754000800E-4
1,9789709764E+4	1,4822958400E-4
1,9790260927E+4	1,4880369700E-4
1,9790822168E+4	1,4928519800E-4
1,9791372795E+4	1,4986373800E-4
1,9791929601E+4	1,5026646600E-4
1,9792482476E+4	1,5079787000E-4
1,9793041345E+4	1,5140322900E-4
1,9793593264E+4	1,5188157200E-4
1,9794152068E+4	1,5227913400E-4
1,9794703419E+4	1,5273231700E-4
1,9795263334E+4	1,5316260200E-4
1,9795813517E+4	1,5351118300E-4
1,9796372197E+4	1,5415918100E-4
1,9796922751E+4	1,5475785300E-4
1,9797483207E+4	1,5497178400E-4
1,9798033690E+4	1,5574412400E-4
1,9798594569E+4	1,5629213200E-4
1,9799146031E+4	1,5682768700E-4
1,9799703168E+4	1,5731350100E-4
1,9800255459E+4	1,5805807600E-4
1,9800813108E+4	1,5833198800E-4
1,9801365323E+4	1,5887932700E-4
1,9801923255E+4	1,5954879500E-4
1,9802474914E+4	1,6020276500E-4
1,9803035322E+4	1,6073232500E-4
1,9803585401E+4	1,6126308400E-4
1,9804143321E+4	1,6199057100E-4
1,9804694114E+4	1,6259955100E-4
1,9805245468E+4	1,6315902000E-4
1,9805802767E+4	1,6369196900E-4
1,9806352796E+4	1,6416830500E-4
1,9806913366E+4	1,6485926500E-4
1,9807466052E+4	1,6525233000E-4
1,9808023191E+4	1,6581880900E-4
1,9808575070E+4	1,6639372900E-4
1,9809134788E+4	1,6689693000E-4
1,9809687263E+4	1,6737610300E-4
1,9810243089E+4	1,6782640400E-4
1,9810794000E+4	1,6840381400E-4
1,9811355331E+4	1,6905379500E-4
1,9811905570E+4	1,6947702300E-4
1,9812464844E+4	1,7007290400E-4
1,9813017153E+4	1,7050367300E-4
1,9813574876E+4	1,7085898800E-4
1,9814127232E+4	1,7150498000E-4
1,9814685192E+4	1,7192615600E-4
1,9815235761E+4	1,7257772800E-4
1,9815796895E+4	1,7298908000E-4
1,9816348341E+4	1,7363470300E-4
1,9816904574E+4	1,7403768400E-4
1,9817457136E+4	1,7460197200E-4
1,9818008414E+4	1,7512666600E-4
1,9818566186E+4	1,7549973800E-4
1,9819116637E+4	1,7595169900E-4
1,9819676411E+4	1,7662123500E-4
1,9820227293E+4	1,7713195500E-4
1,9820787117E+4	1,7769273800E-4
1,9821339900E+4	1,7826244600E-4
1,9821897343E+4	1,7858667600E-4
1,9822449251E+4	1,7926144700E-4
1,9823005507E+4	1,7993310500E-4
1,9823556427E+4	1,8031457000E-4
1,9824118401E+4	1,8085925800E-4
1,9824668439E+4	1,8137615700E-4
1,9825229078E+4	1,8188563100E-4
1,9825780006E+4	1,8217674600E-4
1,9826335793E+4	1,8279082200E-4
1,9826887486E+4	1,8316373200E-4
1,9827444363E+4	1,8374441700E-4
1,9827994864E+4	1,8439580500E-4
1,9828551611E+4	1,8485295400E-4
1,9829103378E+4	1,8527267700E-4
1,9829658768E+4	1,8584443700E-4
1,9830210049E+4	1,8639578900E-4
1,9830762269E+4	1,8712350700E-4
1,9831319959E+4	1,8736398100E-4
1,9831870903E+4	1,8824712600E-4
1,9832425845E+4	1,8864415800E-4
1,9832978290E+4	1,8931729200E-4
1,9833534962E+4	1,8997098500E-4
1,9834086100E+4	1,9022289800E-4
1,9834642094E+4	1,9099521400E-4
1,9835194280E+4	1,9156266200E-4
1,9835750406E+4	1,9225415200E-4
1,9836302355E+4	1,9287374000E-4
1,9836853433E+4	1,9346512400E-4
1,9837403969E+4	1,9408694900E-4
1,9837961553E+4	1,9472274800E-4
1,9838514016E+4	1,9523810200E-4
1,9839068432E+4	1,9599667500E-4
1,9839619602E+4	1,9675331100E-4
1,9840175014E+4	1,9707832400E-4
1,9840726374E+4	1,9785813600E-4
1,9841278158E+4	1,9844428500E-4
1,9841836171E+4	1,9905658600E-4
1,9842387113E+4	1,9954622800E-4
1,9842944073E+4	2,0029758300E-4
1,9843496089E+4	2,0087619200E-4
1,9844054811E+4	2,0147606300E-4
1,9844605227E+4	2,0204302600E-4
1,9845165459E+4	2,0262414900E-4
1,9845715488E+4	2,0297305300E-4
1,9846276084E+4	2,0348370400E-4
1,9846826627E+4	2,0416859800E-4
1,9847387602E+4	2,0473768300E-4
1,9847939520E+4	2,0527852000E-4
1,9848497535E+4	2,0568182300E-4
1,9849048398E+4	2,0631105000E-4
1,9849608076E+4	2,0684833500E-4
1,9850159376E+4	2,0748717800E-4
1,9850715667E+4	2,0788868300E-4
1,9851267971E+4	2,0872591500E-4
1,9851820136E+4	2,0931370200E-4
1,9852375726E+4	2,0981688100E-4
1,9852927583E+4	2,1032167300E-4
1,9853484646E+4	2,1107065300E-4
1,9854036078E+4	2,1165249100E-4
1,9854594916E+4	2,1208547300E-4
1,9855147423E+4	2,1273049600E-4
1,9855702816E+4	2,1349693300E-4
1,9856254366E+4	2,1376166600E-4
1,9856812358E+4	2,1421033000E-4
1,9857364354E+4	2,1498933400E-4
1,9857919894E+4	2,1560783800E-4
1,9858470341E+4	2,1629234100E-4
1,9859031840E+4	2,1681359900E-4
1,9859582906E+4	2,1748221300E-4
1,9860140433E+4	2,1793378200E-4
1,9860694095E+4	2,1836185300E-4
1,9861244937E+4	2,1898044800E-4
1,9861800344E+4	2,1978968500E-4
1,9862351550E+4	2,2036384300E-4
1,9862909213E+4	2,2082821100E-4
1,9863459984E+4	2,2139024000E-4
1,9864010692E+4	2,2177373500E-4
1,9864567369E+4	2,2243476200E-4
1,9865118604E+4	2,2291287400E-4
1,9865676438E+4	2,2370276300E-4
1,9866227403E+4	2,2424721900E-4
1,9866777406E+4	2,2473886800E-4
1,9867336401E+4	2,2524661200E-4
1,9867887392E+4	2,2597755800E-4
1,9868444440E+4	2,2649932400E-4
1,9868995524E+4	2,2725787300E-4
1,9869556861E+4	2,2766293000E-4
1,9870110254E+4	2,2819304300E-4
1,9870666005E+4	2,2872707600E-4
1,9871217252E+4	2,2930670000E-4
1,9871774200E+4	2,2976262800E-4
1,9872326101E+4	2,3029887500E-4
1,9872882198E+4	2,3082778900E-4
1,9873432443E+4	2,3124188500E-4
1,9873992683E+4	2,3174564000E-4
1,9874543425E+4	2,3215302500E-4
1,9875099859E+4	2,3271450100E-4
1,9875652326E+4	2,3317573200E-4
1,9876207597E+4	2,3377308900E-4
1,9876758672E+4	2,3423037800E-4
1,9877314400E+4	2,3472903600E-4
1,9877864651E+4	2,3509772600E-4
1,9878424030E+4	2,3604200500E-4
1,9878974796E+4	2,3653868000E-4
1,9879526125E+4	2,3721529600E-4
1,9880084485E+4	2,3761943000E-4
1,9880636364E+4	2,3835985400E-4
1,9881193382E+4	2,3885671400E-4
1,9881745458E+4	2,3933316600E-4
1,9882302569E+4	2,3984227100E-4
1,9882854265E+4	2,4058170300E-4
1,9883413424E+4	2,4071877500E-4
1,9883964738E+4	2,4095279200E-4
1,9884523513E+4	2,4125177000E-4
1,9885074442E+4	2,4125034000E-4
1,9885633690E+4	2,4106601800E-4
1,9886186146E+4	2,4107279800E-4
1,9886745111E+4	2,4112991900E-4
1,9887295400E+4	2,4103986800E-4
1,9887853336E+4	2,4098673700E-4
1,9888404257E+4	2,4099967400E-4
1,9888962058E+4	2,4086691500E-4
1,9889512640E+4	2,4092304400E-4
1,9890073388E+4	2,4082340000E-4
1,9890625207E+4	2,4097096300E-4
1,9891179709E+4	2,4105280500E-4
1,9891729805E+4	2,4117809200E-4
1,9892282169E+4	2,4112500700E-4
1,9892840297E+4	2,4114384700E-4
1,9893391064E+4	2,4102928300E-4
1,9893946634E+4	2,4128654500E-4
1,9894499127E+4	2,4106179800E-4
1,9895055038E+4	2,4119543400E-4
1,9895607382E+4	2,4121886300E-4
1,9896164631E+4	2,4130254900E-4
1,9896714454E+4	2,4136241400E-4
1,9897272497E+4	2,4150333600E-4
1,9897822721E+4	2,4137253800E-4
1,9898374913E+4	2,4142407800E-4
1,9898931867E+4	2,4135821700E-4
1,9899484298E+4	2,4142855100E-4
1,9900039311E+4	2,4137136200E-4
1,9900590042E+4	2,4148963800E-4
1,9901148870E+4	2,4129865200E-4
1,9901699552E+4	2,4137666500E-4
1,9902254453E+4	2,4137456700E-4
1,9902804441E+4	2,4126918100E-4
1,9903365090E+4	2,4133179000E-4
1,9903915902E+4	2,4141395400E-4
1,9904466589E+4	2,4126500700E-4
1,9905023368E+4	2,4123763400E-4
1,9905574383E+4	2,4129000400E-4
1,9906131438E+4	2,4130568500E-4
1,9906681681E+4	2,4122550400E-4
1,9907240648E+4	2,4120255900E-4
1,9907793396E+4	2,4133160500E-4
1,9908347459E+4	2,4126041800E-4
1,9908897426E+4	2,4132461800E-4
1,9909454045E+4	2,4106447300E-4
1,9910005102E+4	2,4113008000E-4
1,9910562471E+4	2,4098726700E-4
1,9911113114E+4	2,4100426300E-4
1,9911671138E+4	2,4076805500E-4
1,9912221490E+4	2,4081996400E-4
1,9912776897E+4	2,4081493700E-4
1,9913327460E+4	2,4076572600E-4
1,9913879329E+4	2,4069329300E-4
1,9914435628E+4	2,4053795800E-4
1,9914986460E+4	2,4069866600E-4
1,9915541677E+4	2,4073113500E-4
1,9916093415E+4	2,4048572600E-4
1,9916644635E+4	2,4061700900E-4
1,9917203182E+4	2,4062076800E-4
1,9917753538E+4	2,4080006300E-4
1,9918312390E+4	2,4044320200E-4
1,9918862356E+4	2,4019841600E-4
1,9919422635E+4	2,4044013500E-4
1,9919973782E+4	2,4027329300E-4
1,9920534638E+4	2,4039235400E-4
1,9921085606E+4	2,4043100300E-4
1,9921644321E+4	2,4044216500E-4
1,9922194536E+4	2,4033666300E-4
1,9922752541E+4	2,4017388000E-4
1,9923303604E+4	2,3998077200E-4
1,9923856229E+4	2,3994523600E-4
1,9924408122E+4	2,3996310700E-4
1,9924962550E+4	2,3994122300E-4
1,9925514316E+4	2,3985536900E-4
1,9926070895E+4	2,3989775400E-4
1,9926621960E+4	2,3995056300E-4
1,9927184013E+4	2,3987427900E-4
1,9927735291E+4	2,3975270400E-4
1,9928295193E+4	2,3981021700E-4
1,9928846993E+4	2,3981646600E-4
1,9929408334E+4	2,3986865200E-4
1,9929959169E+4	2,3969350800E-4
1,9930519299E+4	2,3981895700E-4
1,9931071970E+4	2,3971237100E-4
1,9931627721E+4	2,3965045400E-4
1,9932179973E+4	2,3953681200E-4
1,9932737148E+4	2,3961994500E-4
1,9933288223E+4	2,3953683500E-4
1,9933848072E+4	2,3927415400E-4
1,9934399129E+4	2,3945658500E-4
1,9934958712E+4	2,3931155800E-4
1,9935509329E+4	2,3937707300E-4
1,9936067771E+4	2,3933111300E-4
1,9936620442E+4	2,3925312300E-4
1,9937170638E+4	2,3933300400E-4
1,9937727669E+4	2,3922259100E-4
1,9938280048E+4	2,3925144000E-4
1,9938837332E+4	2,3914822100E-4
1,9939388628E+4	2,3915615400E-4
1,9939947448E+4	2,3905337400E-4
1,9940497579E+4	2,3911399900E-4
1,9941058514E+4	2,3915396300E-4
1,9941608639E+4	2,3912043300E-4
1,9942168362E+4	2,3895762700E-4
1,9942720142E+4	2,3882366900E-4
1,9943278546E+4	2,3891699400E-4
1,9943828946E+4	2,3907608800E-4
1,9944388406E+4	2,3915151900E-4
1,9944940379E+4	2,3893518900E-4
1,9945497151E+4	2,3872344800E-4
1,9946049173E+4	2,3874567800E-4
1,9946600075E+4	2,3851818700E-4
1,9947155106E+4	2,3846630100E-4
1,9947707149E+4	2,3839958700E-4
1,9948265147E+4	2,3828564600E-4
1,9948817041E+4	2,3820053000E-4
1,9949368153E+4	2,3826062500E-4
1,9949923176E+4	2,3818348800E-4
1,9950474152E+4	2,3817943000E-4
1,9951030123E+4	2,3797998000E-4
1,9951581102E+4	2,3785084200E-4
1,9952140113E+4	2,3794052400E-4
1,9952692068E+4	2,3777414300E-4
1,9953251206E+4	2,3782582100E-4
1,9953804165E+4	2,3750541900E-4
1,9954360145E+4	2,3749681800E-4
1,9954911154E+4	2,3741917300E-4
1,9955466198E+4	2,3732335700E-4
1,9956017181E+4	2,3720697100E-4
1,9956575151E+4	2,3717378700E-4
1,9957126231E+4	2,3706736400E-4
1,9957681203E+4	2,3701058900E-4
1,9958232273E+4	2,3691742500E-4
1,9958783181E+4	2,3663334300E-4
1,9959342281E+4	2,3682073200E-4
1,9959893447E+4	2,3681697300E-4
1,9960450899E+4	2,3669616000E-4
1,9961001994E+4	2,3643509300E-4
1,9961562047E+4	2,3644233400E-4
1,9962114146E+4	2,3653171600E-4
1,9962672849E+4	2,3627394700E-4
1,9963223586E+4	2,3615712200E-4
1,9963782744E+4	2,3601820600E-4
1,9964334824E+4	2,3624433700E-4
1,9964892189E+4	2,3632767700E-4
1,9965445432E+4	2,3602288800E-4
1,9966000433E+4	2,3589651700E-4
1,9966550827E+4	2,3599791300E-4
1,9967109795E+4	2,3600319400E-4
1,9967662384E+4	2,3599309400E-4
1,9968215386E+4	2,3617386400E-4
1,9968770659E+4	2,3600554600E-4
1,9969322218E+4	2,3603220400E-4
1,9969877617E+4	2,3598495300E-4
1,9970428560E+4	2,3615631500E-4
1,9970986482E+4	2,3596555900E-4
1,9971537488E+4	2,3586633000E-4
1,9972095411E+4	2,3584682100E-4
1,9972645681E+4	2,3574950600E-4
1,9973205348E+4	2,3558317100E-4
1,9973757188E+4	2,3569510700E-4
1,9974313483E+4	2,3573002000E-4
1,9974865100E+4	2,3569741300E-4
1,9975422502E+4	2,3556988900E-4
1,9975972883E+4	2,3558886700E-4
1,9976530372E+4	2,3573652300E-4
1,9977081200E+4	2,3558137300E-4
1,9977639200E+4	2,3546424900E-4
1,9978191074E+4	2,3555093300E-4
1,9978747130E+4	2,3550308300E-4
1,9979297463E+4	2,3560547100E-4
1,9979854141E+4	2,3568163900E-4
1,9980405887E+4	2,3552877200E-4
1,9980956600E+4	2,3543558500E-4
1,9981515230E+4	2,3522628800E-4
1,9982065430E+4	2,3530176500E-4
1,9982615536E+4	2,3539200100E-4
1,9983173840E+4	2,3533940000E-4
1,9983724664E+4	2,3523500500E-4
1,9984286130E+4	2,3506020700E-4
1,9984836587E+4	2,3498754400E-4
1,9985391383E+4	2,3506564900E-4
1,9985942334E+4	2,3498470700E-4
1,9986492434E+4	2,3482833500E-4
1,9987051225E+4	2,3477642600E-4
1,9987603641E+4	2,3469419200E-4
1,9988160241E+4	2,3455299300E-4
1,9988711825E+4	2,3451132300E-4
1,9989264439E+4	2,3441041000E-4
1,9989820230E+4	2,3424525200E-4
1,9990372223E+4	2,3425212400E-4
1,9990927511E+4	2,3407829400E-4
1,9991478551E+4	2,3390077500E-4
1,9992029448E+4	2,3400929700E-4
1,9992587266E+4	2,3375247300E-4
1,9993137501E+4	2,3369408400E-4
1,9993688545E+4	2,3358902100E-4
1,9994246916E+4	2,3346087400E-4
1,9994797677E+4	2,3360908400E-4
1,9995357298E+4	2,3341699000E-4
1,9995907441E+4	2,3315887500E-4
1,9996466426E+4	2,3334312800E-4
1,9997017488E+4	2,3343620000E-4
1,9997578038E+4	2,3338952500E-4
1,9998128400E+4	2,3339725100E-4
1,9998685336E+4	2,3310429100E-4
1,9999235467E+4	2,3322528900E-4
1,9999793547E+4	2,3307737900E-4
2,0000344504E+4	2,3302902200E-4
2,0000901198E+4	2,3306515700E-4
2,0001451864E+4	2,3298045600E-4
2,0002008452E+4	2,3295197700E-4
2,0002560031E+4	2,3279913200E-4
2,0003118185E+4	2,3287949800E-4
2,0003668243E+4	2,3273829900E-4
2,0004227892E+4	2,3270299300E-4
2,0004779375E+4	2,3268659700E-4
2,0005336866E+4	2,3258024300E-4
2,0005889340E+4	2,3264887100E-4
2,0006447243E+4	2,3246192000E-4
2,0006997560E+4	2,3239762700E-4
2,0007560397E+4	2,3249065300E-4
2,0008111071E+4	2,3239013300E-4
2,0008664400E+4	2,3227524600E-4
2,0009217318E+4	2,3209638900E-4
2,0009768493E+4	2,3204196600E-4
2,0010325340E+4	2,3195115400E-4
2,0010876868E+4	2,3194580400E-4
2,0011433368E+4	2,3177363500E-4
2,0011984685E+4	2,3179189900E-4
2,0012542219E+4	2,3181634300E-4
2,0013095348E+4	2,3164869400E-4
2,0013650496E+4	2,3162457300E-4
2,0014202140E+4	2,3148478000E-4
2,0014760250E+4	2,3148194400E-4
2,0015312166E+4	2,3151328300E-4
2,0015868202E+4	2,3126533700E-4
2,0016419340E+4	2,3121153700E-4
2,0016973350E+4	2,3120330500E-4
2,0017524522E+4	2,3128685300E-4
2,0018083416E+4	2,3113755900E-4
2,0018634085E+4	2,3119219000E-4
2,0019186194E+4	2,3106425000E-4
2,0019741744E+4	2,3106616400E-4
2,0020294559E+4	2,3119191300E-4
2,0020849804E+4	2,3102110400E-4
2,0021402143E+4	2,3101430100E-4
2,0021957548E+4	2,3104377300E-4
2,0022509269E+4	2,3098932700E-4
2,0023067921E+4	2,3089085900E-4
2,0023618426E+4	2,3089671600E-4
2,0024179264E+4	2,3086618400E-4
2,0024731102E+4	2,3077156700E-4
2,0025288202E+4	2,3082728100E-4
2,0025839006E+4	2,3053127800E-4
2,0026399450E+4	2,3048919200E-4
2,0026950208E+4	2,3056234000E-4
2,0027508343E+4	2,3033953000E-4
2,0028059220E+4	2,3016044300E-4
2,0028611224E+4	2,3022339800E-4
2,0029167978E+4	2,3013885800E-4
2,0029720017E+4	2,3015963600E-4
2,0030278187E+4	2,3005258900E-4
2,0030830180E+4	2,3002927500E-4
2,0031387936E+4	2,3003515600E-4
2,0031938921E+4	2,3007023100E-4
2,0032498463E+4	2,2975667800E-4
2,0033048709E+4	2,2993684900E-4
2,0033611183E+4	2,2967626600E-4
2,0034162466E+4	2,2960667000E-4
2,0034718294E+4	2,2939333800E-4
2,0035269142E+4	2,2954772700E-4
2,0035829380E+4	2,2932484800E-4
2,0036382185E+4	2,2939605900E-4
2,0036940838E+4	2,2932332600E-4
2,0037492926E+4	2,2925811200E-4
2,0038050148E+4	2,2908229900E-4
2,0038600420E+4	2,2895362200E-4
2,0039156933E+4	2,2889039000E-4
2,0039708279E+4	2,2874702300E-4
2,0040265142E+4	2,2879600400E-4
2,0040816961E+4	2,2855373100E-4
2,0041371555E+4	2,2863370400E-4
2,0041922588E+4	2,2842609100E-4
2,0042475168E+4	2,2819101300E-4
2,0043031739E+4	2,2822168400E-4
2,0043583291E+4	2,2817441000E-4
2,0044137884E+4	2,2830848300E-4
2,0044688390E+4	2,2817708500E-4
2,0045247291E+4	2,2800514600E-4
2,0045799390E+4	2,2809778000E-4
2,0046355314E+4	2,2812469200E-4
2,0046905804E+4	2,2818919200E-4
2,0047462961E+4	2,2812395400E-4
2,0048013484E+4	2,2802467900E-4
2,0048564188E+4	2,2804407200E-4
2,0049122338E+4	2,2800175600E-4
2,0049673903E+4	2,2793139900E-4
2,0050229534E+4	2,2786731400E-4
2,0050782118E+4	2,2791329700E-4
2,0051338994E+4	2,2781997100E-4
2,0051890181E+4	2,2782234600E-4
2,0052447189E+4	2,2776324200E-4
2,0052997445E+4	2,2774246500E-4
2,0053554405E+4	2,2776485700E-4
2,0054105450E+4	2,2757027300E-4
2,0054664413E+4	2,2753074700E-4
2,0055217218E+4	2,2742543000E-4
2,0055769319E+4	2,2749043800E-4
2,0056322180E+4	2,2739404500E-4
2,0056872365E+4	2,2739713500E-4
2,0057424066E+4	2,2729267100E-4
2,0057981502E+4	2,2736957800E-4
2,0058532419E+4	2,2736293700E-4
2,0059088437E+4	2,2724989400E-4
2,0059638474E+4	2,2717884500E-4
2,0060198474E+4	2,2700999700E-4
2,0060750086E+4	2,2708669600E-4
2,0061307005E+4	2,2699360100E-4
2,0061858532E+4	2,2669409200E-4
2,0062418468E+4	2,2683114000E-4
2,0062969479E+4	2,2672213300E-4
2,0063528006E+4	2,2665066900E-4
2,0064080204E+4	2,2660215000E-4
2,0064636154E+4	2,2653799600E-4
2,0065186490E+4	2,2656686800E-4
2,0065742414E+4	2,2648361900E-4
2,0066292403E+4	2,2649731700E-4
2,0066848720E+4	2,2638676600E-4
2,0067400214E+4	2,2619580200E-4
2,0067958175E+4	2,2627789700E-4
2,0068510179E+4	2,2629320900E-4
2,0069065524E+4	2,2610791900E-4
2,0069616069E+4	2,2596005600E-4
2,0070172319E+4	2,2609551200E-4
2,0070725221E+4	2,2615095000E-4
2,0071276424E+4	2,2615895200E-4
2,0071833407E+4	2,2581438300E-4
2,0072385152E+4	2,2580246100E-4
2,0072939656E+4	2,2589714700E-4
2,0073491918E+4	2,2581078500E-4
2,0074050199E+4	2,2592682500E-4
2,0074602355E+4	2,2606302000E-4
2,0075157315E+4	2,2577635600E-4
2,0075709228E+4	2,2561860000E-4
2,0076266379E+4	2,2565106900E-4
2,0076819423E+4	2,2573549300E-4
2,0077369919E+4	2,2570929600E-4
2,0077927373E+4	2,2558852900E-4
2,0078480176E+4	2,2547101300E-4
2,0079036251E+4	2,2535831700E-4
2,0079586310E+4	2,2541536800E-4
2,0080146971E+4	2,2534911600E-4
2,0080698129E+4	2,2542809800E-4
2,0081258328E+4	2,2534351200E-4
2,0081808995E+4	2,2523808000E-4
2,0082365184E+4	2,2536638800E-4
2,0082915940E+4	2,2514966600E-4
2,0083467371E+4	2,2516855200E-4
2,0084026339E+4	2,2511330000E-4
2,0084577475E+4	2,2515102700E-4
2,0085136192E+4	2,2498409200E-4
2,0085688173E+4	2,2495969400E-4
2,0086245316E+4	2,2503996800E-4
2,0086796135E+4	2,2504566300E-4
2,0087356394E+4	2,2487319500E-4
2,0087906293E+4	2,2490356500E-4
2,0088465643E+4	2,2506263600E-4
2,0089017543E+4	2,2491465700E-4
2,0089576899E+4	2,2466996300E-4
2,0090130243E+4	2,2470418500E-4
2,0090683490E+4	2,2468813500E-4
2,0091234875E+4	2,2447602500E-4
2,0091790701E+4	2,2442780500E-4
2,0092341479E+4	2,2450436600E-4
2,0092898496E+4	2,2462266600E-4
2,0093448785E+4	2,2437707300E-4
2,0093999235E+4	2,2437769500E-4
2,0094557673E+4	2,2423578100E-4
2,0095110923E+4	2,2407477300E-4
2,0095666451E+4	2,2412938000E-4
2,0096217198E+4	2,2411808100E-4
2,0096778152E+4	2,2412324600E-4
2,0097330061E+4	2,2407465800E-4
2,0097888699E+4	2,2403063600E-4
2,0098439650E+4	2,2385498400E-4
2,0098999415E+4	2,2370675200E-4
2,0099551406E+4	2,2386649200E-4
2,0100108299E+4	2,2387912900E-4
2,0100659043E+4	2,2386051900E-4
2,0101219185E+4	2,2380314500E-4
2,0101769646E+4	2,2366992500E-4
2,0102327395E+4	2,2370714400E-4
2,0102880212E+4	2,2355298500E-4
2,0103439210E+4	2,2337364400E-4
2,0103989632E+4	2,2343613800E-4
2,0104549452E+4	2,2366900200E-4
2,0105100188E+4	2,2348539500E-4
2,0105661204E+4	2,2344455500E-4
2,0106211525E+4	2,2343463900E-4
2,0106769517E+4	2,2331271900E-4
2,0107320331E+4	2,2328712100E-4
2,0107881973E+4	2,2320578700E-4
2,0108432493E+4	2,2300576100E-4
2,0108992435E+4	2,2300749100E-4
2,0109542452E+4	2,2286124200E-4
2,0110100380E+4	2,2293997000E-4
2,0110651677E+4	2,2293835600E-4
2,0111210354E+4	2,2286578400E-4
2,0111760844E+4	2,2270168600E-4
2,0112319439E+4	2,2271852100E-4
2,0112869471E+4	2,2268706600E-4
2,0113429678E+4	2,2253664300E-4
2,0113980902E+4	2,2241765100E-4
2,0114540267E+4	2,2239449800E-4
2,0115091457E+4	2,2243457800E-4
2,0115650798E+4	2,2232683900E-4
2,0116201848E+4	2,2211364600E-4
2,0116761566E+4	2,2219583300E-4
2,0117312666E+4	2,2222232900E-4
2,0117869040E+4	2,2220003000E-4
2,0118420056E+4	2,2198798900E-4
2,0118971676E+4	2,2201810600E-4
2,0119529116E+4	2,2194897100E-4
2,0120079600E+4	2,2189300300E-4
2,0120637137E+4	2,2188080400E-4
2,0121187766E+4	2,2170662900E-4
2,0121748340E+4	2,2194855600E-4
2,0122298660E+4	2,2196008600E-4
2,0122859552E+4	2,2187771400E-4
2,0123410144E+4	2,2178789400E-4
2,0123969611E+4	2,2185788200E-4
2,0124520308E+4	2,2170084100E-4
2,0125079376E+4	2,2150443500E-4
2,0125629778E+4	2,2146202700E-4
2,0126191749E+4	2,2163617900E-4
2,0126743337E+4	2,2144503200E-4
2,0127303092E+4	2,2132615500E-4
2,0127853711E+4	2,2138751900E-4
2,0128410314E+4	2,2125372200E-4
2,0128962128E+4	2,2133208200E-4
2,0129516809E+4	2,2141122500E-4
2,0130067887E+4	2,2114930500E-4
2,0130624243E+4	2,2105715500E-4
2,0131175432E+4	2,2096722000E-4
2,0131731735E+4	2,2091805500E-4
2,0132284340E+4	2,2102604700E-4
2,0132836931E+4	2,2113482300E-4
2,0133393159E+4	2,2089165000E-4
2,0133943638E+4	2,2082041700E-4
2,0134502345E+4	2,2094741100E-4
2,0135053422E+4	2,2078086800E-4
2,0135612246E+4	2,2074874500E-4
2,0136163129E+4	2,2073382500E-4
2,0136724974E+4	2,2089972200E-4
2,0137276490E+4	2,2073670700E-4
2,0137831591E+4	2,2051631900E-4
2,0138383517E+4	2,2039375300E-4
2,0138943155E+4	2,2045082700E-4
2,0139493233E+4	2,2056649800E-4
2,0140053413E+4	2,2035757100E-4
2,0140604562E+4	2,2044444000E-4
2,0141160615E+4	2,2032805400E-4
2,0141712188E+4	2,2031297200E-4
2,0142263234E+4	2,2029862900E-4
2,0142823443E+4	2,2030194900E-4
2,0143375039E+4	2,2026221600E-4
2,0143930348E+4	2,2019349600E-4
2,0144482341E+4	2,2011864200E-4
2,0145038549E+4	2,1999317000E-4
2,0145590082E+4	2,2005252800E-4
2,0146147248E+4	2,1977209000E-4
2,0146698288E+4	2,1975908400E-4
2,0147254257E+4	2,1992147500E-4
2,0147805081E+4	2,1986423900E-4
2,0148355452E+4	2,1981027800E-4
2,0148912280E+4	2,1985958100E-4
2,0149464429E+4	2,1971918900E-4
2,0150020392E+4	2,1968851900E-4
2,0150570904E+4	2,1967329900E-4
2,0151123546E+4	2,1986165700E-4
2,0151681401E+4	2,1968803500E-4
2,0152233329E+4	2,1958663800E-4
2,0152789424E+4	2,1972382400E-4
2,0153340902E+4	2,1980605800E-4
2,0153900152E+4	2,1949997700E-4
2,0154450429E+4	2,1954508300E-4
2,0155012109E+4	2,1981269900E-4
2,0155562513E+4	2,1942304700E-4
2,0156123660E+4	2,1949437300E-4
2,0156674815E+4	2,1922791000E-4
2,0157235934E+4	2,1930590000E-4
2,0157788582E+4	2,1914782100E-4
2,0158343253E+4	2,1935186000E-4
2,0158895212E+4	2,1912884200E-4
2,0159447578E+4	2,1915785200E-4
2,0160001767E+4	2,1896919500E-4
2,0160554299E+4	2,1893522700E-4
2,0161109695E+4	2,1878360500E-4
2,0161662219E+4	2,1885668300E-4
2,0162218251E+4	2,1876564100E-4
2,0162768883E+4	2,1856584500E-4
2,0163329405E+4	2,1855272400E-4
2,0163882251E+4	2,1859690700E-4
2,0164435431E+4	2,1839565900E-4
2,0164986331E+4	2,1853330700E-4
2,0165536791E+4	2,1847360300E-4
2,0166096044E+4	2,1838286100E-4
2,0166648046E+4	2,1821989300E-4
2,0167201331E+4	2,1836782500E-4
2,0167752806E+4	2,1829440100E-4
2,0168303646E+4	2,1825808100E-4
2,0168862411E+4	2,1832253500E-4
2,0169413715E+4	2,1832202700E-4
2,0169972145E+4	2,1816920600E-4
2,0170523657E+4	2,1809845600E-4
2,0171079091E+4	2,1793650300E-4
2,0171629776E+4	2,1807903900E-4
2,0172186645E+4	2,1802321000E-4
2,0172738150E+4	2,1791660200E-4
2,0173294109E+4	2,1781912500E-4
2,0173844409E+4	2,1789381800E-4
2,0174404057E+4	2,1791365000E-4
2,0174956441E+4	2,1785415400E-4
2,0175507921E+4	2,1775614700E-4
2,0176063400E+4	2,1760773000E-4
2,0176615086E+4	2,1763413500E-4
2,0177170432E+4	2,1761700100E-4
2,0177721884E+4	2,1741965000E-4
2,0178277189E+4	2,1719204300E-4
2,0178828620E+4	2,1733603300E-4
2,0179386013E+4	2,1744533900E-4
2,0179936832E+4	2,1737724200E-4
2,0180494206E+4	2,1722990800E-4
2,0181045353E+4	2,1729802900E-4
2,0181601199E+4	2,1727847400E-4
2,0182151495E+4	2,1722698000E-4
2,0182701440E+4	2,1710107000E-4
2,0183260301E+4	2,1704959900E-4
2,0183813085E+4	2,1707736400E-4
2,0184369126E+4	2,1674946800E-4
2,0184920148E+4	2,1684346200E-4
2,0185479617E+4	2,1681659600E-4
2,0186030812E+4	2,1657402400E-4
2,0186591903E+4	2,1667994000E-4
2,0187142697E+4	2,1664961600E-4
2,0187699557E+4	2,1659406300E-4
2,0188252134E+4	2,1660893700E-4
2,0188806626E+4	2,1634727100E-4
2,0189358284E+4	2,1645125000E-4
2,0189909107E+4	2,1628895100E-4
2,0190466541E+4	2,1629307900E-4
2,0191018266E+4	2,1615854400E-4
2,0191576443E+4	2,1595821800E-4
2,0192127500E+4	2,1606471100E-4
2,0192687323E+4	2,1607912400E-4
2,0193237434E+4	2,1611069400E-4
2,0193796730E+4	2,1608004600E-4
2,0194347410E+4	2,1599908100E-4
2,0194899917E+4	2,1582319900E-4
2,0195456338E+4	2,1585126400E-4
2,0196008273E+4	2,1573889000E-4
2,0196566293E+4	2,1560730800E-4
2,0197117469E+4	2,1561023600E-4
2,0197675987E+4	2,1538996300E-4
2,0198228079E+4	2,1541892700E-4
2,0198787223E+4	2,1539476000E-4
2,0199337369E+4	2,1548460300E-4
2,0199897315E+4	2,1502720000E-4
2,0200449085E+4	2,1488214900E-4
2,0201007513E+4	2,1516168800E-4
2,0201558664E+4	2,1500734500E-4
2,0202120764E+4	2,1499094900E-4
2,0202672474E+4	2,1478640300E-4
2,0203232131E+4	2,1477468800E-4
2,0203784938E+4	2,1471117900E-4
2,0204339220E+4	2,1472443900E-4
2,0204890655E+4	2,1455441500E-4
2,0205448509E+4	2,1441376900E-4
2,0206001386E+4	2,1451950100E-4
2,0206558671E+4	2,1445085000E-4
2,0207111433E+4	2,1438466700E-4
2,0207667441E+4	2,1432939100E-4
2,0208219214E+4	2,1438074700E-4
2,0208769832E+4	2,1423917900E-4
2,0209325832E+4	2,1413780500E-4
2,0209876572E+4	2,1424173800E-4
2,0210433499E+4	2,1415196400E-4
2,0210985046E+4	2,1404886100E-4
2,0211535925E+4	2,1416861400E-4
2,0212091437E+4	2,1411569000E-4
2,0212643420E+4	2,1410254600E-4
2,0213200151E+4	2,1398182400E-4
2,0213750436E+4	2,1376323500E-4
2,0214302241E+4	2,1373927500E-4
2,0214860428E+4	2,1390208100E-4
2,0215412189E+4	2,1369084800E-4
2,0215966443E+4	2,1364013800E-4
2,0216519392E+4	2,1371972000E-4
2,0217077411E+4	2,1357711400E-4
2,0217627251E+4	2,1354411400E-4
2,0218186297E+4	2,1337088400E-4
2,0218737734E+4	2,1307580300E-4
2,0219295240E+4	2,1315872900E-4
2,0219847064E+4	2,1317390200E-4
2,0220398439E+4	2,1301969700E-4
2,0220955406E+4	2,1301075000E-4
2,0221505354E+4	2,1299610600E-4
2,0222061087E+4	2,1288956700E-4
2,0222611890E+4	2,1294622700E-4
2,0223170133E+4	2,1290571000E-4
2,0223720524E+4	2,1289823800E-4
2,0224272216E+4	2,1289371800E-4
2,0224823135E+4	2,1270577600E-4
2,0225380165E+4	2,1267478200E-4
2,0225930684E+4	2,1257578400E-4
2,0226487845E+4	2,1248654000E-4
2,0227038753E+4	2,1240698200E-4
2,0227589445E+4	2,1238613500E-4
2,0228147661E+4	2,1241652900E-4
2,0228698411E+4	2,1234040600E-4
2,0229256036E+4	2,1242838200E-4
2,0229807430E+4	2,1215816000E-4
2,0230367635E+4	2,1220169800E-4
2,0230918448E+4	2,1225815000E-4
2,0231477933E+4	2,1228409300E-4
2,0232028802E+4	2,1226142400E-4
2,0232587037E+4	2,1208706400E-4
2,0233138340E+4	2,1217785300E-4
2,0233695399E+4	2,1220605600E-4
2,0234247127E+4	2,1200162500E-4
2,0234807238E+4	2,1198721300E-4
2,0235358871E+4	2,1194254500E-4
2,0235914795E+4	2,1192165200E-4
2,0236466218E+4	2,1183898000E-4
2,0237022691E+4	2,1186819800E-4
2,0237573914E+4	2,1202420200E-4
2,0238129869E+4	2,1194678800E-4
2,0238682043E+4	2,1181432900E-4
2,0239237433E+4	2,1174826100E-4
2,0239787332E+4	2,1173813700E-4
2,0240339901E+4	2,1172307900E-4
2,0240896441E+4	2,1170555300E-4
2,0241448036E+4	2,1156832000E-4
2,0242005628E+4	2,1166978600E-4
2,0242555257E+4	2,1171747500E-4
2,0243117165E+4	2,1171217100E-4
2,0243669200E+4	2,1159965900E-4
2,0244226894E+4	2,1150665700E-4
2,0244777382E+4	2,1127946500E-4
2,0245336200E+4	2,1131341000E-4
2,0245887366E+4	2,1119790000E-4
2,0246444148E+4	2,1106544100E-4
2,0246996119E+4	2,1115145700E-4
2,0247547315E+4	2,1108372800E-4
2,0248105818E+4	2,1103098900E-4
2,0248656785E+4	2,1104413400E-4
2,0249212512E+4	2,1097110100E-4
2,0249763161E+4	2,1097299200E-4
2,0250314017E+4	2,1092929300E-4
2,0250870543E+4	2,1083589800E-4
2,0251423222E+4	2,1083871100E-4
2,0251982018E+4	2,1079688000E-4
2,0252533450E+4	2,1078765500E-4
2,0253088982E+4	2,1072975100E-4
2,0253639446E+4	2,1066495100E-4
2,0254190614E+4	2,1084998800E-4
2,0254748343E+4	2,1059770700E-4
2,0255299527E+4	2,1068353800E-4
2,0255855698E+4	2,1057603000E-4
2,0256407295E+4	2,1063907700E-4
2,0256957482E+4	2,1054833400E-4
2,0257514808E+4	2,1049674800E-4
2,0258067232E+4	2,1040738900E-4
2,0258623594E+4	2,1017623100E-4
2,0259174690E+4	2,1023704200E-4
2,0259726392E+4	2,1016728400E-4
2,0260277456E+4	2,1026169300E-4
2,0260834800E+4	2,1022876300E-4
2,0261387198E+4	2,1035432700E-4
2,0261941035E+4	2,1005652500E-4
2,0262493448E+4	2,1011507500E-4
2,0263048661E+4	2,0998870400E-4
2,0263599369E+4	2,0992039900E-4
2,0264152182E+4	2,1002961300E-4
2,0264706824E+4	2,1006747800E-4
2,0265258711E+4	2,0968811100E-4
2,0265816429E+4	2,0978835500E-4
2,0266367615E+4	2,0963920000E-4
2,0266924116E+4	2,0943596900E-4
2,0267477210E+4	2,0920603300E-4
2,0268034609E+4	2,0925997100E-4
2,0268587289E+4	2,0929534600E-4
2,0269144367E+4	2,0928520000E-4
2,0269696802E+4	2,0922985400E-4
2,0270255012E+4	2,0915071100E-4
2,0270806758E+4	2,0918689300E-4
2,0271366189E+4	2,0905591000E-4
2,0271917840E+4	2,0893945500E-4
2,0272475668E+4	2,0884011000E-4
2,0273026423E+4	2,0892328900E-4
2,0273587701E+4	2,0891567900E-4
2,0274140319E+4	2,0889494800E-4
2,0274695690E+4	2,0892040700E-4
2,0275247763E+4	2,0871703700E-4
2,0275807503E+4	2,0874286400E-4
2,0276358384E+4	2,0878114500E-4
2,0276918097E+4	2,0876634000E-4
2,0277468381E+4	2,0888500900E-4
2,0278027391E+4	2,0861052100E-4
2,0278579348E+4	2,0875273400E-4
2,0279134996E+4	2,0873331700E-4
2,0279686082E+4	2,0857111000E-4
2,0280240587E+4	2,0846270300E-4
2,0280793174E+4	2,0846503200E-4
2,0281348957E+4	2,0846261100E-4
2,0281899381E+4	2,0839580500E-4
2,0282456399E+4	2,0834322700E-4
2,0283006727E+4	2,0833575600E-4
2,0283566021E+4	2,0813925800E-4
2,0284117198E+4	2,0825873400E-4
2,0284672056E+4	2,0816718400E-4
2,0285225304E+4	2,0803354900E-4
2,0285776353E+4	2,0791582500E-4
2,0286332517E+4	2,0785805900E-4
2,0286884445E+4	2,0783940300E-4
2,0287442038E+4	2,0801148000E-4
2,0287993248E+4	2,0805506400E-4
2,0288553121E+4	2,0786008800E-4
2,0289103576E+4	2,0767288400E-4
2,0289665208E+4	2,0771589100E-4
2,0290216684E+4	2,0757141800E-4
2,0290771885E+4	2,0759247200E-4
2,0291323994E+4	2,0742740500E-4
2,0291879516E+4	2,0746356400E-4
2,0292429291E+4	2,0757812800E-4
2,0292987459E+4	2,0741476800E-4
2,0293539200E+4	2,0730149600E-4
2,0294094385E+4	2,0724354500E-4
2,0294644540E+4	2,0737063100E-4
2,0295204578E+4	2,0714920400E-4
2,0295755527E+4	2,0714431600E-4
2,0296314698E+4	2,0724705000E-4
2,0296866097E+4	2,0702991300E-4
2,0297424132E+4	2,0693356600E-4
2,0297975279E+4	2,0698575200E-4
2,0298534238E+4	2,0691832300E-4
2,0299084718E+4	2,0698100200E-4
2,0299647317E+4	2,0690079800E-4
2,0300198064E+4	2,0705255800E-4
2,0300755563E+4	2,0682209200E-4
2,0301308015E+4	2,0683659700E-4
2,0301859441E+4	2,0669982600E-4
2,0302416259E+4	2,0657080300E-4
2,0302968345E+4	2,0655959500E-4
2,0303527134E+4	2,0645928300E-4
2,0304077685E+4	2,0630660000E-4
2,0304638231E+4	2,0615366300E-4
2,0305188877E+4	2,0635786300E-4
2,0305747165E+4	2,0609066200E-4
2,0306298885E+4	2,0619833100E-4
2,0306853325E+4	2,0596417500E-4
2,0307403763E+4	2,0603248000E-4
2,0307955384E+4	2,0595589700E-4
2,0308513387E+4	2,0591141300E-4
2,0309063292E+4	2,0578564100E-4
2,0309622115E+4	2,0582996400E-4
2,0310174352E+4	2,0574002800E-4
2,0310733337E+4	2,0570160900E-4
2,0311286269E+4	2,0569639800E-4
2,0311843834E+4	2,0581253000E-4
2,0312394501E+4	2,0575017400E-4
2,0312954336E+4	2,0562760800E-4
2,0313506085E+4	2,0541743600E-4
2,0314061814E+4	2,0563906900E-4
2,0314612521E+4	2,0539675000E-4
2,0315168400E+4	2,0528486100E-4
2,0315719318E+4	2,0519227400E-4
2,0316270400E+4	2,0532643900E-4
2,0316827440E+4	2,0533492500E-4
2,0317378495E+4	2,0517624700E-4
2,0317935413E+4	2,0510708800E-4
2,0318486684E+4	2,0528868900E-4
2,0319037431E+4	2,0531354800E-4
2,0319594597E+4	2,0526057900E-4
2,0320145756E+4	2,0530427800E-4
2,0320704493E+4	2,0527768900E-4
2,0321254540E+4	2,0498948000E-4
2,0321815584E+4	2,0520071400E-4
2,0322367195E+4	2,0507192100E-4
2,0322926278E+4	2,0488464800E-4
2,0323477471E+4	2,0496042400E-4
2,0324037341E+4	2,0497004000E-4
2,0324590162E+4	2,0481731100E-4
2,0325147537E+4	2,0475608600E-4
2,0325700273E+4	2,0476247300E-4
2,0326257894E+4	2,0465713300E-4
2,0326808437E+4	2,0458370900E-4
2,0327367460E+4	2,0462773100E-4
2,0327918316E+4	2,0448498700E-4
2,0328476325E+4	2,0467934100E-4
2,0329028252E+4	2,0455885000E-4
2,0329585462E+4	2,0433414900E-4
2,0330135577E+4	2,0428761300E-4
2,0330698274E+4	2,0416126500E-4
2,0331250381E+4	2,0418137400E-4
2,0331805606E+4	2,0396303800E-4
2,0332357817E+4	2,0396882600E-4
2,0332909353E+4	2,0387510800E-4
2,0333464709E+4	2,0394133800E-4
2,0334015783E+4	2,0391696300E-4
2,0334566421E+4	2,0399264700E-4
2,0335123561E+4	2,0386466200E-4
2,0335675210E+4	2,0407582600E-4
2,0336232330E+4	2,0405096700E-4
2,0336783056E+4	2,0398088600E-4
2,0337333633E+4	2,0391922300E-4
2,0337890696E+4	2,0392431900E-4
2,0338441431E+4	2,0407234400E-4
2,0339001261E+4	2,0376125900E-4
2,0339552137E+4	2,0371543800E-4
2,0340111903E+4	2,0368066300E-4
2,0340662827E+4	2,0362667800E-4
2,0341223770E+4	2,0368861800E-4
2,0341774381E+4	2,0356939600E-4
2,0342331457E+4	2,0345651500E-4
2,0342882207E+4	2,0339369900E-4
2,0343440256E+4	2,0331414000E-4
2,0343991468E+4	2,0329458500E-4
2,0344546927E+4	2,0319674000E-4
2,0345098412E+4	2,0317238800E-4
2,0345652639E+4	2,0316085800E-4
2,0346203743E+4	2,0326163200E-4
2,0346761530E+4	2,0303358700E-4
2,0347313545E+4	2,0305865400E-4
2,0347870184E+4	2,0293295100E-4
2,0348421044E+4	2,0285966500E-4
2,0348975576E+4	2,0294759500E-4
2,0349526794E+4	2,0288851400E-4
2,0350078249E+4	2,0282002400E-4
2,0350636386E+4	2,0292674800E-4
2,0351187914E+4	2,0282941000E-4
2,0351744466E+4	2,0282334500E-4
2,0352296571E+4	2,0265947800E-4
2,0352856472E+4	2,0255944200E-4
2,0353407207E+4	2,0256112500E-4
2,0353966582E+4	2,0237869400E-4
2,0354518036E+4	2,0241503700E-4
2,0355076153E+4	2,0253223000E-4
2,0355628347E+4	2,0254122400E-4
2,0356183364E+4	2,0235173600E-4
2,0356734501E+4	2,0241757400E-4
2,0357284522E+4	2,0228693700E-4
2,0357836122E+4	2,0208287500E-4
2,0358392756E+4	2,0194485800E-4
2,0358943412E+4	2,0211472100E-4
2,0359500209E+4	2,0199971900E-4
2,0360052298E+4	2,0198044000E-4
2,0360603279E+4	2,0197995600E-4
2,0361157665E+4	2,0186221000E-4
2,0361708434E+4	2,0194935500E-4
2,0362267411E+4	2,0169043300E-4
2,0362818101E+4	2,0158730600E-4
2,0363368917E+4	2,0154874900E-4
2,0363927120E+4	2,0153159200E-4
2,0364478274E+4	2,0159800600E-4
2,0365032457E+4	2,0150304400E-4
2,0365582523E+4	2,0145357900E-4
2,0366144259E+4	2,0131602300E-4
2,0366695786E+4	2,0140206200E-4
2,0367253455E+4	2,0117703800E-4
2,0367803454E+4	2,0140967200E-4
2,0368361143E+4	2,0122191400E-4
2,0368912939E+4	2,0113006400E-4
2,0369469368E+4	2,0112572900E-4
2,0370020338E+4	2,0102543900E-4
2,0370580291E+4	2,0073646900E-4
2,0371131117E+4	2,0080126900E-4
2,0371690126E+4	2,0081614300E-4
2,0372243357E+4	2,0086069500E-4
2,0372797504E+4	2,0043255500E-4
2,0373347367E+4	2,0057640600E-4
2,0373908753E+4	2,0049601800E-4
2,0374460400E+4	2,0025992500E-4
2,0375017853E+4	2,0034797000E-4
2,0375571272E+4	2,0022072200E-4
2,0376128779E+4	2,0024313700E-4
2,0376680321E+4	2,0020640200E-4
2,0377238826E+4	2,0020292000E-4
2,0377789551E+4	2,0006670200E-4
2,0378349272E+4	1,9991185100E-4
2,0378900734E+4	2,0010761100E-4
2,0379457367E+4	1,9990327300E-4
2,0380008595E+4	1,9986852000E-4
2,0380560257E+4	1,9971629900E-4
2,0381116869E+4	1,9973403200E-4
2,0381668076E+4	1,9985825900E-4
2,0382224548E+4	1,9981040800E-4
2,0382774467E+4	1,9972879700E-4
2,0383331486E+4	1,9962689300E-4
2,0383882656E+4	1,9963678600E-4
2,0384435367E+4	1,9949803200E-4
2,0384990001E+4	1,9940196200E-4
2,0385540264E+4	1,9929964300E-4
2,0386096318E+4	1,9911880300E-4
2,0386648385E+4	1,9909705700E-4
2,0387199297E+4	1,9926253900E-4
2,0387756357E+4	1,9908829400E-4
2,0388307239E+4	1,9897126200E-4
2,0388868164E+4	1,9909364400E-4
2,0389420232E+4	1,9908910100E-4
2,0389980213E+4	1,9891432600E-4
2,0390531519E+4	1,9908974700E-4
2,0391089787E+4	1,9888614600E-4
2,0391641094E+4	1,9896916400E-4
2,0392200382E+4	1,9879146000E-4
2,0392751289E+4	1,9876196600E-4
2,0393310056E+4	1,9871944200E-4
2,0393861663E+4	1,9854522100E-4
2,0394420599E+4	1,9857091000E-4
2,0394972093E+4	1,9874082000E-4
2,0395530869E+4	1,9879858600E-4
2,0396081706E+4	1,9870740500E-4
2,0396640155E+4	1,9853788800E-4
2,0397193208E+4	1,9842765900E-4
2,0397744281E+4	1,9845832900E-4
2,0398302297E+4	1,9858216400E-4
2,0398853385E+4	1,9840393000E-4
2,0399412137E+4	1,9830647600E-4
2,0399965153E+4	1,9836636400E-4
2,0400522313E+4	1,9842964200E-4
2,0401073344E+4	1,9834436500E-4
2,0401632477E+4	1,9827147100E-4
2,0402185361E+4	1,9818930600E-4
2,0402740250E+4	1,9810820300E-4
2,0403290246E+4	1,9803524000E-4
2,0403842397E+4	1,9806134400E-4
2,0404399980E+4	1,9808401200E-4
2,0404953135E+4	1,9797472900E-4
2,0405510129E+4	1,9779817800E-4
2,0406060332E+4	1,9795934800E-4
2,0406619682E+4	1,9780521200E-4
2,0407170978E+4	1,9768004000E-4
2,0407730107E+4	1,9758920500E-4
2,0408280954E+4	1,9763142900E-4
2,0408838886E+4	1,9768954100E-4
2,0409391217E+4	1,9762086700E-4
2,0409941974E+4	1,9756144000E-4
2,0410500389E+4	1,9752382900E-4
2,0411051412E+4	1,9749772400E-4
2,0411606921E+4	1,9764261300E-4
2,0412158170E+4	1,9744152600E-4
2,0412718062E+4	1,9737679500E-4
2,0413271259E+4	1,9738343700E-4
2,0413826885E+4	1,9723222900E-4
2,0414379134E+4	1,9723942400E-4
2,0414935471E+4	1,9710636600E-4
2,0415486086E+4	1,9715668400E-4
2,0416038143E+4	1,9690018200E-4
2,0416593446E+4	1,9683974100E-4
2,0417145714E+4	1,9675550100E-4
2,0417704164E+4	1,9663219700E-4
2,0418254253E+4	1,9684751200E-4
2,0418814258E+4	1,9663595600E-4
2,0419364720E+4	1,9659002000E-4
2,0419926140E+4	1,9670096300E-4
2,0420476413E+4	1,9661838400E-4
2,0421034501E+4	1,9654620500E-4
2,0421586268E+4	1,9660076600E-4
2,0422142327E+4	1,9649800900E-4
2,0422692599E+4	1,9656227800E-4
2,0423253566E+4	1,9640242300E-4
2,0423804207E+4	1,9659089600E-4
2,0424361896E+4	1,9646948300E-4
2,0424912673E+4	1,9638033100E-4
2,0425470793E+4	1,9621692500E-4
2,0426022359E+4	1,9623996200E-4
2,0426578569E+4	1,9640438300E-4
2,0427129459E+4	1,9622688700E-4
2,0427685056E+4	1,9635939200E-4
2,0428236011E+4	1,9633912200E-4
2,0428786428E+4	1,9628059500E-4
2,0429344320E+4	1,9616268700E-4
2,0429897091E+4	1,9613886500E-4
2,0430453136E+4	1,9603347900E-4
2,0431003259E+4	1,9612366900E-4
2,0431563254E+4	1,9595023100E-4
2,0432114369E+4	1,9587927400E-4
2,0432674842E+4	1,9573865200E-4
2,0433225704E+4	1,9574711500E-4
2,0433783874E+4	1,9562531000E-4
2,0434335461E+4	1,9584092500E-4
2,0434893268E+4	1,9565729500E-4
2,0435444179E+4	1,9567011600E-4
2,0436004104E+4	1,9537893200E-4
2,0436554798E+4	1,9562669300E-4
2,0437112689E+4	1,9560335600E-4
2,0437665014E+4	1,9572144900E-4
2,0438220821E+4	1,9557757500E-4
2,0438773117E+4	1,9564472700E-4
2,0439329337E+4	1,9544845900E-4
2,0439880036E+4	1,9545922900E-4
2,0440439420E+4	1,9549038300E-4
2,0440989753E+4	1,9544158700E-4
2,0441549312E+4	1,9548996800E-4
2,0442101333E+4	1,9542648300E-4
2,0442656155E+4	1,9538970100E-4
2,0443207379E+4	1,9534782400E-4
2,0443764286E+4	1,9527716700E-4
2,0444317182E+4	1,9530241800E-4
2,0444870469E+4	1,9529997300E-4
2,0445421476E+4	1,9513566800E-4
2,0445971886E+4	1,9524481300E-4
2,0446528432E+4	1,9514911200E-4
2,0447078649E+4	1,9505583300E-4
2,0447634985E+4	1,9495229100E-4
2,0448186926E+4	1,9491463400E-4
2,0448744326E+4	1,9504135100E-4
2,0449296126E+4	1,9489201100E-4
2,0449849526E+4	1,9502308700E-4
2,0450402159E+4	1,9475390200E-4
2,0450957515E+4	1,9493192900E-4
2,0451509982E+4	1,9484704300E-4
2,0452060691E+4	1,9458104100E-4
2,0452618688E+4	1,9457790500E-4
2,0453170591E+4	1,9446763000E-4
2,0453728380E+4	1,9453111600E-4
2,0454280178E+4	1,9442612100E-4
2,0454838324E+4	1,9448976800E-4
2,0455390262E+4	1,9449082900E-4
2,0455949586E+4	1,9430447800E-4
2,0456501163E+4	1,9431028900E-4
2,0457058280E+4	1,9424530500E-4
2,0457611402E+4	1,9408046900E-4
2,0458169636E+4	1,9388611500E-4
2,0458720642E+4	1,9416274800E-4
2,0459280329E+4	1,9388514700E-4
2,0459830745E+4	1,9376491000E-4
2,0460387246E+4	1,9370202400E-4
2,0460938696E+4	1,9357120200E-4
2,0461491098E+4	1,9364388900E-4
2,0462047712E+4	1,9346256500E-4
2,0462600151E+4	1,9350139800E-4
2,0463156840E+4	1,9353451300E-4
2,0463707820E+4	1,9334251200E-4
2,0464264519E+4	1,9333460200E-4
2,0464817122E+4	1,9324411300E-4
2,0465374803E+4	1,9315081100E-4
2,0465927288E+4	1,9303894500E-4
2,0466485511E+4	1,9302580000E-4
2,0467035619E+4	1,9318572400E-4
2,0467594485E+4	1,9300354700E-4
2,0468145887E+4	1,9279957700E-4
2,0468697040E+4	1,9266252900E-4
2,0469253841E+4	1,9268976400E-4
2,0469804684E+4	1,9266601100E-4
2,0470362427E+4	1,9267675800E-4
2,0470913335E+4	1,9253491300E-4
2,0471464879E+4	1,9241527500E-4
2,0472025168E+4	1,9259023500E-4
2,0472575927E+4	1,9232962900E-4
2,0473132802E+4	1,9225117700E-4
2,0473685126E+4	1,9215983500E-4
2,0474244084E+4	1,9205472600E-4
2,0474796408E+4	1,9187872800E-4
2,0475354331E+4	1,9182280700E-4
2,0475905495E+4	1,9186740600E-4
2,0476462446E+4	1,9176374900E-4
2,0477015136E+4	1,9175604700E-4
2,0477571985E+4	1,9165642600E-4
2,0478122966E+4	1,9165787900E-4
2,0478683253E+4	1,9170856600E-4
2,0479233461E+4	1,9176199700E-4
2,0479788404E+4	1,9164318900E-4
2,0480338507E+4	1,9169851100E-4
2,0480897357E+4	1,9164736300E-4
2,0481449266E+4	1,9168781100E-4
2,0482006200E+4	1,9149119800E-4
2,0482558523E+4	1,9139787200E-4
2,0483113213E+4	1,9137061500E-4
2,0483663884E+4	1,9142469200E-4
2,0484215523E+4	1,9135641000E-4
2,0484769433E+4	1,9142969600E-4
2,0485321200E+4	1,9142762000E-4
2,0485879778E+4	1,9132248800E-4
2,0486430474E+4	1,9119814600E-4
2,0486990160E+4	1,9132516300E-4
2,0487542360E+4	1,9134969900E-4
2,0488102117E+4	1,9116689900E-4
2,0488653314E+4	1,9105604800E-4
2,0489209437E+4	1,9096007000E-4
2,0489761282E+4	1,9093315900E-4
2,0490318225E+4	1,9080305200E-4
2,0490868627E+4	1,9078294300E-4
2,0491429160E+4	1,9071616000E-4
2,0491981011E+4	1,9076467900E-4
2,0492538441E+4	1,9054539800E-4
2,0493090148E+4	1,9071892700E-4
2,0493646380E+4	1,9067073100E-4
2,0494197367E+4	1,9054376000E-4
2,0494753895E+4	1,9041914200E-4
2,0495304990E+4	1,9031733000E-4
2,0495860845E+4	1,9038102300E-4
2,0496411545E+4	1,9031788300E-4
2,0496961305E+4	1,9033404900E-4
2,0497520360E+4	1,9024722600E-4
2,0498071071E+4	1,9013326200E-4
2,0498627520E+4	1,9017497800E-4
2,0499178530E+4	1,9015466200E-4
2,0499730663E+4	1,9030976600E-4
2,0500286411E+4	1,9029403900E-4
2,0500837202E+4	1,8998710500E-4
2,0501394702E+4	1,8999127900E-4
2,0501945632E+4	1,8985983400E-4
2,0502496795E+4	1,8965658000E-4
2,0503053781E+4	1,8963255100E-4
2,0503605602E+4	1,8987184900E-4
2,0504165438E+4	1,8978719400E-4
2,0504715974E+4	1,8981920200E-4
2,0505276962E+4	1,8983456000E-4
2,0505827685E+4	1,8971176300E-4
2,0506387408E+4	1,8980220600E-4
2,0506938258E+4	1,8971914300E-4
2,0507498507E+4	1,8997241500E-4
2,0508049857E+4	1,8967874100E-4
2,0508609855E+4	1,8959401700E-4
2,0509161543E+4	1,8973567700E-4
2,0509722372E+4	1,8975394100E-4
2,0510274247E+4	1,8969313000E-4
2,0510830797E+4	1,8966988500E-4
2,0511381708E+4	1,8962646300E-4
2,0511938591E+4	1,8964514200E-4
2,0512491031E+4	1,8952476600E-4
2,0513048172E+4	1,8946667700E-4
2,0513598831E+4	1,8943307800E-4
2,0514154640E+4	1,8946840700E-4