2,2622636769E+4	-6,2938591000E-5
2,2623190058E+4	-6,3114634300E-5
2,2623757225E+4	-6,3039895400E-5
2,2624307429E+4	-6,3257931800E-5
2,2624868094E+4	-6,3216261600E-5
2,2625419213E+4	-6,3020432400E-5
2,2626004393E+4	-6,2570454300E-5
2,2626556291E+4	-6,2163991200E-5
2,2627110397E+4	-6,1469780200E-5
2,2627661792E+4	-6,0580108900E-5
2,2628214036E+4	-5,9916914100E-5
2,2628770468E+4	-5,9178150300E-5
2,2629322066E+4	-5,8447941900E-5
2,2629877807E+4	-5,7620510800E-5
2,2630428038E+4	-5,6886958600E-5
2,2630986562E+4	-5,6142245200E-5
2,2631537678E+4	-5,5335453100E-5
2,2632094924E+4	-5,4662665200E-5
2,2632645794E+4	-5,3989000900E-5
2,2633206362E+4	-5,3283375000E-5
2,2633757652E+4	-5,2459333700E-5
2,2634315353E+4	-5,1841752400E-5
2,2634866175E+4	-5,1221842000E-5
2,2635424758E+4	-5,0443506500E-5
2,2635976371E+4	-4,9609733700E-5
2,2636532878E+4	-4,8753592400E-5
2,2637084365E+4	-4,8232957100E-5
2,2637642687E+4	-4,7371050600E-5
2,2638193538E+4	-4,6757343500E-5
2,2638754071E+4	-4,5885936100E-5
2,2639304980E+4	-4,5290400600E-5
2,2639863113E+4	-4,4572967700E-5
2,2640414688E+4	-4,3731192900E-5
2,2640975362E+4	-4,3067998100E-5
2,2641527415E+4	-4,2140853700E-5
2,2642083991E+4	-4,1373241300E-5
2,2642634746E+4	-4,0674625700E-5
2,2643192752E+4	-3,9974441900E-5
2,2643745245E+4	-3,9254910500E-5
2,2644299563E+4	-3,8530282700E-5
2,2644851501E+4	-3,7805793300E-5
2,2645412208E+4	-3,6951612100E-5
2,2645964292E+4	-3,6293467500E-5
2,2646522934E+4	-3,5592707300E-5
2,2647073988E+4	-3,4851775800E-5
2,2647631808E+4	-3,4103418800E-5
2,2648183249E+4	-3,3306266000E-5
2,2648741599E+4	-3,2413412400E-5
2,2649292271E+4	-3,1738802700E-5
2,2649850503E+4	-3,0925507600E-5
2,2650402382E+4	-3,0080942500E-5
2,2650953786E+4	-2,9220950000E-5
2,2651512133E+4	-2,8602630800E-5
2,2652062333E+4	-2,7988877600E-5
2,2652617342E+4	-2,6900079600E-5
2,2653168336E+4	-2,6261029000E-5
2,2653719220E+4	-2,5442014900E-5
2,2654275510E+4	-2,4834165100E-5
2,2654826354E+4	-2,4171961900E-5
2,2655382121E+4	-2,3325459800E-5
2,2655934410E+4	-2,2486659900E-5
2,2656487051E+4	-2,1823142200E-5
2,2657040558E+4	-2,1080342800E-5
2,2657592432E+4	-2,0471778200E-5
2,2658151477E+4	-1,9756420700E-5
2,2658703103E+4	-1,9015350800E-5
2,2659262063E+4	-1,8338988500E-5
2,2659812935E+4	-1,7733098900E-5
2,2660372680E+4	-1,7010754100E-5
2,2660923466E+4	-1,6172830400E-5
2,2661481443E+4	-1,5466651000E-5
2,2662033656E+4	-1,4888480000E-5
2,2662588858E+4	-1,4101958000E-5
2,2663139284E+4	-1,3425987800E-5
2,2663700872E+4	-1,2428808800E-5
2,2664251284E+4	-1,1765152800E-5
2,2664809759E+4	-1,1074885100E-5
2,2665360711E+4	-1,0473722800E-5
2,2665918248E+4	-9,6819200000E-6
2,2666469392E+4	-8,9733422800E-6
2,2667025013E+4	-8,1686025800E-6
2,2667576207E+4	-7,4794186800E-6
2,2668134419E+4	-6,6854251400E-6
2,2668685668E+4	-5,6828731000E-6
2,2669241610E+4	-5,1296765400E-6
2,2669793925E+4	-4,2698454800E-6
2,2670354466E+4	-3,3855473100E-6
2,2670905007E+4	-2,5387684600E-6
2,2671462096E+4	-1,9873936600E-6
2,2672012479E+4	-1,2198504300E-6
2,2672563635E+4	-3,8335652800E-7
2,2673119572E+4	4,3664917300E-7
2,2673670312E+4	1,1616459200E-6
2,2674231259E+4	1,6828807300E-6
2,2674783129E+4	2,4494323700E-6
2,2675340235E+4	3,1107362100E-6
2,2675891251E+4	3,8425357800E-6
2,2676450704E+4	4,7947238500E-6
2,2677001252E+4	5,3532012500E-6
2,2677563661E+4	6,1913093900E-6
2,2678117391E+4	6,9490519300E-6
2,2678672992E+4	7,6527639100E-6
2,2679224010E+4	8,3701276500E-6
2,2679783943E+4	9,1386624800E-6
2,2680335001E+4	9,8940067400E-6
2,2680895065E+4	1,0409384200E-5
2,2681446505E+4	1,1225054600E-5
2,2682005839E+4	1,1606935200E-5
2,2682556930E+4	1,2483577300E-5
2,2683112897E+4	1,3050287300E-5
2,2683663417E+4	1,3785015500E-5
2,2684214943E+4	1,4680590300E-5
2,2684771974E+4	1,5288001900E-5
2,2685322979E+4	1,5901547600E-5
2,2685883001E+4	1,6682050800E-5
2,2686433908E+4	1,7562613200E-5
2,2686994089E+4	1,8152937000E-5
2,2687544462E+4	1,8785899600E-5
2,2688104401E+4	1,9570161600E-5
2,2688656201E+4	2,0070734300E-5
2,2689213444E+4	2,0786783600E-5
2,2689765149E+4	2,1488005100E-5
2,2690324676E+4	2,2150093000E-5
2,2690875480E+4	2,2810036200E-5
2,2691435845E+4	2,3577510300E-5
2,2691986984E+4	2,4360527100E-5
2,2692543229E+4	2,5103441800E-5
2,2693096029E+4	2,5929466200E-5
2,2693648514E+4	2,6598887300E-5
2,2694204173E+4	2,7293098400E-5
2,2694754628E+4	2,8252665800E-5
2,2695312464E+4	2,8815086600E-5
2,2695863380E+4	2,9624000200E-5
2,2696413873E+4	3,0454498400E-5
2,2696970726E+4	3,1216184300E-5
2,2697521468E+4	3,1793248400E-5
2,2698079852E+4	3,2573152000E-5
2,2698631953E+4	3,3375447300E-5
2,2699182744E+4	3,4076115300E-5
2,2699738940E+4	3,4603023000E-5
2,2700289622E+4	3,5542643100E-5
2,2700846862E+4	3,5963657300E-5
2,2701397515E+4	3,6836079400E-5
2,2701948307E+4	3,7469180300E-5
2,2702499222E+4	3,8128247300E-5
2,2703056194E+4	3,8830898500E-5
2,2703608249E+4	3,9412459400E-5
2,2704162584E+4	4,0112620000E-5
2,2704713550E+4	4,0794263200E-5
2,2705270345E+4	4,1590493600E-5
2,2705821411E+4	4,2173830100E-5
2,2706378747E+4	4,2970291100E-5
2,2706929966E+4	4,3665378500E-5
2,2707487176E+4	4,4403681100E-5
2,2708037239E+4	4,5156188900E-5
2,2708593655E+4	4,5750663700E-5
2,2709144734E+4	4,6389875600E-5
2,2709700466E+4	4,7258146800E-5
2,2710252126E+4	4,7905591300E-5
2,2710810390E+4	4,8721815100E-5
2,2711361073E+4	4,9299524900E-5
2,2711917863E+4	4,9811558600E-5
2,2712470314E+4	5,0498828500E-5
2,2713023223E+4	5,1171455000E-5
2,2713573431E+4	5,1801558100E-5
2,2714125981E+4	5,2491710600E-5
2,2714685186E+4	5,3043523500E-5
2,2715237329E+4	5,3702821100E-5
2,2715795374E+4	5,4466282600E-5
2,2716347781E+4	5,5011800100E-5
2,2716905035E+4	5,5784163000E-5
2,2717456816E+4	5,6409146600E-5
2,2718015243E+4	5,7025044500E-5
2,2718566981E+4	5,7720431700E-5
2,2719124608E+4	5,8419047300E-5
2,2719675347E+4	5,8986356800E-5
2,2720234233E+4	5,9782679500E-5
2,2720785955E+4	6,0301077800E-5
2,2721341701E+4	6,0877773000E-5
2,2721892630E+4	6,1596866300E-5
2,2722446947E+4	6,2266494900E-5
2,2722997566E+4	6,2911910100E-5
2,2723548639E+4	6,3580224400E-5
2,2724107756E+4	6,4088038000E-5
2,2724659373E+4	6,4829799700E-5
2,2725214501E+4	6,5517231000E-5
2,2725765921E+4	6,6254518900E-5
2,2726323270E+4	6,7034330300E-5
2,2726874428E+4	6,7514886500E-5
2,2727433529E+4	6,8130599900E-5
2,2727984365E+4	6,8887028000E-5
2,2728542907E+4	6,9758135600E-5
2,2729095182E+4	7,0150209000E-5
2,2729646232E+4	7,0786930400E-5
2,2730203174E+4	7,1575896800E-5
2,2730754577E+4	7,2031386400E-5
2,2731310144E+4	7,2720800900E-5
2,2731863083E+4	7,3450455800E-5
2,2732417844E+4	7,4084225500E-5
2,2732968263E+4	7,5041717500E-5
2,2733528805E+4	7,5470203300E-5
2,2734080321E+4	7,6176036800E-5
2,2734638400E+4	7,6710024000E-5
2,2735189108E+4	7,7217261200E-5
2,2735748492E+4	7,8131192000E-5
2,2736299496E+4	7,8679269100E-5
2,2736861493E+4	7,9215216500E-5
2,2737411515E+4	7,9990807800E-5
2,2737970258E+4	8,0775092900E-5
2,2738521270E+4	8,1220574200E-5
2,2739079720E+4	8,1923386900E-5
2,2739630639E+4	8,2483247900E-5
2,2740189328E+4	8,3286211900E-5
2,2740740395E+4	8,3861362000E-5
2,2741297867E+4	8,4571300300E-5
2,2741848631E+4	8,5228960600E-5
2,2742405209E+4	8,5869233300E-5
2,2742957068E+4	8,6581201000E-5
2,2743512995E+4	8,7037336200E-5
2,2744064543E+4	8,7977486700E-5
2,2744623549E+4	8,8714913000E-5
2,2745175328E+4	8,9295712900E-5
2,2745733042E+4	8,9928468000E-5
2,2746285960E+4	9,0604715000E-5
2,2746840081E+4	9,1254119600E-5
2,2747393325E+4	9,1962951000E-5
2,2747944644E+4	9,2783095100E-5
2,2748498799E+4	9,3424843700E-5
2,2749052063E+4	9,3907752100E-5
2,2749609380E+4	9,4547286900E-5
2,2750160616E+4	9,5156912300E-5
2,2750719441E+4	9,5871739400E-5
2,2751270389E+4	9,6533965700E-5
2,2751830414E+4	9,7226285800E-5
2,2752381285E+4	9,7891371600E-5
2,2752939820E+4	9,8524218800E-5
2,2753490685E+4	9,9162854300E-5
2,2754042246E+4	9,9900857100E-5
2,2754599197E+4	1,0056956300E-4
2,2755150054E+4	1,0131217800E-4
2,2755707361E+4	1,0201132400E-4
2,2756260115E+4	1,0278474800E-4
2,2756812231E+4	1,0337419500E-4
2,2757367970E+4	1,0412538900E-4
2,2757919782E+4	1,0492662300E-4
2,2758476497E+4	1,0558165500E-4
2,2759027680E+4	1,0620085000E-4
2,2759586509E+4	1,0682170600E-4
2,2760137403E+4	1,0750535600E-4
2,2760698479E+4	1,0817565300E-4
2,2761251290E+4	1,0880042900E-4
2,2761805251E+4	1,0964220400E-4
2,2762356759E+4	1,1022355700E-4
2,2762914393E+4	1,1082751000E-4
2,2763465156E+4	1,1151441100E-4
2,2764021855E+4	1,1235498600E-4
2,2764573917E+4	1,1293329600E-4
2,2765128416E+4	1,1351808500E-4
2,2765680304E+4	1,1425938500E-4
2,2766231880E+4	1,1500520600E-4
2,2766787197E+4	1,1558994900E-4
2,2767339237E+4	1,1626449000E-4
2,2767897230E+4	1,1695754800E-4
2,2768448235E+4	1,1746658300E-4
2,2769007644E+4	1,1814384500E-4
2,2769559181E+4	1,1895236700E-4
2,2770117688E+4	1,1967166800E-4
2,2770669905E+4	1,2038345100E-4
2,2771227943E+4	1,2110759400E-4
2,2771779228E+4	1,2168761000E-4
2,2772337921E+4	1,2239575000E-4
2,2772888237E+4	1,2300048600E-4
2,2773448615E+4	1,2359265500E-4
2,2773999887E+4	1,2426357500E-4
2,2774556970E+4	1,2496046100E-4
2,2775108677E+4	1,2559130200E-4
2,2775665287E+4	1,2619723800E-4
2,2776216047E+4	1,2690565400E-4
2,2776771548E+4	1,2754539600E-4
2,2777324168E+4	1,2828261500E-4
2,2777879388E+4	1,2881770900E-4
2,2778432274E+4	1,2949314900E-4
2,2778984429E+4	1,3024408900E-4
2,2779542184E+4	1,3086282300E-4
2,2780093557E+4	1,3144210100E-4
2,2780652179E+4	1,3215812700E-4
2,2781202989E+4	1,3279311900E-4
2,2781763541E+4	1,3341427500E-4
2,2782314342E+4	1,3407977600E-4
2,2782873030E+4	1,3454421300E-4
2,2783423818E+4	1,3517251700E-4
2,2783983335E+4	1,3597296800E-4
2,2784535386E+4	1,3654673400E-4
2,2785094445E+4	1,3726338300E-4
2,2785645446E+4	1,3763205000E-4
2,2786204413E+4	1,3833656900E-4
2,2786756477E+4	1,3903516200E-4
2,2787316453E+4	1,3973825100E-4
2,2787868455E+4	1,4009688700E-4
2,2788422444E+4	1,4121243500E-4
2,2788974553E+4	1,4163285000E-4
2,2789530442E+4	1,4233965200E-4
2,2790082387E+4	1,4301855100E-4
2,2790639875E+4	1,4372226300E-4
2,2791192213E+4	1,4451217400E-4
2,2791747220E+4	1,4497866400E-4
2,2792297741E+4	1,4586169400E-4
2,2792850113E+4	1,4642635100E-4
2,2793407035E+4	1,4683738000E-4
2,2793958030E+4	1,4771612100E-4
2,2794513862E+4	1,4827593600E-4
2,2795066413E+4	1,4899484500E-4
2,2795623212E+4	1,4964092900E-4
2,2796173561E+4	1,5024280600E-4
2,2796729371E+4	1,5075878300E-4
2,2797282143E+4	1,5139601100E-4
2,2797838822E+4	1,5209361200E-4
2,2798391067E+4	1,5277746900E-4
2,2798941989E+4	1,5326609700E-4
2,2799498177E+4	1,5402146400E-4
2,2800050128E+4	1,5482853300E-4
2,2800607206E+4	1,5548829200E-4
2,2801157511E+4	1,5612083900E-4
2,2801718432E+4	1,5659590700E-4
2,2802269933E+4	1,5739889400E-4
2,2802831229E+4	1,5790689200E-4
2,2803381443E+4	1,5855830300E-4
2,2803937449E+4	1,5923196700E-4
2,2804487567E+4	1,5979978400E-4
2,2805045963E+4	1,6029528400E-4
2,2805598689E+4	1,6105505600E-4
2,2806155024E+4	1,6172752100E-4
2,2806706665E+4	1,6246079600E-4
2,2807260773E+4	1,6311804100E-4
2,2807812736E+4	1,6375755300E-4
2,2808363286E+4	1,6432652300E-4
2,2808920435E+4	1,6501443900E-4
2,2809471435E+4	1,6564963800E-4
2,2810030326E+4	1,6631490800E-4
2,2810581214E+4	1,6698670500E-4
2,2811142266E+4	1,6774970500E-4
2,2811694202E+4	1,6822341200E-4
2,2812251731E+4	1,6894375100E-4
2,2812804244E+4	1,6968913300E-4
2,2813361419E+4	1,7036966900E-4
2,2813913278E+4	1,7102859800E-4
2,2814472603E+4	1,7192232800E-4
2,2815023137E+4	1,7251431200E-4
2,2815584030E+4	1,7307668600E-4
2,2816134890E+4	1,7376381800E-4
2,2816691246E+4	1,7456143200E-4
2,2817242122E+4	1,7515014200E-4
2,2817792804E+4	1,7605332600E-4
2,2818350222E+4	1,7652484300E-4
2,2818900951E+4	1,7715337800E-4
2,2819457450E+4	1,7797460600E-4
2,2820007994E+4	1,7847501700E-4
2,2820558407E+4	1,7928589100E-4
2,2821117176E+4	1,7991200400E-4
2,2821669310E+4	1,8054909500E-4
2,2822225463E+4	1,8124005400E-4
2,2822776301E+4	1,8180754800E-4
2,2823337256E+4	1,8260763000E-4
2,2823888564E+4	1,8323681100E-4
2,2824448847E+4	1,8387639100E-4
2,2824999938E+4	1,8452489700E-4
2,2825557354E+4	1,8514679000E-4
2,2826109056E+4	1,8561985200E-4
2,2826668727E+4	1,8635709400E-4
2,2827221961E+4	1,8712080900E-4
2,2827779531E+4	1,8767483600E-4
2,2828332168E+4	1,8862764600E-4
2,2828892137E+4	1,8927183900E-4
2,2829443389E+4	1,8993178300E-4
2,2829998889E+4	1,9064898500E-4
2,2830549680E+4	1,9149126700E-4
2,2831102115E+4	1,9204651600E-4
2,2831659240E+4	1,9255617500E-4
2,2832209801E+4	1,9333988300E-4
2,2832769011E+4	1,9402542400E-4
2,2833322052E+4	1,9462042900E-4
2,2833876773E+4	1,9545922900E-4
2,2834427515E+4	1,9594135300E-4
2,2834987543E+4	1,9663478000E-4
2,2835538520E+4	1,9718108100E-4
2,2836098072E+4	1,9788377900E-4
2,2836650408E+4	1,9865953200E-4
2,2837208249E+4	1,9932445600E-4
2,2837759190E+4	1,9982509800E-4
2,2838317475E+4	2,0066694200E-4
2,2838868080E+4	2,0147866900E-4
2,2839426209E+4	2,0226521400E-4
2,2839976287E+4	2,0271360100E-4
2,2840528507E+4	2,0353868000E-4
2,2841086745E+4	2,0424490500E-4
2,2841638953E+4	2,0484860400E-4
2,2842196404E+4	2,0550363500E-4
2,2842747080E+4	2,0624742600E-4
2,2843298543E+4	2,0710278400E-4
2,2843856413E+4	2,0776002900E-4
2,2844407319E+4	2,0846835300E-4
2,2844964731E+4	2,0913989600E-4
2,2845515944E+4	2,0988991300E-4
2,2846067373E+4	2,1034648600E-4
2,2846623548E+4	2,1120442700E-4
2,2847175884E+4	2,1191390400E-4
2,2847733344E+4	2,1269145500E-4
2,2848285938E+4	2,1313504500E-4
2,2848842066E+4	2,1388900600E-4
2,2849392438E+4	2,1470892000E-4
2,2849952854E+4	2,1524463600E-4
2,2850503760E+4	2,1590391100E-4
2,2851060956E+4	2,1654423000E-4
2,2851612231E+4	2,1726011800E-4
2,2852162476E+4	2,1791229000E-4
2,2852721699E+4	2,1867040100E-4
2,2853272720E+4	2,1931413300E-4
2,2853830010E+4	2,1996471400E-4
2,2854380655E+4	2,2057187200E-4
2,2854941018E+4	2,2122842500E-4
2,2855491459E+4	2,2194366700E-4
2,2856052531E+4	2,2257443900E-4
2,2856603942E+4	2,2316107300E-4
2,2857162250E+4	2,2397833500E-4
2,2857712397E+4	2,2463680200E-4
2,2858274184E+4	2,2517540100E-4
2,2858824873E+4	2,2596699700E-4
2,2859382265E+4	2,2662094400E-4
2,2859933969E+4	2,2729105700E-4
2,2860494093E+4	2,2772918200E-4
2,2861044567E+4	2,2847864600E-4
2,2861603561E+4	2,2910485200E-4
2,2862155293E+4	2,2986806000E-4
2,2862712144E+4	2,3045997500E-4
2,2863263404E+4	2,3087476300E-4
2,2863821147E+4	2,3160298800E-4
2,2864371973E+4	2,3227443800E-4
2,2864927059E+4	2,3264907800E-4
2,2865478088E+4	2,3352166200E-4
2,2866029097E+4	2,3397078600E-4
2,2866585402E+4	2,3457075000E-4
2,2867137229E+4	2,3527328500E-4
2,2867697671E+4	2,3591256700E-4
2,2868249014E+4	2,3650208300E-4
2,2868807252E+4	2,3710788100E-4
2,2869357369E+4	2,3776097500E-4
2,2869916279E+4	2,3825188500E-4
2,2870467370E+4	2,3880097700E-4
2,2871024664E+4	2,3952938700E-4
2,2871576036E+4	2,4013048000E-4
2,2872127189E+4	2,4073092700E-4
2,2872683520E+4	2,4142336300E-4
2,2873236071E+4	2,4199094900E-4
2,2873790441E+4	2,4274629300E-4
2,2874340633E+4	2,4318861500E-4
2,2874902383E+4	2,4394619700E-4
2,2875455384E+4	2,4458614600E-4
2,2876011329E+4	2,4510860300E-4
2,2876562373E+4	2,4580544300E-4
2,2877118917E+4	2,4659893000E-4
2,2877671077E+4	2,4727317000E-4
2,2878226817E+4	2,4803817700E-4
2,2878777446E+4	2,4866436000E-4
2,2879335295E+4	2,4910306100E-4
2,2879886033E+4	2,4979201500E-4
2,2880442037E+4	2,5033015300E-4
2,2880993075E+4	2,5115889800E-4
2,2881543406E+4	2,5162043000E-4
2,2882101910E+4	2,5227523100E-4
2,2882652552E+4	2,5297972700E-4
2,2883211751E+4	2,5364458200E-4
2,2883763046E+4	2,5423017800E-4
2,2884321234E+4	2,5506106800E-4
2,2884871811E+4	2,5576943900E-4
2,2885433995E+4	2,5627833600E-4
2,2885984621E+4	2,5704680200E-4
2,2886544276E+4	2,5781123200E-4
2,2887094859E+4	2,5833454200E-4
2,2887654478E+4	2,5901429400E-4
2,2888205333E+4	2,5981619800E-4
2,2888764952E+4	2,6043899000E-4
2,2889315574E+4	2,6109983300E-4
2,2889874356E+4	2,6170779800E-4
2,2890426205E+4	2,6243078900E-4
2,2890979430E+4	2,6317942200E-4
2,2891532034E+4	2,6369825900E-4
2,2892082576E+4	2,6439053300E-4
2,2892641277E+4	2,6501731500E-4
2,2893191823E+4	2,6593719600E-4
2,2893748845E+4	2,6653803500E-4
2,2894300756E+4	2,6709893400E-4
2,2894858147E+4	2,6789442600E-4
2,2895408929E+4	2,6858900600E-4
2,2895965016E+4	2,6936416000E-4
2,2896515649E+4	2,6991957000E-4
2,2897073809E+4	2,7073418000E-4
2,2897625103E+4	2,7141462400E-4
2,2898176424E+4	2,7197439200E-4
2,2898734609E+4	2,7268935800E-4
2,2899285830E+4	2,7323487500E-4
2,2899841536E+4	2,7373609400E-4
2,2900393780E+4	2,7441702200E-4
2,2900946281E+4	2,7533556500E-4
2,2901501698E+4	2,7592404400E-4
2,2902052793E+4	2,7653145500E-4
2,2902612830E+4	2,7722036300E-4
2,2903163473E+4	2,7797771300E-4
2,2903723358E+4	2,7859160500E-4
2,2904275422E+4	2,7931639400E-4
2,2904834021E+4	2,7985319500E-4
2,2905385444E+4	2,8057362500E-4
2,2905944221E+4	2,8112933600E-4
2,2906496942E+4	2,8175295900E-4
2,2907052046E+4	2,8229674700E-4
2,2907604315E+4	2,8308492900E-4
2,2908163887E+4	2,8361829300E-4
2,2908714643E+4	2,8424521400E-4
2,2909276083E+4	2,8491625000E-4
2,2909826917E+4	2,8550295300E-4
2,2910383435E+4	2,8597608400E-4
2,2910934305E+4	2,8682023400E-4
2,2911486914E+4	2,8748020000E-4
2,2912042554E+4	2,8809192400E-4
2,2912594476E+4	2,8874063700E-4
2,2913151048E+4	2,8963874800E-4
2,2913703075E+4	2,9002491800E-4
2,2914253852E+4	2,9067084100E-4
2,2914812473E+4	2,9135052400E-4
2,2915364142E+4	2,9210379200E-4
2,2915919842E+4	2,9269603000E-4
2,2916470584E+4	2,9344531000E-4
2,2917029258E+4	2,9404644900E-4
2,2917579858E+4	2,9478931700E-4
2,2918139508E+4	2,9557021300E-4
2,2918690494E+4	2,9615036700E-4
2,2919246389E+4	2,9691551200E-4
2,2919797551E+4	2,9730998400E-4
2,2920349072E+4	2,9822988700E-4
2,2920906994E+4	2,9905985500E-4
2,2921457516E+4	2,9969874400E-4
2,2922015614E+4	3,0046197500E-4
2,2922567119E+4	3,0125908200E-4
2,2923126931E+4	3,0168530700E-4
2,2923677778E+4	3,0254384700E-4
2,2924238467E+4	3,0313449400E-4
2,2924789333E+4	3,0382208700E-4
2,2925344461E+4	3,0441158000E-4
2,2925895227E+4	3,0507385300E-4
2,2926452439E+4	3,0580512200E-4
2,2927002917E+4	3,0651510600E-4
2,2927561547E+4	3,0697919700E-4
2,2928113281E+4	3,0767675200E-4
2,2928669333E+4	3,0823578300E-4
2,2929221481E+4	3,0886943700E-4
2,2929773207E+4	3,0939074100E-4
2,2930328089E+4	3,1003313600E-4
2,2930879766E+4	3,1071328000E-4
2,2931435788E+4	3,1145963100E-4
2,2931987269E+4	3,1204506600E-4
2,2932539270E+4	3,1260010700E-4
2,2933095364E+4	3,1332060700E-4
2,2933647677E+4	3,1405983200E-4
2,2934205229E+4	3,1463242200E-4
2,2934756171E+4	3,1526114200E-4
2,2935314704E+4	3,1595968800E-4
2,2935866447E+4	3,1660039900E-4
2,2936428550E+4	3,1738452300E-4
2,2936980289E+4	3,1804963200E-4
2,2937537834E+4	3,1874700200E-4
2,2938089801E+4	3,1936271600E-4
2,2938646853E+4	3,1991351400E-4
2,2939197310E+4	3,2054924400E-4
2,2939747397E+4	3,2115824600E-4
2,2940305896E+4	3,2178795700E-4
2,2940856968E+4	3,2226630000E-4
2,2941414633E+4	3,2300614800E-4
2,2941965507E+4	3,2379721200E-4
2,2942526381E+4	3,2450585900E-4
2,2943077068E+4	3,2499577800E-4
2,2943637468E+4	3,2573742500E-4
2,2944188117E+4	3,2641095000E-4
2,2944747180E+4	3,2697009700E-4
2,2945297250E+4	3,2736516800E-4
2,2945855513E+4	3,2808555200E-4
2,2946406624E+4	3,2866773600E-4
2,2946967915E+4	3,2909260100E-4
2,2947520037E+4	3,2969468600E-4
2,2948079745E+4	3,3045307400E-4
2,2948631277E+4	3,3101132100E-4
2,2949187140E+4	3,3165955000E-4
2,2949738296E+4	3,3242727700E-4
2,2950294425E+4	3,3301794700E-4
2,2950847199E+4	3,3358412700E-4
2,2951402296E+4	3,3413972200E-4
2,2951953496E+4	3,3484018200E-4
2,2952504064E+4	3,3521710500E-4
2,2953063201E+4	3,3591120000E-4
2,2953614528E+4	3,3658534900E-4
2,2954173470E+4	3,3738891300E-4
2,2954724370E+4	3,3814743900E-4
2,2955281317E+4	3,3879889600E-4
2,2955834208E+4	3,3947595000E-4
2,2956387041E+4	3,3961184500E-4
2,2956940756E+4	3,3976711100E-4
2,2957492164E+4	3,3967987400E-4
2,2958046613E+4	3,3942586300E-4
2,2958597882E+4	3,3942051300E-4
2,2959149081E+4	3,3938073400E-4
2,2959707898E+4	3,3913859900E-4
2,2960259988E+4	3,3907416900E-4
2,2960815847E+4	3,3885576300E-4
2,2961366775E+4	3,3860394300E-4
2,2961929095E+4	3,3858441100E-4
2,2962480030E+4	3,3846961600E-4
2,2963037452E+4	3,3840329500E-4
2,2963588825E+4	3,3835929500E-4
2,2964146902E+4	3,3828663200E-4
2,2964699120E+4	3,3823227800E-4
2,2965257116E+4	3,3822051800E-4
2,2965809271E+4	3,3815205100E-4
2,2966361371E+4	3,3793678200E-4
2,2966914449E+4	3,3781880500E-4
2,2967467374E+4	3,3782784500E-4
2,2968018217E+4	3,3777517500E-4
2,2968570341E+4	3,3761024700E-4
2,2969125707E+4	3,3763480600E-4
2,2969678155E+4	3,3751150200E-4
2,2970232309E+4	3,3750852700E-4
2,2970783124E+4	3,3735536000E-4
2,2971335253E+4	3,3726367100E-4
2,2971893052E+4	3,3711862100E-4
2,2972444146E+4	3,3704937100E-4
2,2973002039E+4	3,3684701600E-4
2,2973552801E+4	3,3697428600E-4
2,2974113443E+4	3,3690074600E-4
2,2974665275E+4	3,3669735300E-4
2,2975224214E+4	3,3652366200E-4
2,2975775854E+4	3,3640794500E-4
2,2976332628E+4	3,3629785500E-4
2,2976882376E+4	3,3614987600E-4
2,2977438703E+4	3,3614657800E-4
2,2977990226E+4	3,3585553300E-4
2,2978541211E+4	3,3597717600E-4
2,2979097483E+4	3,3572314300E-4
2,2979648791E+4	3,3548432900E-4
2,2980207292E+4	3,3553312500E-4
2,2980758694E+4	3,3536326200E-4
2,2981318725E+4	3,3533314500E-4
2,2981869810E+4	3,3518938600E-4
2,2982429901E+4	3,3518749500E-4
2,2982980686E+4	3,3493915700E-4
2,2983540571E+4	3,3483245700E-4
2,2984092164E+4	3,3471484900E-4
2,2984651058E+4	3,3459696400E-4
2,2985201441E+4	3,3447790300E-4
2,2985762354E+4	3,3439008900E-4
2,2986313245E+4	3,3451599800E-4
2,2986873679E+4	3,3439479300E-4
2,2987424479E+4	3,3419751100E-4
2,2987984058E+4	3,3412530900E-4
2,2988535407E+4	3,3414405700E-4
2,2989091814E+4	3,3397739900E-4
2,2989643220E+4	3,3402425800E-4
2,2990200131E+4	3,3388425800E-4
2,2990751867E+4	3,3383689200E-4
2,2991307642E+4	3,3380806600E-4
2,2991858680E+4	3,3372774700E-4
2,2992417293E+4	3,3383624600E-4
2,2992967892E+4	3,3359747900E-4
2,2993518415E+4	3,3363504400E-4
2,2994075517E+4	3,3356461800E-4
2,2994628354E+4	3,3351321600E-4
2,2995185742E+4	3,3337247800E-4
2,2995736470E+4	3,3327979800E-4
2,2996296033E+4	3,3297053500E-4
2,2996848175E+4	3,3312167300E-4
2,2997407328E+4	3,3302103700E-4
2,2997958477E+4	3,3288145200E-4
2,2998517384E+4	3,3287411900E-4
2,2999068039E+4	3,3286717800E-4
2,2999628720E+4	3,3289086100E-4
2,3000180630E+4	3,3270457900E-4
2,3000740179E+4	3,3258934600E-4
2,3001290250E+4	3,3243389600E-4
2,3001849922E+4	3,3238320900E-4
2,3002401584E+4	3,3239734500E-4
2,3002956317E+4	3,3236501400E-4
2,3003507646E+4	3,3227143500E-4
2,3004066984E+4	3,3209924300E-4
2,3004617697E+4	3,3202367400E-4
2,3005179207E+4	3,3186640200E-4
2,3005731559E+4	3,3181859700E-4
2,3006288156E+4	3,3159491100E-4
2,3006840483E+4	3,3161114600E-4
2,3007398268E+4	3,3153204800E-4
2,3007949224E+4	3,3169688400E-4
2,3008510856E+4	3,3144375000E-4
2,3009063255E+4	3,3109429200E-4
2,3009621440E+4	3,3112625400E-4
2,3010172029E+4	3,3097320200E-4
2,3010729426E+4	3,3067784400E-4
2,3011280750E+4	3,3070512500E-4
2,3011837906E+4	3,3068397800E-4
2,3012390248E+4	3,3057963000E-4
2,3012945436E+4	3,3031595700E-4
2,3013495367E+4	3,3027659300E-4
2,3014046468E+4	3,3006591300E-4
2,3014604806E+4	3,3002094500E-4
2,3015156922E+4	3,2984614700E-4
2,3015715970E+4	3,2983178000E-4
2,3016266967E+4	3,2983719900E-4
2,3016823798E+4	3,2949309200E-4
2,3017375164E+4	3,2959930800E-4
2,3017926234E+4	3,2946426600E-4
2,3018483828E+4	3,2931169800E-4
2,3019037044E+4	3,2932348200E-4
2,3019595140E+4	3,2917229800E-4
2,3020146923E+4	3,2909172500E-4
2,3020704944E+4	3,2901737800E-4
2,3021255744E+4	3,2884465600E-4
2,3021816225E+4	3,2877524400E-4
2,3022366410E+4	3,2850080200E-4
2,3022926989E+4	3,2852204000E-4
2,3023477238E+4	3,2860865500E-4
2,3024035515E+4	3,2856011300E-4
2,3024587284E+4	3,2838960400E-4
2,3025147208E+4	3,2819688800E-4
2,3025699124E+4	3,2820712700E-4
2,3026256420E+4	3,2799275700E-4
2,3026809068E+4	3,2802783200E-4
2,3027361935E+4	3,2796411600E-4
2,3027913370E+4	3,2777785700E-4
2,3028465272E+4	3,2761696500E-4
2,3029021628E+4	3,2761908600E-4
2,3029572796E+4	3,2751432300E-4
2,3030131669E+4	3,2744832400E-4
2,3030682894E+4	3,2723031000E-4
2,3031243874E+4	3,2711018900E-4
2,3031794529E+4	3,2686648600E-4
2,3032354052E+4	3,2676211500E-4
2,3032904442E+4	3,2655913700E-4
2,3033462766E+4	3,2648555100E-4
2,3034016260E+4	3,2651393800E-4
2,3034569425E+4	3,2648919400E-4
2,3035119784E+4	3,2650676600E-4
2,3035681761E+4	3,2626301800E-4
2,3036233401E+4	3,2618804800E-4
2,3036790014E+4	3,2633847100E-4
2,3037340903E+4	3,2625983500E-4
2,3037891565E+4	3,2608485300E-4
2,3038450132E+4	3,2620575900E-4
2,3039000380E+4	3,2604747200E-4
2,3039557587E+4	3,2586257300E-4
2,3040108557E+4	3,2590807200E-4
2,3040670740E+4	3,2595250900E-4
2,3041223335E+4	3,2574634900E-4
2,3041780542E+4	3,2584311000E-4
2,3042332876E+4	3,2574314300E-4
2,3042889817E+4	3,2573827800E-4
2,3043442070E+4	3,2579417600E-4
2,3043993989E+4	3,2577771100E-4
2,3044547192E+4	3,2550264600E-4
2,3045098063E+4	3,2557196600E-4
2,3045653485E+4	3,2538789800E-4
2,3046206214E+4	3,2550151600E-4
2,3046756795E+4	3,2540141100E-4
2,3047312838E+4	3,2517970800E-4
2,3047865335E+4	3,2505163000E-4
2,3048421611E+4	3,2512867500E-4
2,3048971855E+4	3,2501058300E-4
2,3049524118E+4	3,2498012000E-4
2,3050080345E+4	3,2484849100E-4
2,3050630462E+4	3,2491624300E-4
2,3051190499E+4	3,2470639300E-4
2,3051741525E+4	3,2465001000E-4
2,3052302162E+4	3,2465563700E-4
2,3052854222E+4	3,2458200500E-4
2,3053412964E+4	3,2450971000E-4
2,3053963892E+4	3,2442494000E-4
2,3054519675E+4	3,2432285200E-4
2,3055072753E+4	3,2441843700E-4
2,3055630356E+4	3,2434499000E-4
2,3056181439E+4	3,2420270700E-4
2,3056735872E+4	3,2416029900E-4
2,3057286887E+4	3,2408053300E-4
2,3057842297E+4	3,2391770300E-4
2,3058392612E+4	3,2382970500E-4
2,3058952225E+4	3,2377265300E-4
2,3059502763E+4	3,2369916000E-4
2,3060057410E+4	3,2376050000E-4
2,3060610130E+4	3,2369002800E-4
2,3061165390E+4	3,2354730700E-4
2,3061717445E+4	3,2352304700E-4
2,3062269164E+4	3,2331873200E-4
2,3062825306E+4	3,2325522300E-4
2,3063375564E+4	3,2327657700E-4
2,3063935728E+4	3,2332428900E-4
2,3064489148E+4	3,2319535800E-4
2,3065046694E+4	3,2303591900E-4
2,3065597659E+4	3,2295543800E-4
2,3066157422E+4	3,2303748700E-4
2,3066707872E+4	3,2280702100E-4
2,3067265411E+4	3,2274950800E-4
2,3067817465E+4	3,2265590600E-4
2,3068367620E+4	3,2262346000E-4
2,3068926086E+4	3,2261714100E-4
2,3069477886E+4	3,2257189700E-4
2,3070034850E+4	3,2235143900E-4
2,3070585720E+4	3,2209452300E-4
2,3071146446E+4	3,2213386400E-4
2,3071696478E+4	3,2213718500E-4
2,3072257217E+4	3,2221446000E-4
2,3072808231E+4	3,2197246400E-4
2,3073365539E+4	3,2195200900E-4
2,3073918079E+4	3,2178784200E-4
2,3074468885E+4	3,2183354800E-4
2,3075027400E+4	3,2175682600E-4
2,3075578907E+4	3,2144246600E-4
2,3076135901E+4	3,2152329300E-4
2,3076687887E+4	3,2143072800E-4
2,3077248244E+4	3,2148201500E-4
2,3077801399E+4	3,2140663000E-4
2,3078357856E+4	3,2137651300E-4
2,3078909569E+4	3,2121456000E-4
2,3079466482E+4	3,2124126400E-4
2,3080017535E+4	3,2111636900E-4
2,3080574873E+4	3,2122519100E-4
2,3081125419E+4	3,2102345800E-4
2,3081682397E+4	3,2092035500E-4
2,3082233883E+4	3,2083295600E-4
2,3082791994E+4	3,2071758500E-4
2,3083342386E+4	3,2064143900E-4
2,3083894186E+4	3,2052083300E-4
2,3084450174E+4	3,2046814000E-4
2,3085000638E+4	3,2041865200E-4
2,3085555727E+4	3,2026331700E-4
2,3086107004E+4	3,2036632800E-4
2,3086664875E+4	3,2001027500E-4
2,3087215860E+4	3,1986909900E-4
2,3087773377E+4	3,1995446900E-4
2,3088325533E+4	3,1992315300E-4
2,3088879196E+4	3,1983573100E-4
2,3089431318E+4	3,1979223900E-4
2,3089982175E+4	3,1974023800E-4
2,3090538785E+4	3,1971201200E-4
2,3091089559E+4	3,1953880500E-4
2,3091650065E+4	3,1953947400E-4
2,3092202333E+4	3,1945228200E-4
2,3092759890E+4	3,1951272400E-4
2,3093311579E+4	3,1934572000E-4
2,3093870120E+4	3,1943680900E-4
2,3094421170E+4	3,1939204800E-4
2,3094979618E+4	3,1944091300E-4
2,3095531769E+4	3,1930241200E-4
2,3096090541E+4	3,1929088200E-4
2,3096640953E+4	3,1932256700E-4
2,3097204399E+4	3,1913833800E-4
2,3097755418E+4	3,1903009200E-4
2,3098313599E+4	3,1931698700E-4
2,3098865125E+4	3,1880350000E-4
2,3099420717E+4	3,1884826000E-4
2,3099971420E+4	3,1878971000E-4
2,3100522905E+4	3,1874273600E-4
2,3101080703E+4	3,1866968100E-4
2,3101632207E+4	3,1866018000E-4
2,3102189720E+4	3,1852294700E-4
2,3102740868E+4	3,1851005600E-4
2,3103300756E+4	3,1853088000E-4
2,3103852264E+4	3,1847726400E-4
2,3104411570E+4	3,1832919300E-4
2,3104962677E+4	3,1821190800E-4
2,3105521368E+4	3,1809266300E-4
2,3106073217E+4	3,1823517600E-4
2,3106628924E+4	3,1846335900E-4
2,3107180014E+4	3,1814256500E-4
2,3107739736E+4	3,1802654800E-4
2,3108292025E+4	3,1790273700E-4
2,3108849456E+4	3,1786452600E-4
2,3109400682E+4	3,1790559600E-4
2,3109952401E+4	3,1774604100E-4
2,3110509331E+4	3,1774908500E-4
2,3111061843E+4	3,1766657500E-4
2,3111618861E+4	3,1771145100E-4
2,3112170683E+4	3,1774878500E-4
2,3112730207E+4	3,1756660800E-4
2,3113280592E+4	3,1751260100E-4
2,3113841819E+4	3,1755028100E-4
2,3114392443E+4	3,1765552900E-4
2,3114950777E+4	3,1724510000E-4
2,3115502446E+4	3,1727357900E-4
2,3116054538E+4	3,1710005000E-4
2,3116609996E+4	3,1697446200E-4
2,3117162012E+4	3,1690062300E-4
2,3117719679E+4	3,1675847800E-4
2,3118271029E+4	3,1666526800E-4
2,3118831959E+4	3,1673350400E-4
2,3119382748E+4	3,1636068600E-4
2,3119942100E+4	3,1622645100E-4
2,3120492432E+4	3,1628786100E-4
2,3121051395E+4	3,1608836600E-4
2,3121601982E+4	3,1606781900E-4
2,3122162784E+4	3,1581025700E-4
2,3122713465E+4	3,1570291100E-4
2,3123273873E+4	3,1570533200E-4
2,3123825096E+4	3,1543464900E-4
2,3124383310E+4	3,1544629400E-4
2,3124934682E+4	3,1530742400E-4
2,3125493298E+4	3,1509865800E-4
2,3126045020E+4	3,1504176800E-4
2,3126595440E+4	3,1500745400E-4
2,3127154137E+4	3,1480424600E-4
2,3127706513E+4	3,1471387200E-4
2,3128262193E+4	3,1457147400E-4
2,3128813294E+4	3,1451456100E-4
2,3129370637E+4	3,1423117100E-4
2,3129922216E+4	3,1405854100E-4
2,3130480852E+4	3,1408257000E-4
2,3131032284E+4	3,1378066300E-4
2,3131590196E+4	3,1380374600E-4
2,3132140377E+4	3,1372630900E-4
2,3132692456E+4	3,1366591400E-4
2,3133247389E+4	3,1346312000E-4
2,3133798478E+4	3,1343879200E-4
2,3134357374E+4	3,1341665400E-4
2,3134908697E+4	3,1347172200E-4
2,3135471385E+4	3,1348714900E-4
2,3136022531E+4	3,1324321600E-4
2,3136579696E+4	3,1298440900E-4
2,3137132360E+4	3,1291110000E-4
2,3137689674E+4	3,1288275900E-4
2,3138242338E+4	3,1279937200E-4
2,3138801215E+4	3,1277197600E-4
2,3139351234E+4	3,1279743500E-4
2,3139912989E+4	3,1260052200E-4
2,3140463297E+4	3,1263965600E-4
2,3141019648E+4	3,1264436000E-4
2,3141571326E+4	3,1263193000E-4
2,3142121536E+4	3,1250223900E-4
2,3142679092E+4	3,1239046500E-4
2,3143230114E+4	3,1260624100E-4
2,3143787959E+4	3,1234844900E-4
2,3144338909E+4	3,1228948300E-4
2,3144899646E+4	3,1227511600E-4
2,3145452440E+4	3,1215850000E-4
2,3146010134E+4	3,1217411200E-4
2,3146563226E+4	3,1214535500E-4
2,3147121195E+4	3,1219795600E-4
2,3147673332E+4	3,1215617100E-4
2,3148228029E+4	3,1202666300E-4
2,3148779321E+4	3,1194341500E-4
2,3149335124E+4	3,1205851000E-4
2,3149885723E+4	3,1197397000E-4
2,3150445051E+4	3,1214780000E-4
2,3150996409E+4	3,1189505800E-4
2,3151552430E+4	3,1195792000E-4
2,3152105439E+4	3,1192063200E-4
2,3152660387E+4	3,1199207300E-4
2,3153212159E+4	3,1187893800E-4
2,3153762890E+4	3,1176331300E-4
2,3154322880E+4	3,1172298100E-4
2,3154874264E+4	3,1162285200E-4
2,3155428824E+4	3,1148446700E-4
2,3155981059E+4	3,1162059200E-4
2,3156532326E+4	3,1136704300E-4
2,3157088394E+4	3,1121293000E-4
2,3157639207E+4	3,1126804500E-4
2,3158199182E+4	3,1100584800E-4
2,3158749729E+4	3,1095133300E-4
2,3159310141E+4	3,1097992800E-4
2,3159861991E+4	3,1107800400E-4
2,3160419532E+4	3,1090039200E-4
2,3160972353E+4	3,1079756600E-4
2,3161529806E+4	3,1082131800E-4
2,3162080928E+4	3,1058437200E-4
2,3162640859E+4	3,1051048700E-4
2,3163191809E+4	3,1072833800E-4
2,3163752090E+4	3,1033891700E-4
2,3164302623E+4	3,1028391800E-4
2,3164858951E+4	3,1028387200E-4
2,3165411309E+4	3,1030644800E-4
2,3165967058E+4	3,1018667200E-4
2,3166519318E+4	3,1013633100E-4
2,3167074241E+4	3,1008059400E-4
2,3167625100E+4	3,1001503300E-4
2,3168183371E+4	3,0980702800E-4
2,3168735276E+4	3,0989518800E-4
2,3169287183E+4	3,0978768100E-4
2,3169841852E+4	3,0961816300E-4
2,3170393329E+4	3,0960557200E-4
2,3170950428E+4	3,0939150200E-4
2,3171503228E+4	3,0928205800E-4
2,3172059393E+4	3,0921728100E-4
2,3172610977E+4	3,0926395500E-4
2,3173167374E+4	3,0906978600E-4
2,3173717564E+4	3,0874786300E-4
2,3174277500E+4	3,0853579900E-4
2,3174828439E+4	3,0857359500E-4
2,3175379267E+4	3,0858081300E-4
2,3175936911E+4	3,0845614800E-4
2,3176487493E+4	3,0838666700E-4
2,3177046559E+4	3,0832309000E-4
2,3177598421E+4	3,0818431200E-4
2,3178160379E+4	3,0783882100E-4
2,3178711456E+4	3,0786926100E-4
2,3179268538E+4	3,0774657900E-4
2,3179820143E+4	3,0766084000E-4
2,3180380754E+4	3,0760095300E-4
2,3180932393E+4	3,0734698800E-4
2,3181487924E+4	3,0741919000E-4
2,3182038602E+4	3,0725280900E-4
2,3182589603E+4	3,0729703900E-4
2,3183141373E+4	3,0722303800E-4
2,3183699440E+4	3,0723955000E-4
2,3184250578E+4	3,0711947400E-4
2,3184808150E+4	3,0705532000E-4
2,3185360289E+4	3,0700029800E-4
2,3185914904E+4	3,0685082000E-4
2,3186465805E+4	3,0670247200E-4
2,3187016969E+4	3,0669179500E-4
2,3187573478E+4	3,0656429400E-4
2,3188124319E+4	3,0656189600E-4
2,3188682531E+4	3,0624684400E-4
2,3189233478E+4	3,0632282800E-4
2,3189791631E+4	3,0633551200E-4
2,3190342818E+4	3,0615481000E-4
2,3190898979E+4	3,0618149100E-4
2,3191449755E+4	3,0601716200E-4
2,3192003417E+4	3,0564503600E-4
2,3192554114E+4	3,0561194500E-4
2,3193104471E+4	3,0542840700E-4
2,3193661776E+4	3,0548635800E-4
2,3194214123E+4	3,0530505600E-4
2,3194769806E+4	3,0516247400E-4
2,3195321969E+4	3,0520359100E-4
2,3195872665E+4	3,0500040500E-4
2,3196430964E+4	3,0493009400E-4
2,3196982003E+4	3,0470703000E-4
2,3197539665E+4	3,0474007600E-4
2,3198091126E+4	3,0483667600E-4
2,3198653279E+4	3,0464063900E-4
2,3199204323E+4	3,0456068900E-4
2,3199762268E+4	3,0446265900E-4
2,3200312954E+4	3,0440233300E-4
2,3200871600E+4	3,0454403900E-4
2,3201422356E+4	3,0446086000E-4
2,3201982421E+4	3,0433315200E-4
2,3202533575E+4	3,0420738000E-4
2,3203092621E+4	3,0433478900E-4
2,3203644335E+4	3,0422504400E-4
2,3204204016E+4	3,0417352700E-4
2,3204754422E+4	3,0413040400E-4
2,3205314179E+4	3,0397673000E-4
2,3205865328E+4	3,0392590500E-4
2,3206421191E+4	3,0384867500E-4
2,3206971982E+4	3,0383364000E-4
2,3207527223E+4	3,0388451100E-4
2,3208078682E+4	3,0378489000E-4
2,3208635237E+4	3,0382342400E-4
2,3209186714E+4	3,0389754000E-4
2,3209737367E+4	3,0366013300E-4
2,3210289102E+4	3,0373768500E-4
2,3210848595E+4	3,0362510400E-4
2,3211400340E+4	3,0353106400E-4
2,3211957855E+4	3,0335559700E-4
2,3212510022E+4	3,0339124900E-4
2,3213068164E+4	3,0344424100E-4
2,3213618923E+4	3,0317925400E-4
2,3214177887E+4	3,0318243600E-4
2,3214729392E+4	3,0290329000E-4
2,3215288459E+4	3,0290732600E-4
2,3215838365E+4	3,0282018000E-4
2,3216397167E+4	3,0281483000E-4
2,3216948351E+4	3,0279384500E-4
2,3217504786E+4	3,0263297600E-4
2,3218055701E+4	3,0246013800E-4
2,3218613774E+4	3,0241295600E-4
2,3219164693E+4	3,0253204000E-4
2,3219720961E+4	3,0217707100E-4
2,3220273556E+4	3,0210957300E-4
2,3220827919E+4	3,0221479800E-4
2,3221378487E+4	3,0194803500E-4
2,3221933364E+4	3,0200787700E-4
2,3222484547E+4	3,0189211300E-4
2,3223042465E+4	3,0187182000E-4
2,3223593608E+4	3,0202344200E-4
2,3224145684E+4	3,0185950600E-4
2,3224701975E+4	3,0179793500E-4
2,3225252700E+4	3,0155492400E-4
2,3225808597E+4	3,0146259000E-4
2,3226360333E+4	3,0128571600E-4
2,3226916226E+4	3,0131117500E-4
2,3227468564E+4	3,0141524700E-4
2,3228027709E+4	3,0120788700E-4
2,3228578873E+4	3,0121000900E-4
2,3229137097E+4	3,0112544600E-4
2,3229687988E+4	3,0114640800E-4
2,3230245010E+4	3,0106154600E-4
2,3230795381E+4	3,0105029200E-4
2,3231356088E+4	3,0107420600E-4
2,3231907983E+4	3,0114520900E-4
2,3232463019E+4	3,0091967800E-4
2,3233014910E+4	3,0097596900E-4
2,3233571223E+4	3,0103786300E-4
2,3234123030E+4	3,0098274800E-4
2,3234678973E+4	3,0071607800E-4
2,3235230731E+4	3,0078156900E-4
2,3235786523E+4	3,0076992400E-4
2,3236337337E+4	3,0089961600E-4
2,3236889107E+4	3,0087939200E-4
2,3237445190E+4	3,0076890900E-4
2,3237995684E+4	3,0065898000E-4
2,3238557030E+4	3,0065044800E-4
2,3239108153E+4	3,0050438300E-4
2,3239665548E+4	3,0043052000E-4
2,3240217197E+4	3,0026026500E-4
2,3240777432E+4	3,0016518700E-4
2,3241327844E+4	3,0000390300E-4
2,3241884101E+4	3,0004174500E-4
2,3242434519E+4	2,9985382500E-4
2,3242992539E+4	2,9966701300E-4
2,3243543824E+4	2,9964858800E-4
2,3244099972E+4	2,9944634800E-4
2,3244651093E+4	2,9928135000E-4
2,3245208207E+4	2,9921304500E-4
2,3245758625E+4	2,9911801300E-4
2,3246310379E+4	2,9893786500E-4
2,3246867370E+4	2,9890901700E-4
2,3247420374E+4	2,9861492700E-4
2,3247974769E+4	2,9852718200E-4
2,3248526911E+4	2,9861227500E-4
2,3249083675E+4	2,9831920000E-4
2,3249635809E+4	2,9812632300E-4
2,3250191983E+4	2,9816697800E-4
2,3250743105E+4	2,9795438400E-4
2,3251299867E+4	2,9782176400E-4
2,3251850922E+4	2,9767770500E-4
2,3252407993E+4	2,9743012800E-4
2,3252959058E+4	2,9736053200E-4
2,3253519051E+4	2,9743552400E-4
2,3254069382E+4	2,9739475400E-4
2,3254628091E+4	2,9754752900E-4
2,3255180127E+4	2,9744168200E-4
2,3255737332E+4	2,9739159400E-4
2,3256287616E+4	2,9717577200E-4
2,3256847041E+4	2,9722941000E-4
2,3257397744E+4	2,9715540900E-4
2,3257958015E+4	2,9690734800E-4
2,3258508888E+4	2,9695888900E-4
2,3259068218E+4	2,9697150300E-4
2,3259618402E+4	2,9699225700E-4
2,3260179285E+4	2,9690873200E-4
2,3260732037E+4	2,9663066900E-4
2,3261291187E+4	2,9669549200E-4
2,3261842084E+4	2,9649941000E-4
2,3262398117E+4	2,9645605600E-4
2,3262948834E+4	2,9643629300E-4
2,3263505364E+4	2,9658904500E-4
2,3264056737E+4	2,9648495100E-4
2,3264616522E+4	2,9635864900E-4
2,3265168099E+4	2,9617391200E-4
2,3265726389E+4	2,9602079000E-4
2,3266277287E+4	2,9587255800E-4
2,3266833225E+4	2,9605376700E-4
2,3267384545E+4	2,9593890300E-4
2,3267941602E+4	2,9590786300E-4
2,3268492377E+4	2,9562304400E-4
2,3269048169E+4	2,9545311200E-4
2,3269599288E+4	2,9546277400E-4
2,3270150784E+4	2,9560528800E-4
2,3270707663E+4	2,9546086000E-4
2,3271258636E+4	2,9526429300E-4
2,3271816840E+4	2,9525924300E-4
2,3272368769E+4	2,9497504600E-4
2,3272928049E+4	2,9494193100E-4
2,3273478875E+4	2,9478233000E-4
2,3274038376E+4	2,9467004900E-4
2,3274590360E+4	2,9444451800E-4
2,3275146881E+4	2,9423040200E-4
2,3275699067E+4	2,9401195100E-4
2,3276249934E+4	2,9380050900E-4
2,3276807499E+4	2,9365548200E-4
2,3277359784E+4	2,9354306300E-4
2,3277918198E+4	2,9340668400E-4
2,3278471074E+4	2,9329064300E-4
2,3279027034E+4	2,9317084500E-4
2,3279577398E+4	2,9319572700E-4
2,3280133450E+4	2,9288999200E-4
2,3280686393E+4	2,9296016400E-4
2,3281241381E+4	2,9284546200E-4
2,3281793346E+4	2,9281868900E-4
2,3282345404E+4	2,9266808100E-4
2,3282900250E+4	2,9247555000E-4
2,3283452072E+4	2,9238344600E-4
2,3284008524E+4	2,9235157700E-4
2,3284560439E+4	2,9212101900E-4
2,3285111106E+4	2,9204166800E-4
2,3285667268E+4	2,9173782400E-4
2,3286218672E+4	2,9157596200E-4
2,3286774526E+4	2,9154799000E-4
2,3287326482E+4	2,9140462300E-4
2,3287877897E+4	2,9124075600E-4
2,3288433700E+4	2,9113786000E-4
2,3288985442E+4	2,9109466800E-4
2,3289543622E+4	2,9100468600E-4
2,3290095539E+4	2,9107135400E-4
2,3290654499E+4	2,9115308000E-4
2,3291205580E+4	2,9094491400E-4
2,3291765923E+4	2,9100355600E-4
2,3292318190E+4	2,9090409700E-4
2,3292873577E+4	2,9094011700E-4
2,3293425438E+4	2,9079818000E-4
2,3293981948E+4	2,9080793500E-4
2,3294532423E+4	2,9078685800E-4
2,3295088355E+4	2,9072989800E-4
2,3295638549E+4	2,9088883100E-4
2,3296197328E+4	2,9069593000E-4
2,3296750165E+4	2,9074670900E-4
2,3297301398E+4	2,9054799800E-4
2,3297857363E+4	2,9050937200E-4
2,3298409507E+4	2,9049313700E-4
2,3298965261E+4	2,9060544100E-4
2,3299517233E+4	2,9050805700E-4
2,3300076954E+4	2,9049426700E-4
2,3300627355E+4	2,9058318800E-4
2,3301188942E+4	2,9056494700E-4
2,3301740035E+4	2,9041302500E-4
2,3302300168E+4	2,9068532300E-4
2,3302850973E+4	2,9053524500E-4
2,3303407080E+4	2,9038339200E-4
2,3303959341E+4	2,9045275800E-4
2,3304518958E+4	2,9033978500E-4
2,3305071184E+4	2,9024378500E-4
2,3305627277E+4	2,9029504800E-4
2,3306177500E+4	2,9036155400E-4
2,3306738201E+4	2,9022902600E-4
2,3307289046E+4	2,9023594400E-4
2,3307849939E+4	2,9026640700E-4
2,3308401610E+4	2,9035703400E-4
2,3308960033E+4	2,9041341700E-4
2,3309510872E+4	2,9048172200E-4
2,3310070416E+4	2,9034241400E-4
2,3310621257E+4	2,9022448300E-4
2,3311181101E+4	2,9014411700E-4
2,3311732215E+4	2,9018382700E-4
2,3312292112E+4	2,9015313400E-4
2,3312843132E+4	2,9023933400E-4
2,3313402076E+4	2,9030996800E-4
2,3313953438E+4	2,9036330700E-4
2,3314509607E+4	2,9032576400E-4
2,3315060701E+4	2,9033794000E-4
2,3315616889E+4	2,9030145900E-4
2,3316168021E+4	2,9009070900E-4
2,3316724546E+4	2,9019485000E-4
2,3317277253E+4	2,9022969500E-4
2,3317828885E+4	2,9019768700E-4
2,3318385296E+4	2,9012958900E-4
2,3318935294E+4	2,9016787000E-4
2,3319491884E+4	2,9025174000E-4
2,3320042603E+4	2,9007060100E-4
2,3320594659E+4	2,9011100300E-4
2,3321150436E+4	2,9017753200E-4
2,3321703308E+4	2,9013948200E-4
2,3322260482E+4	2,9017308100E-4
2,3322812718E+4	2,9014031200E-4
2,3323372970E+4	2,8992204600E-4
2,3323926335E+4	2,9004521100E-4
2,3324482347E+4	2,8987825400E-4
2,3325032444E+4	2,8974996900E-4
2,3325591615E+4	2,8982263200E-4
2,3326142701E+4	2,8987311100E-4
2,3326704059E+4	2,8979768100E-4
2,3327254407E+4	2,8978824900E-4
2,3327813357E+4	2,8973719300E-4
2,3328363503E+4	2,8963478200E-4
2,3328919835E+4	2,8955859000E-4
2,3329470291E+4	2,8975944600E-4
2,3330021508E+4	2,8941450900E-4
2,3330578644E+4	2,8936329100E-4
2,3331130775E+4	2,8917099000E-4
2,3331687583E+4	2,8927176500E-4
2,3332238768E+4	2,8906352900E-4
2,3332796353E+4	2,8905711800E-4
2,3333348089E+4	2,8917615600E-4
2,3333904475E+4	2,8897841300E-4
2,3334454255E+4	2,8903278900E-4
2,3335010368E+4	2,8883354700E-4
2,3335562364E+4	2,8866868800E-4
2,3336113577E+4	2,8879962500E-4
2,3336670032E+4	2,8874017600E-4
2,3337222242E+4	2,8857937500E-4
2,3337776484E+4	2,8855998100E-4
2,3338326442E+4	2,8846976900E-4
2,3338879022E+4	2,8846119100E-4
2,3339435248E+4	2,8850076200E-4
2,3339987223E+4	2,8817000700E-4
2,3340543919E+4	2,8793702700E-4
2,3341095482E+4	2,8792540500E-4
2,3341645576E+4	2,8793326800E-4
2,3342205363E+4	2,8780018600E-4
2,3342757082E+4	2,8743735400E-4
2,3343313051E+4	2,8748615000E-4
2,3343865488E+4	2,8739637500E-4
2,3344424106E+4	2,8736824200E-4
2,3344976028E+4	2,8721828000E-4
2,3345531194E+4	2,8728926000E-4
2,3346081994E+4	2,8709287700E-4
2,3346638046E+4	2,8702145900E-4
2,3347187601E+4	2,8702819300E-4
2,3347739263E+4	2,8697868200E-4
2,3348297733E+4	2,8695264700E-4
2,3348848759E+4	2,8671023500E-4
2,3349407616E+4	2,8653707500E-4
2,3349958504E+4	2,8652093200E-4
2,3350520077E+4	2,8650841100E-4
2,3351070588E+4	2,8629980600E-4
2,3351629721E+4	2,8641748300E-4
2,3352181914E+4	2,8609821200E-4
2,3352736536E+4	2,8621399800E-4
2,3353287361E+4	2,8615964500E-4
2,3353838100E+4	2,8602677100E-4
2,3354399833E+4	2,8600426400E-4
2,3354950151E+4	2,8597970400E-4
2,3355506000E+4	2,8583915100E-4
2,3356056377E+4	2,8587245000E-4
2,3356608438E+4	2,8578339100E-4
2,3357166921E+4	2,8572594700E-4
2,3357719018E+4	2,8559185100E-4
2,3358272205E+4	2,8573168900E-4
2,3358823740E+4	2,8571003600E-4
2,3359374819E+4	2,8542708400E-4
2,3359932721E+4	2,8542443200E-4
2,3360482416E+4	2,8534826400E-4
2,3361033332E+4	2,8524606000E-4
2,3361592539E+4	2,8525551500E-4
2,3362144419E+4	2,8506418200E-4
2,3362700619E+4	2,8486916000E-4
2,3363251535E+4	2,8472895300E-4
2,3363802481E+4	2,8466297700E-4
2,3364359513E+4	2,8468204800E-4
2,3364911483E+4	2,8463304400E-4
2,3365467936E+4	2,8461051400E-4
2,3366020125E+4	2,8446643300E-4
2,3366575648E+4	2,8440972700E-4
2,3367126368E+4	2,8427892900E-4
2,3367687948E+4	2,8415181900E-4
2,3368238427E+4	2,8401096600E-4
2,3368794235E+4	2,8401991400E-4
2,3369346439E+4	2,8398301700E-4
2,3369896525E+4	2,8379643500E-4
2,3370456163E+4	2,8373009000E-4
2,3371006902E+4	2,8363782600E-4
2,3371567170E+4	2,8354925100E-4
2,3372117223E+4	2,8357397100E-4
2,3372685177E+4	2,8342458600E-4
2,3373243136E+4	2,8328910600E-4
2,3373793223E+4	2,8308873400E-4
2,3374344670E+4	2,8303147500E-4
2,3374895385E+4	2,8299294100E-4
2,3375447054E+4	2,8281067100E-4
2,3376005107E+4	2,8256726800E-4
2,3376556177E+4	2,8247475000E-4
2,3377116176E+4	2,8245994500E-4
2,3377666448E+4	2,8244011300E-4
2,3378226303E+4	2,8234245200E-4
2,3378776463E+4	2,8224396100E-4
2,3379336265E+4	2,8222101600E-4
2,3379887699E+4	2,8221571200E-4
2,3380438526E+4	2,8201967600E-4
2,3380994663E+4	2,8170081900E-4
2,3381547414E+4	2,8176691000E-4
2,3382105113E+4	2,8169726800E-4
2,3382655690E+4	2,8163733400E-4
2,3383213473E+4	2,8164100000E-4
2,3383765350E+4	2,8153402300E-4
2,3384319631E+4	2,8135807200E-4
2,3384870514E+4	2,8132954600E-4
2,3385427691E+4	2,8139388500E-4
2,3385978234E+4	2,8115290300E-4
2,3386529423E+4	2,8110101700E-4
2,3387087489E+4	2,8098384700E-4
2,3387639520E+4	2,8094111600E-4
2,3388197465E+4	2,8094206200E-4
2,3388748291E+4	2,8089375000E-4
2,3389307787E+4	2,8069854400E-4
2,3389859312E+4	2,8067578300E-4
2,3390418096E+4	2,8066185500E-4
2,3390969120E+4	2,8056184100E-4
2,3391527173E+4	2,8063646500E-4
2,3392078099E+4	2,8052406800E-4
2,3392629255E+4	2,8028225700E-4
2,3393188430E+4	2,8012565400E-4
2,3393739987E+4	2,8011864300E-4
2,3394296926E+4	2,8000546300E-4
2,3394849287E+4	2,7985390900E-4
2,3395405212E+4	2,7971250300E-4
2,3395956673E+4	2,7965761900E-4
2,3396513744E+4	2,7947906200E-4
2,3397066216E+4	2,7945713200E-4
2,3397620213E+4	2,7927919700E-4
2,3398170212E+4	2,7921220700E-4
2,3398722174E+4	2,7916511800E-4
2,3399280096E+4	2,7879571300E-4
2,3399831436E+4	2,7894606700E-4
2,3400389042E+4	2,7856340200E-4
2,3400941068E+4	2,7871643100E-4
2,3401501116E+4	2,7852099400E-4
2,3402052725E+4	2,7844570100E-4
2,3402611354E+4	2,7837864200E-4
2,3403162023E+4	2,7823377600E-4
2,3403719943E+4	2,7834831700E-4
2,3404271369E+4	2,7821415200E-4
2,3404821565E+4	2,7804666400E-4
2,3405379673E+4	2,7797759800E-4
2,3405931281E+4	2,7786328700E-4
2,3406489028E+4	2,7771992100E-4
2,3407039786E+4	2,7771477800E-4
2,3407600991E+4	2,7748643400E-4
2,3408151913E+4	2,7750905600E-4
2,3408710804E+4	2,7767832000E-4
2,3409263184E+4	2,7768613700E-4
2,3409819955E+4	2,7761243600E-4
2,3410371365E+4	2,7743042000E-4
2,3410930065E+4	2,7730577800E-4
2,3411481481E+4	2,7718547200E-4
2,3412041392E+4	2,7724905000E-4
2,3412593951E+4	2,7718328100E-4
2,3413151602E+4	2,7727271000E-4
2,3413703494E+4	2,7713093400E-4
2,3414262505E+4	2,7719748700E-4
2,3414813445E+4	2,7705681800E-4
2,3415372062E+4	2,7699326400E-4
2,3415923102E+4	2,7697871200E-4
2,3416474175E+4	2,7676983100E-4
2,3417029996E+4	2,7686244200E-4
2,3417582507E+4	2,7672336400E-4
2,3418137807E+4	2,7667272400E-4
2,3418688541E+4	2,7656131900E-4
2,3419250221E+4	2,7641619900E-4
2,3419800623E+4	2,7638527500E-4
2,3420361149E+4	2,7604153700E-4
2,3420912410E+4	2,7591959300E-4
2,3421468657E+4	2,7591539600E-4
2,3422019893E+4	2,7591498100E-4
2,3422579201E+4	2,7573273500E-4
2,3423129733E+4	2,7585352500E-4
2,3423690741E+4	2,7577239800E-4
2,3424242815E+4	2,7566715100E-4
2,3424799246E+4	2,7548116800E-4
2,3425349844E+4	2,7545976800E-4
2,3425902142E+4	2,7532403500E-4
2,3426460255E+4	2,7520515800E-4
2,3427010676E+4	2,7523958700E-4
2,3427569531E+4	2,7513256400E-4
2,3428119603E+4	2,7508946400E-4
2,3428679460E+4	2,7489914600E-4
2,3429231861E+4	2,7473461000E-4
2,3429790421E+4	2,7475455700E-4
2,3430341003E+4	2,7468549100E-4
2,3430900374E+4	2,7469704500E-4
2,3431451704E+4	2,7459714700E-4
2,3432011913E+4	2,7439361600E-4
2,3432564321E+4	2,7417154400E-4
2,3433115518E+4	2,7416425700E-4
2,3433670530E+4	2,7404618700E-4
2,3434223299E+4	2,7400149600E-4
2,3434782149E+4	2,7399224900E-4
2,3435332880E+4	2,7388102800E-4
2,3435893792E+4	2,7372313400E-4
2,3436444185E+4	2,7388310400E-4
2,3437005991E+4	2,7380626600E-4
2,3437558054E+4	2,7370023500E-4
2,3438114017E+4	2,7348625700E-4
2,3438664804E+4	2,7349455900E-4
2,3439225665E+4	2,7354725200E-4
2,3439776563E+4	2,7330567100E-4
2,3440335288E+4	2,7343829100E-4
2,3440887002E+4	2,7310027200E-4
2,3441448411E+4	2,7306628000E-4
2,3441999114E+4	2,7324707400E-4
2,3442557143E+4	2,7313580800E-4
2,3443109172E+4	2,7303037500E-4
2,3443669036E+4	2,7283772900E-4
2,3444219379E+4	2,7279836400E-4
2,3444778326E+4	2,7280791100E-4
2,3445328858E+4	2,7277320500E-4
2,3445887215E+4	2,7261146000E-4
2,3446439311E+4	2,7251218500E-4
2,3446991150E+4	2,7238223900E-4
2,3447542142E+4	2,7226405400E-4
2,3448098444E+4	2,7226008800E-4
2,3448650133E+4	2,7232267400E-4
2,3449206476E+4	2,7221751800E-4
2,3449757690E+4	2,7206963200E-4
2,3450312641E+4	2,7200690800E-4
2,3450863616E+4	2,7210934200E-4
2,3451414771E+4	2,7186628500E-4
2,3451973827E+4	2,7172866000E-4
2,3452525036E+4	2,7158852200E-4
2,3453083189E+4	2,7153513700E-4
2,3453633808E+4	2,7157895200E-4
2,3454193808E+4	2,7137945600E-4
2,3454744367E+4	2,7131175100E-4
2,3455306096E+4	2,7133619500E-4
2,3455856770E+4	2,7130492500E-4
2,3456415120E+4	2,7107381300E-4
2,3456965704E+4	2,7091497300E-4
2,3457525711E+4	2,7096630600E-4
2,3458076630E+4	2,7087867600E-4
2,3458636734E+4	2,7073406400E-4
2,3459187985E+4	2,7061394200E-4
2,3459746650E+4	2,7059088200E-4
2,3460297483E+4	2,7054515300E-4
2,3460854791E+4	2,7041061900E-4
2,3461407785E+4	2,7032305800E-4
2,3461961453E+4	2,7026005700E-4
2,3462512655E+4	2,7016673200E-4
2,3463070268E+4	2,7022336800E-4
2,3463622060E+4	2,6998151000E-4
2,3464176761E+4	2,6993232200E-4
2,3464727363E+4	2,6984487700E-4
2,3465286450E+4	2,6989468800E-4
2,3465837957E+4	2,6959045200E-4
2,3466393425E+4	2,6941304800E-4
2,3466945724E+4	2,6935601900E-4
2,3467501036E+4	2,6929380200E-4
2,3468052783E+4	2,6926898900E-4
2,3468608353E+4	2,6920322100E-4
2,3469159801E+4	2,6916634700E-4
2,3469714674E+4	2,6895790400E-4
2,3470267121E+4	2,6902053600E-4
2,3470822111E+4	2,6881767400E-4
2,3471373690E+4	2,6896602100E-4
2,3471929985E+4	2,6870739900E-4
2,3472480334E+4	2,6863782500E-4
2,3473036387E+4	2,6863713400E-4
2,3473588057E+4	2,6851864900E-4
2,3474143398E+4	2,6858248000E-4
2,3474695209E+4	2,6847695600E-4
2,3475246260E+4	2,6841598400E-4
2,3475803606E+4	2,6817846200E-4
2,3476355643E+4	2,6810782800E-4
2,3476912534E+4	2,6800922100E-4
2,3477463277E+4	2,6788624000E-4
2,3478014757E+4	2,6796021800E-4
2,3478573864E+4	2,6795897200E-4
2,3479124396E+4	2,6788460300E-4
2,3479684955E+4	2,6789719400E-4
2,3480236387E+4	2,6797709800E-4
2,3480794993E+4	2,6776604900E-4
2,3481346359E+4	2,6764011600E-4
2,3481904014E+4	2,6776971600E-4
2,3482455202E+4	2,6776858600E-4
2,3483013214E+4	2,6764959400E-4
2,3483563927E+4	2,6736369100E-4
2,3484114387E+4	2,6739366900E-4
2,3484672359E+4	2,6715658500E-4
2,3485223819E+4	2,6719583400E-4
2,3485782356E+4	2,6715806100E-4
2,3486332552E+4	2,6701863700E-4
2,3486894206E+4	2,6707626500E-4
2,3487444261E+4	2,6719588000E-4
2,3488005291E+4	2,6691387400E-4
2,3488555456E+4	2,6683164000E-4
2,3489113375E+4	2,6677313600E-4
2,3489663448E+4	2,6664994700E-4
2,3490213444E+4	2,6647512600E-4
2,3490774184E+4	2,6653969500E-4
2,3491325535E+4	2,6655134100E-4
2,3491883030E+4	2,6637479000E-4
2,3492434300E+4	2,6628492400E-4
2,3492994392E+4	2,6639513000E-4
2,3493546297E+4	2,6619388100E-4
2,3494105000E+4	2,6621366700E-4
2,3494655735E+4	2,6631301100E-4
2,3495214927E+4	2,6613586100E-4
2,3495765536E+4	2,6596117900E-4
2,3496325791E+4	2,6610583700E-4
2,3496876839E+4	2,6583314700E-4
2,3497435965E+4	2,6600457800E-4
2,3497987053E+4	2,6583462300E-4
2,3498545584E+4	2,6570281000E-4
2,3499097508E+4	2,6558367900E-4
2,3499654173E+4	2,6557381000E-4
2,3500205046E+4	2,6550834100E-4
2,3500756988E+4	2,6567689000E-4
2,3501311330E+4	2,6541801300E-4
2,3501863045E+4	2,6540726700E-4
2,3502419474E+4	2,6540362400E-4
2,3502970064E+4	2,6533942300E-4
2,3503522313E+4	2,6546957600E-4
2,3504080149E+4	2,6518339700E-4
2,3504630704E+4	2,6517774700E-4
2,3505188773E+4	2,6526823600E-4
2,3505739747E+4	2,6511564500E-4
2,3506301723E+4	2,6513054200E-4
2,3506852754E+4	2,6526669100E-4
2,3507411938E+4	2,6522250700E-4
2,3507963213E+4	2,6504962300E-4
2,3508521921E+4	2,6504012200E-4
2,3509072450E+4	2,6503387300E-4
2,3509630150E+4	2,6474677000E-4
2,3510180723E+4	2,6476784800E-4
2,3510737845E+4	2,6444504800E-4
2,3511288570E+4	2,6479639600E-4
2,3511843174E+4	2,6475765500E-4
2,3512393476E+4	2,6452522900E-4
2,3512945033E+4	2,6460446500E-4
2,3513503415E+4	2,6443354100E-4
2,3514054464E+4	2,6426455400E-4
2,3514613780E+4	2,6423948700E-4
2,3515164324E+4	2,6415787600E-4
2,3515722253E+4	2,6408380600E-4
2,3516272435E+4	2,6391562700E-4
2,3516834379E+4	2,6374735500E-4
2,3517386441E+4	2,6386316400E-4
2,3517945096E+4	2,6372196500E-4
2,3518496199E+4	2,6377989300E-4
2,3519055780E+4	2,6371115000E-4
2,3519608089E+4	2,6369865100E-4
2,3520163500E+4	2,6356294000E-4
2,3520714809E+4	2,6334264400E-4
2,3521266251E+4	2,6329546200E-4
2,3521822596E+4	2,6320762500E-4
2,3522373678E+4	2,6303418800E-4
2,3522933134E+4	2,6300476300E-4
2,3523484917E+4	2,6296357700E-4
2,3524042103E+4	2,6302025900E-4
2,3524593715E+4	2,6289298900E-4
2,3525150969E+4	2,6270668400E-4
2,3525701635E+4	2,6262348200E-4
2,3526260202E+4	2,6278243700E-4
2,3526810358E+4	2,6271826000E-4
2,3527367563E+4	2,6245200400E-4
2,3527919536E+4	2,6254745100E-4
2,3528474258E+4	2,6250218400E-4
2,3529025230E+4	2,6230598600E-4
2,3529581395E+4	2,6231133600E-4
2,3530132334E+4	2,6215925200E-4
2,3530690584E+4	2,6208522800E-4
2,3531241444E+4	2,6194336000E-4
2,3531801823E+4	2,6189126700E-4
2,3532352273E+4	2,6197449200E-4
2,3532909301E+4	2,6179309900E-4
2,3533460122E+4	2,6179745700E-4
2,3534017496E+4	2,6194379900E-4
2,3534569620E+4	2,6173422500E-4
2,3535128966E+4	2,6159706200E-4
2,3535679830E+4	2,6149990800E-4
2,3536239107E+4	2,6141237100E-4
2,3536790380E+4	2,6149068400E-4
2,3537345704E+4	2,6150193800E-4
2,3537896930E+4	2,6139871900E-4
2,3538452419E+4	2,6145205800E-4
2,3539004116E+4	2,6149481200E-4
2,3539560516E+4	2,6118271200E-4
2,3540110274E+4	2,6106226800E-4
2,3540660739E+4	2,6110197800E-4
2,3541218484E+4	2,6110308500E-4
2,3541768914E+4	2,6102998300E-4
2,3542326548E+4	2,6114021200E-4
2,3542876711E+4	2,6108180000E-4
2,3543427593E+4	2,6110022500E-4
2,3543986843E+4	2,6096283100E-4
2,3544537535E+4	2,6079089300E-4
2,3545094674E+4	2,6069821300E-4
2,3545646272E+4	2,6054227800E-4
2,3546204898E+4	2,6072440900E-4
2,3546756342E+4	2,6074165900E-4
2,3547312382E+4	2,6053736600E-4
2,3547864914E+4	2,6054241600E-4
2,3548423096E+4	2,6043691500E-4
2,3548974563E+4	2,6036577400E-4
2,3549530868E+4	2,6050833300E-4
2,3550082214E+4	2,6032878500E-4
2,3550637639E+4	2,6035156800E-4
2,3551189652E+4	2,6032989200E-4
2,3551747924E+4	2,6028801400E-4
2,3552300046E+4	2,6016743100E-4
2,3552855440E+4	2,6015834500E-4
2,3553406812E+4	2,5999295600E-4
2,3553966563E+4	2,5998412400E-4
2,3554517475E+4	2,5992211400E-4
2,3555077145E+4	2,5992956300E-4
2,3555628080E+4	2,5988531000E-4
2,3556184521E+4	2,5966854200E-4
2,3556736147E+4	2,5969460000E-4
2,3557294400E+4	2,5954147900E-4
2,3557846405E+4	2,5955400100E-4
2,3558402302E+4	2,5933780900E-4
2,3558954276E+4	2,5936543500E-4
2,3559512079E+4	2,5924635100E-4
2,3560063176E+4	2,5913187900E-4
2,3560618791E+4	2,5910194700E-4
2,3561169484E+4	2,5900138000E-4
2,3561727380E+4	2,5876572600E-4
2,3562278505E+4	2,5877402800E-4
2,3562829699E+4	2,5859201200E-4
2,3563387056E+4	2,5862323600E-4
2,3563938251E+4	2,5862674100E-4
2,3564495495E+4	2,5858912900E-4
2,3565046991E+4	2,5866677400E-4
2,3565609050E+4	2,5854974200E-4
2,3566159436E+4	2,5822207600E-4
2,3566717652E+4	2,5816952200E-4
2,3567268393E+4	2,5809828800E-4
2,3567829845E+4	2,5809778100E-4
2,3568382202E+4	2,5799744500E-4
2,3568939483E+4	2,5804121300E-4
2,3569490651E+4	2,5786918300E-4
2,3570053156E+4	2,5782578300E-4
2,3570603860E+4	2,5784584600E-4
2,3571158696E+4	2,5773873000E-4
2,3571709384E+4	2,5776631000E-4
2,3572269025E+4	2,5745716200E-4
2,3572819843E+4	2,5758180400E-4
2,3573380194E+4	2,5748398100E-4
2,3573932060E+4	2,5750720300E-4
2,3574489249E+4	2,5729474700E-4
2,3575040388E+4	2,5747247400E-4
2,3575599470E+4	2,5747035300E-4