5,7979892437E+3	-1,7530374700E-5
5,7985403865E+3	-1,7518337100E-5
5,7990908084E+3	-1,7686978000E-5
5,7996737649E+3	-1,7694403500E-5
5,8002247716E+3	-1,7310977800E-5
5,8007794735E+3	-1,7365838500E-5
5,8013303780E+3	-1,7425518900E-5
5,8018897868E+3	-1,7109683300E-5
5,8024425883E+3	-1,7172107900E-5
5,8029987594E+3	-1,7196920900E-5
5,8035498627E+3	-1,6950381900E-5
5,8041123981E+3	-1,7051986100E-5
5,8046644372E+3	-1,6966731700E-5
5,8052206292E+3	-1,6950497200E-5
5,8057714298E+3	-1,6881292900E-5
5,8063327569E+3	-1,6655162300E-5
5,8068830107E+3	-1,6643032500E-5
5,8074403323E+3	-1,6221764700E-5
5,8079904933E+3	-1,5727810300E-5
5,8085475499E+3	-1,5212455900E-5
5,8090985763E+3	-1,4642309900E-5
5,8096582884E+3	-1,4110767100E-5
5,8102104969E+3	-1,3725957800E-5
5,8107694063E+3	-1,2947507000E-5
5,8113215174E+3	-1,2297779500E-5
5,8118802306E+3	-1,1679829200E-5
5,8124308206E+3	-1,0999431300E-5
5,8129922821E+3	-1,0386185400E-5
5,8135426489E+3	-1,0032254000E-5
5,8141010274E+3	-9,4060942400E-6
5,8146511453E+3	-8,8112274800E-6
5,8152126697E+3	-8,1887804500E-6
5,8157644193E+3	-7,5947208100E-6
5,8163217758E+3	-6,9984012500E-6
5,8168745034E+3	-6,3108315700E-6
5,8174286988E+3	-5,7552597800E-6
5,8179787258E+3	-5,0612331900E-6
5,8185292831E+3	-4,3031216800E-6
5,8190866670E+3	-3,7271414100E-6
5,8196375726E+3	-3,2299355600E-6
5,8201940717E+3	-2,6137379000E-6
5,8207463118E+3	-2,0466820200E-6
5,8213044452E+3	-1,4713705000E-6
5,8218564602E+3	-8,2339558300E-7
5,8224125694E+3	-2,4065860900E-7
5,8229627244E+3	3,0116916800E-8
5,8235213239E+3	9,6978316900E-7
5,8240720887E+3	1,4314298400E-6
5,8246245308E+3	2,0974610800E-6
5,8251796642E+3	2,8357867500E-6
5,8257321688E+3	3,2993705000E-6
5,8262883622E+3	4,1901025300E-6
5,8268398574E+3	4,6756398000E-6
5,8273977757E+3	5,3288955600E-6
5,8279497385E+3	5,9851491700E-6
5,8285041656E+3	6,6317174100E-6
5,8290558052E+3	7,2571392300E-6
5,8296106132E+3	7,8540353100E-6
5,8301606250E+3	8,6668692100E-6
5,8307116535E+3	9,1616306600E-6
5,8312695687E+3	9,5676555900E-6
5,8318207149E+3	1,0096869300E-5
5,8323759884E+3	1,0533472400E-5
5,8329266833E+3	1,1115586700E-5
5,8334854648E+3	1,1589985800E-5
5,8340386615E+3	1,2230120200E-5
5,8345926554E+3	1,2902008800E-5
5,8351427613E+3	1,3517099500E-5
5,8357058255E+3	1,4042346800E-5
5,8362581157E+3	1,4438571100E-5
5,8368168102E+3	1,5129599800E-5
5,8373677800E+3	1,5795838600E-5
5,8379266624E+3	1,6433736100E-5
5,8384772902E+3	1,6927482900E-5
5,8390378239E+3	1,7527861100E-5
5,8395895735E+3	1,7977401000E-5
5,8401486190E+3	1,8487981900E-5
5,8406999286E+3	1,9009654900E-5
5,8412599730E+3	1,9715857400E-5
5,8418119157E+3	2,0407370400E-5
5,8423707634E+3	2,0787452400E-5
5,8429227920E+3	2,1395855600E-5
5,8434782911E+3	2,2048673200E-5
5,8440288002E+3	2,2605144300E-5
5,8445877459E+3	2,3239997900E-5
5,8451375024E+3	2,3625337600E-5
5,8456975402E+3	2,4257792900E-5
5,8462494582E+3	2,4942226300E-5
5,8468055192E+3	2,5349427300E-5
5,8473563724E+3	2,6307910900E-5
5,8479075742E+3	2,6859331800E-5
5,8484625015E+3	2,7557924400E-5
5,8490138201E+3	2,8129430900E-5
5,8495724945E+3	2,8512718300E-5
5,8501226638E+3	2,9267416800E-5
5,8506840110E+3	2,9734367400E-5
5,8512353841E+3	3,0371895900E-5
5,8517941480E+3	3,0920664900E-5
5,8523447491E+3	3,1613907400E-5
5,8529052129E+3	3,2105993900E-5
5,8534565630E+3	3,2983120300E-5
5,8540122338E+3	3,3269599900E-5
5,8545633177E+3	3,3854158700E-5
5,8551186455E+3	3,4563635800E-5
5,8556685223E+3	3,4943625500E-5
5,8562298490E+3	3,5510819700E-5
5,8567805512E+3	3,6090212900E-5
5,8573366435E+3	3,6588710200E-5
5,8578888831E+3	3,7329042100E-5
5,8584408109E+3	3,7956331800E-5
5,8589954092E+3	3,8324422300E-5
5,8595454356E+3	3,9010493100E-5
5,8601017292E+3	3,9486760100E-5
5,8606544211E+3	3,9934178500E-5
5,8612136950E+3	4,0679076400E-5
5,8617646180E+3	4,1187005300E-5
5,8623224941E+3	4,1740801400E-5
5,8628728399E+3	4,2509290200E-5
5,8634300586E+3	4,2919442900E-5
5,8639830962E+3	4,3575719600E-5
5,8645355640E+3	4,4059642600E-5
5,8650889278E+3	4,4690967900E-5
5,8656397910E+3	4,5093856600E-5
5,8661974604E+3	4,5529076000E-5
5,8667482784E+3	4,6063639800E-5
5,8673077061E+3	4,6601040000E-5
5,8678591895E+3	4,7267117300E-5
5,8684158924E+3	4,7563697500E-5
5,8689666261E+3	4,8231250700E-5
5,8695242582E+3	4,8813987700E-5
5,8700760229E+3	4,9328419700E-5
5,8706277990E+3	4,9873452800E-5
5,8711817491E+3	5,0277494600E-5
5,8717326421E+3	5,0754476400E-5
5,8722888583E+3	5,1278709100E-5
5,8728400029E+3	5,1847955700E-5
5,8733908627E+3	5,2278516900E-5
5,8739492678E+3	5,2616190800E-5
5,8744996334E+3	5,3232296200E-5
5,8750545477E+3	5,3543266000E-5
5,8756045095E+3	5,3951435600E-5
5,8761647314E+3	5,4418086400E-5
5,8767158864E+3	5,5149517000E-5
5,8772744015E+3	5,5570046900E-5
5,8778257258E+3	5,6047374700E-5
5,8783825430E+3	5,6576473100E-5
5,8789340281E+3	5,7043308400E-5
5,8794852775E+3	5,7540329700E-5
5,8800396100E+3	5,8035483200E-5
5,8805927336E+3	5,8458019400E-5
5,8811488155E+3	5,8916991100E-5
5,8817006329E+3	5,9455844000E-5
5,8822587388E+3	5,9751455600E-5
5,8828096795E+3	6,0285304500E-5
5,8833657420E+3	6,0841683400E-5
5,8839171603E+3	6,1234379400E-5
5,8844726632E+3	6,1726212200E-5
5,8850239546E+3	6,2294467200E-5
5,8855759088E+3	6,3022046700E-5
5,8861300206E+3	6,3307742400E-5
5,8866825207E+3	6,3844727400E-5
5,8872366399E+3	6,4363840700E-5
5,8877893696E+3	6,4852237500E-5
5,8883466152E+3	6,5424666400E-5
5,8888990187E+3	6,5901763600E-5
5,8894569014E+3	6,6383126900E-5
5,8900094373E+3	6,7047497800E-5
5,8905668486E+3	6,7374287100E-5
5,8911194887E+3	6,8013568300E-5
5,8916784856E+3	6,8482801800E-5
5,8922297604E+3	6,9126602800E-5
5,8927897391E+3	6,9535141300E-5
5,8933410964E+3	7,0002806800E-5
5,8939005267E+3	7,0468834900E-5
5,8944510623E+3	7,0895452800E-5
5,8950104281E+3	7,1308603400E-5
5,8955607221E+3	7,2109192200E-5
5,8961167600E+3	7,2502118800E-5
5,8966673147E+3	7,2704358800E-5
5,8972247547E+3	7,3461570900E-5
5,8977765565E+3	7,3949414300E-5
5,8983359921E+3	7,4229321700E-5
5,8988866727E+3	7,5053847300E-5
5,8994421080E+3	7,5432591700E-5
5,8999935891E+3	7,5922326000E-5
5,9005446050E+3	7,6302961400E-5
5,9011017265E+3	7,6995881100E-5
5,9016532622E+3	7,7444637000E-5
5,9022086633E+3	7,7714490100E-5
5,9027597191E+3	7,8344939100E-5
5,9033196193E+3	7,8731085900E-5
5,9038702271E+3	7,9050657300E-5
5,9044272584E+3	7,9584852100E-5
5,9049793380E+3	8,0318404200E-5
5,9055361076E+3	8,0885990500E-5
5,9060876079E+3	8,1308941800E-5
5,9066396792E+3	8,1795055600E-5
5,9071958021E+3	8,2210373900E-5
5,9077468050E+3	8,2568479200E-5
5,9083045200E+3	8,3199827600E-5
5,9088557950E+3	8,3624900400E-5
5,9094142519E+3	8,3961029200E-5
5,9099646444E+3	8,4611494600E-5
5,9105216582E+3	8,5110845100E-5
5,9110744247E+3	8,5401959900E-5
5,9116304143E+3	8,6106663500E-5
5,9121811274E+3	8,6558509500E-5
5,9127325141E+3	8,6968178000E-5
5,9132882754E+3	8,7515517200E-5
5,9138397373E+3	8,8059927700E-5
5,9143925861E+3	8,8566288600E-5
5,9149436825E+3	8,8891094700E-5
5,9155028363E+3	8,9446874000E-5
5,9160534343E+3	8,9831844800E-5
5,9166143681E+3	9,0290032400E-5
5,9171649146E+3	9,0899680900E-5
5,9177196876E+3	9,1547263800E-5
5,9182713156E+3	9,1865382400E-5
5,9188215982E+3	9,2472609500E-5
5,9193786368E+3	9,2730794000E-5
5,9199298246E+3	9,3237477700E-5
5,9204866807E+3	9,3590602000E-5
5,9210375817E+3	9,4190519000E-5
5,9215955804E+3	9,4734975700E-5
5,9221467127E+3	9,5103250700E-5
5,9227062655E+3	9,5482364100E-5
5,9232568752E+3	9,6102435900E-5
5,9238149292E+3	9,6441724000E-5
5,9243661420E+3	9,6934871200E-5
5,9249230634E+3	9,7302777200E-5
5,9254738257E+3	9,7779989700E-5
5,9260344461E+3	9,8152092700E-5
5,9265858166E+3	9,8434375400E-5
5,9271419312E+3	9,8911910700E-5
5,9276927368E+3	9,9335922800E-5
5,9282425735E+3	9,9627706400E-5
5,9287998725E+3	1,0016095600E-4
5,9293530161E+3	1,0076357100E-4
5,9299076165E+3	1,0107982100E-4
5,9304578935E+3	1,0156005500E-4
5,9310098174E+3	1,0199338300E-4
5,9315656450E+3	1,0244384600E-4
5,9321168572E+3	1,0306430900E-4
5,9326726233E+3	1,0349526300E-4
5,9332227880E+3	1,0380874600E-4
5,9337838168E+3	1,0440937800E-4
5,9343347711E+3	1,0441288300E-4
5,9348923760E+3	1,0504021900E-4
5,9354427975E+3	1,0548625400E-4
5,9360005947E+3	1,0604752200E-4
5,9365527677E+3	1,0632482300E-4
5,9371048432E+3	1,0684700300E-4
5,9376597535E+3	1,0733540000E-4
5,9382117786E+3	1,0774742100E-4
5,9387687540E+3	1,0830285400E-4
5,9393197712E+3	1,0860471500E-4
5,9398807352E+3	1,0911098400E-4
5,9404315822E+3	1,0957053200E-4
5,9409902614E+3	1,0995972300E-4
5,9415405938E+3	1,1040026900E-4
5,9420981663E+3	1,1067120600E-4
5,9426495111E+3	1,1111297500E-4
5,9432076715E+3	1,1155672700E-4
5,9437583267E+3	1,1189490800E-4
5,9443165671E+3	1,1224259000E-4
5,9448682909E+3	1,1263452500E-4
5,9454275998E+3	1,1324076000E-4
5,9459779529E+3	1,1377156500E-4
5,9465392332E+3	1,1417701400E-4
5,9470895932E+3	1,1450149700E-4
5,9476491918E+3	1,1503428500E-4
5,9482005955E+3	1,1531188600E-4
5,9487586122E+3	1,1576352500E-4
5,9493099087E+3	1,1612702600E-4
5,9498647538E+3	1,1668783300E-4
5,9504165240E+3	1,1703447700E-4
5,9509755483E+3	1,1752914600E-4
5,9515255698E+3	1,1786744300E-4
5,9520816808E+3	1,1824598000E-4
5,9526335964E+3	1,1866932300E-4
5,9531895877E+3	1,1921917600E-4
5,9537409093E+3	1,1933348600E-4
5,9543010572E+3	1,1994534900E-4
5,9548517579E+3	1,2026219900E-4
5,9554088178E+3	1,2056710400E-4
5,9559624107E+3	1,2126198400E-4
5,9565164803E+3	1,2191159600E-4
5,9570695546E+3	1,2209218200E-4
5,9576284405E+3	1,2261918200E-4
5,9581787546E+3	1,2299391400E-4
5,9587356086E+3	1,2341598900E-4
5,9592864513E+3	1,2392278800E-4
5,9598428415E+3	1,2445820500E-4
5,9603943160E+3	1,2478439500E-4
5,9609552320E+3	1,2521027500E-4
5,9615055703E+3	1,2570383700E-4
5,9620606114E+3	1,2612893300E-4
5,9626139792E+3	1,2636645500E-4
5,9631687526E+3	1,2683670300E-4
5,9637201796E+3	1,2736967600E-4
5,9642795911E+3	1,2774814400E-4
5,9648297453E+3	1,2825704100E-4
5,9653874313E+3	1,2855219200E-4
5,9659387369E+3	1,2889761400E-4
5,9664947166E+3	1,2937736300E-4
5,9670447853E+3	1,2977628500E-4
5,9676006957E+3	1,3016390800E-4
5,9681524960E+3	1,3065048300E-4
5,9687083778E+3	1,3089690700E-4
5,9692597002E+3	1,3135299600E-4
5,9698156883E+3	1,3167932400E-4
5,9703670023E+3	1,3218121100E-4
5,9709257069E+3	1,3254033100E-4
5,9714768127E+3	1,3285079300E-4
5,9720386923E+3	1,3322335800E-4
5,9725905867E+3	1,3382825600E-4
5,9731484479E+3	1,3421200400E-4
5,9736996939E+3	1,3470605100E-4
5,9742596560E+3	1,3479423400E-4
5,9748108985E+3	1,3538591800E-4
5,9753714508E+3	1,3579856200E-4
5,9759235668E+3	1,3617278600E-4
5,9764807613E+3	1,3661812900E-4
5,9770327530E+3	1,3712449000E-4
5,9775883967E+3	1,3752018400E-4
5,9781393487E+3	1,3792667000E-4
5,9787010963E+3	1,3846727600E-4
5,9792518164E+3	1,3857040200E-4
5,9798128156E+3	1,3921286500E-4
5,9803643254E+3	1,3951675600E-4
5,9809228246E+3	1,3987027200E-4
5,9814730171E+3	1,4026384400E-4
5,9820338332E+3	1,4053978500E-4
5,9825845915E+3	1,4092210400E-4
5,9831435834E+3	1,4128021000E-4
5,9836938197E+3	1,4166144400E-4
5,9842558336E+3	1,4208624100E-4
5,9848057003E+3	1,4251963800E-4
5,9853657853E+3	1,4271150100E-4
5,9859157549E+3	1,4315340800E-4
5,9864761645E+3	1,4370250000E-4
5,9870284160E+3	1,4374742100E-4
5,9875866829E+3	1,4412365200E-4
5,9881394766E+3	1,4455137700E-4
5,9886966689E+3	1,4502028800E-4
5,9892478088E+3	1,4529454500E-4
5,9898048263E+3	1,4574337100E-4
5,9903570390E+3	1,4626633500E-4
5,9909115776E+3	1,4662771500E-4
5,9914631576E+3	1,4704174200E-4
5,9920235141E+3	1,4727216200E-4
5,9925737322E+3	1,4767339000E-4
5,9931327687E+3	1,4793109000E-4
5,9936831486E+3	1,4834659300E-4
5,9942396899E+3	1,4882090000E-4
5,9947907755E+3	1,4912423700E-4
5,9953497694E+3	1,4949574000E-4
5,9959010806E+3	1,4987872800E-4
5,9964596514E+3	1,5031032700E-4
5,9970098362E+3	1,5060637600E-4
5,9975718618E+3	1,5075057300E-4
5,9981230985E+3	1,5118434000E-4
5,9986848281E+3	1,5168267600E-4
5,9992343704E+3	1,5200533700E-4
5,9997951891E+3	1,5241629700E-4
6,0003459365E+3	1,5277389500E-4
6,0009047838E+3	1,5304335600E-4
6,0014566959E+3	1,5330576100E-4
6,0020166787E+3	1,5393480300E-4
6,0025683725E+3	1,5420015900E-4
6,0031284194E+3	1,5429341600E-4
6,0036794168E+3	1,5475561600E-4
6,0042333246E+3	1,5492278100E-4
6,0047838697E+3	1,5539916300E-4
6,0053425826E+3	1,5577936000E-4
6,0058927208E+3	1,5629990300E-4
6,0064536638E+3	1,5648196500E-4
6,0070044518E+3	1,5687772800E-4
6,0075597003E+3	1,5723772500E-4
6,0081101121E+3	1,5750501800E-4
6,0086617791E+3	1,5798721200E-4
6,0092190401E+3	1,5836877000E-4
6,0097715410E+3	1,5855140800E-4
6,0103257654E+3	1,5893534100E-4
6,0108774179E+3	1,5920879200E-4
6,0114355949E+3	1,5970606700E-4
6,0119862966E+3	1,6005225000E-4
6,0125472499E+3	1,6027907200E-4
6,0130997107E+3	1,6083305300E-4
6,0136586085E+3	1,6119869900E-4
6,0142096404E+3	1,6161002800E-4
6,0147690170E+3	1,6197678100E-4
6,0153220227E+3	1,6230331600E-4
6,0158815813E+3	1,6268086200E-4
6,0164325595E+3	1,6305421000E-4
6,0169918374E+3	1,6324072300E-4
6,0175435865E+3	1,6389095800E-4
6,0180984501E+3	1,6438055400E-4
6,0186504954E+3	1,6455366800E-4
6,0192058479E+3	1,6485843500E-4
6,0197577816E+3	1,6527324600E-4
6,0203172012E+3	1,6567442800E-4
6,0208687562E+3	1,6603338700E-4
6,0214246109E+3	1,6645018100E-4
6,0219764499E+3	1,6667003900E-4
6,0225331159E+3	1,6691798400E-4
6,0230851646E+3	1,6737953900E-4
6,0236443878E+3	1,6770349200E-4
6,0241964990E+3	1,6822230500E-4
6,0247501508E+3	1,6854432100E-4
6,0253017318E+3	1,6886739800E-4
6,0258579924E+3	1,6924842500E-4
6,0264089573E+3	1,6967859400E-4
6,0269685940E+3	1,6991710800E-4
6,0275204146E+3	1,7026861800E-4
6,0280747158E+3	1,7030535400E-4
6,0286257968E+3	1,7076577800E-4
6,0291847599E+3	1,7120362600E-4
6,0297375126E+3	1,7148152800E-4
6,0302949526E+3	1,7195673400E-4
6,0308463811E+3	1,7207847000E-4
6,0314041812E+3	1,7260016600E-4
6,0319546564E+3	1,7280782500E-4
6,0325118938E+3	1,7313673600E-4
6,0330644140E+3	1,7348967600E-4
6,0336215487E+3	1,7392519500E-4
6,0341717803E+3	1,7405567100E-4
6,0347299028E+3	1,7438753300E-4
6,0352808066E+3	1,7477430300E-4
6,0358390754E+3	1,7490030500E-4
6,0363908707E+3	1,7557985000E-4
6,0369505797E+3	1,7596463600E-4
6,0375011798E+3	1,7616616100E-4
6,0380562548E+3	1,7647016700E-4
6,0386086733E+3	1,7675217300E-4
6,0391647930E+3	1,7698658200E-4
6,0397156973E+3	1,7741096300E-4
6,0402758062E+3	1,7754508200E-4
6,0408269271E+3	1,7812339200E-4
6,0413861703E+3	1,7844294000E-4
6,0419383756E+3	1,7858835900E-4
6,0424966244E+3	1,7906591700E-4
6,0430475489E+3	1,7932474800E-4
6,0436091182E+3	1,7963161300E-4
6,0441601857E+3	1,8020849200E-4
6,0447161817E+3	1,8051743300E-4
6,0452672241E+3	1,8067440500E-4
6,0458261925E+3	1,8116003500E-4
6,0463771920E+3	1,8124646500E-4
6,0469382186E+3	1,8176742300E-4
6,0474892075E+3	1,8209990800E-4
6,0480441916E+3	1,8234838500E-4
6,0485952033E+3	1,8277617900E-4
6,0491512095E+3	1,8295708800E-4
6,0497022053E+3	1,8325357500E-4
6,0502611578E+3	1,8353712600E-4
6,0508121912E+3	1,8375896800E-4
6,0513688918E+3	1,8423041500E-4
6,0519208528E+3	1,8443989600E-4
6,0524718868E+3	1,8489706900E-4
6,0530276702E+3	1,8495813300E-4
6,0535790756E+3	1,8529327000E-4
6,0541380526E+3	1,8542091000E-4
6,0546890462E+3	1,8600904300E-4
6,0552490045E+3	1,8625691900E-4
6,0557999058E+3	1,8660981300E-4
6,0563598976E+3	1,8679676400E-4
6,0569109430E+3	1,8701127200E-4
6,0574679488E+3	1,8727197000E-4
6,0580189485E+3	1,8765193700E-4
6,0585699134E+3	1,8784202400E-4
6,0591269934E+3	1,8820458000E-4
6,0596780034E+3	1,8854246100E-4
6,0602380454E+3	1,8876605500E-4
6,0607890324E+3	1,8902172600E-4
6,0613490469E+3	1,8951676400E-4
6,0619003010E+3	1,8966375100E-4
6,0624583285E+3	1,8980070700E-4
6,0630093162E+3	1,9015982700E-4
6,0635703175E+3	1,9013476100E-4
6,0641218910E+3	1,9047208900E-4
6,0646812021E+3	1,9081163000E-4
6,0652322052E+3	1,9122173700E-4
6,0657933978E+3	1,9156321600E-4
6,0663443558E+3	1,9182306100E-4
6,0669023694E+3	1,9207799400E-4
6,0674533502E+3	1,9230350100E-4
6,0680123857E+3	1,9250295100E-4
6,0685623967E+3	1,9283624300E-4
6,0691233645E+3	1,9313572900E-4
6,0696733656E+3	1,9361093500E-4
6,0702368485E+3	1,9371802800E-4
6,0707873538E+3	1,9406116700E-4
6,0713463357E+3	1,9428928100E-4
6,0718974296E+3	1,9444240200E-4
6,0724573309E+3	1,9470792000E-4
6,0730073896E+3	1,9495312100E-4
6,0735643662E+3	1,9526372200E-4
6,0741163312E+3	1,9574026600E-4
6,0746714334E+3	1,9596978600E-4
6,0752230055E+3	1,9619757700E-4
6,0757839996E+3	1,9644280200E-4
6,0763347890E+3	1,9676251200E-4
6,0768908765E+3	1,9702090400E-4
6,0774418343E+3	1,9720730100E-4
6,0779976060E+3	1,9742365400E-4
6,0785481207E+3	1,9769092400E-4
6,0791102770E+3	1,9795821800E-4
6,0796611527E+3	1,9817927500E-4
6,0802160771E+3	1,9853599700E-4
6,0807665750E+3	1,9890521700E-4
6,0813247645E+3	1,9919785400E-4
6,0818754701E+3	1,9947102800E-4
6,0824347681E+3	1,9983515200E-4
6,0829857171E+3	1,9993583400E-4
6,0835431693E+3	2,0029774400E-4
6,0840957238E+3	2,0050644100E-4
6,0846515174E+3	2,0065561900E-4
6,0852027524E+3	2,0106690200E-4
6,0857611344E+3	2,0130151800E-4
6,0863114366E+3	2,0146024300E-4
6,0868710504E+3	2,0198553700E-4
6,0874220333E+3	2,0205693200E-4
6,0879741397E+3	2,0229646100E-4
6,0885290437E+3	2,0249205900E-4
6,0890799442E+3	2,0299224000E-4
6,0896369793E+3	2,0314835900E-4
6,0901889719E+3	2,0347754600E-4
6,0907438768E+3	2,0379384300E-4
6,0912960065E+3	2,0392992300E-4
6,0918539756E+3	2,0411394500E-4
6,0924038455E+3	2,0461590100E-4
6,0929618857E+3	2,0485319300E-4
6,0935119348E+3	2,0479178300E-4
6,0940629151E+3	2,0524729600E-4
6,0946201802E+3	2,0527476100E-4
6,0951712373E+3	2,0558764500E-4
6,0957273190E+3	2,0593057600E-4
6,0962781553E+3	2,0619275000E-4
6,0968352552E+3	2,0645250300E-4
6,0973859306E+3	2,0655062500E-4
6,0979445463E+3	2,0685357000E-4
6,0984953990E+3	2,0708020800E-4
6,0990530443E+3	2,0724336000E-4
6,0996040079E+3	2,0775188900E-4
6,1001600116E+3	2,0781399000E-4
6,1007109235E+3	2,0820509500E-4
6,1012710245E+3	2,0869233900E-4
6,1018219422E+3	2,0872384000E-4
6,1023790165E+3	2,0909841000E-4
6,1029299850E+3	2,0920695500E-4
6,1034859405E+3	2,0938269900E-4
6,1040369873E+3	2,0974534700E-4
6,1045980573E+3	2,1017634700E-4
6,1051478142E+3	2,1029529200E-4
6,1057038671E+3	2,1051482800E-4
6,1062557166E+3	2,1072546100E-4
6,1068117828E+3	2,1112336900E-4
6,1073644559E+3	2,1138768800E-4
6,1079211747E+3	2,1143263300E-4
6,1084722889E+3	2,1202311800E-4
6,1090267428E+3	2,1221398900E-4
6,1095789052E+3	2,1246260300E-4
6,1101339626E+3	2,1276264300E-4
6,1106847879E+3	2,1286025700E-4
6,1112441609E+3	2,1316424000E-4
6,1117949729E+3	2,1358437800E-4
6,1123534688E+3	2,1372031900E-4
6,1129044125E+3	2,1414952000E-4
6,1134596230E+3	2,1419614800E-4
6,1140098010E+3	2,1455418400E-4
6,1145709377E+3	2,1487440100E-4
6,1151226578E+3	2,1509965500E-4
6,1156834725E+3	2,1529027300E-4
6,1162355257E+3	2,1562414200E-4
6,1167945524E+3	2,1572023500E-4
6,1173460648E+3	2,1601310200E-4
6,1179040827E+3	2,1635227500E-4
6,1184547319E+3	2,1667934100E-4
6,1190108038E+3	2,1691896200E-4
6,1195615883E+3	2,1722813300E-4
6,1201187837E+3	2,1760441000E-4
6,1206697662E+3	2,1770516100E-4
6,1212287611E+3	2,1722937800E-4
6,1217796996E+3	2,1687643800E-4
6,1223367424E+3	2,1655509100E-4
6,1228877548E+3	2,1625765800E-4
6,1234435060E+3	2,1599753600E-4
6,1239944804E+3	2,1562501800E-4
6,1245548351E+3	2,1534589500E-4
6,1251055796E+3	2,1501078100E-4
6,1256635760E+3	2,1474637000E-4
6,1262147702E+3	2,1452662700E-4
6,1267715365E+3	2,1395242200E-4
6,1273235557E+3	2,1342961900E-4
6,1278843942E+3	2,1332017500E-4
6,1284346192E+3	2,1276969900E-4
6,1289897580E+3	2,1254373000E-4
6,1295408309E+3	2,1229230200E-4
6,1300982284E+3	2,1205360400E-4
6,1306494108E+3	2,1185507600E-4
6,1312076522E+3	2,1167714200E-4
6,1317602732E+3	2,1141146300E-4
6,1323154996E+3	2,1090152800E-4
6,1328675407E+3	2,1068416000E-4
6,1334232714E+3	2,1051475800E-4
6,1339744731E+3	2,1004580200E-4
6,1345327300E+3	2,0972406200E-4
6,1350825775E+3	2,0932036700E-4
6,1356434660E+3	2,0903451000E-4
6,1361936139E+3	2,0888874500E-4
6,1367496933E+3	2,0856400800E-4
6,1373008599E+3	2,0832962200E-4
6,1378617778E+3	2,0790934500E-4
6,1384142367E+3	2,0734498700E-4
6,1389690808E+3	2,0715529200E-4
6,1395214359E+3	2,0691433400E-4
6,1400728259E+3	2,0636245200E-4
6,1406311857E+3	2,0606704800E-4
6,1411835537E+3	2,0581024700E-4
6,1417362984E+3	2,0545204900E-4
6,1422866343E+3	2,0532842200E-4
6,1428459060E+3	2,0482699600E-4
6,1433978096E+3	2,0437100000E-4
6,1439553107E+3	2,0417012000E-4
6,1445054831E+3	2,0361874500E-4
6,1450630456E+3	2,0325951000E-4
6,1456144520E+3	2,0291005200E-4
6,1461653997E+3	2,0258872800E-4
6,1467220854E+3	2,0234631700E-4
6,1472744023E+3	2,0192131400E-4
6,1478294951E+3	2,0159600000E-4
6,1483804997E+3	2,0107176700E-4
6,1489378818E+3	2,0088467800E-4
6,1494909701E+3	2,0064812400E-4
6,1500466297E+3	2,0015193300E-4
6,1505967796E+3	1,9982754200E-4
6,1511547843E+3	1,9932796100E-4
6,1517075915E+3	1,9912998700E-4
6,1522588125E+3	1,9897430600E-4
6,1528125981E+3	1,9852338300E-4
6,1533634432E+3	1,9817376400E-4
6,1539238154E+3	1,9791521000E-4
6,1544747030E+3	1,9759868300E-4
6,1550348019E+3	1,9728605300E-4
6,1555870163E+3	1,9688600000E-4
6,1561467934E+3	1,9641379200E-4
6,1566985351E+3	1,9618473300E-4
6,1572558137E+3	1,9589140400E-4
6,1578068253E+3	1,9550230500E-4
6,1583636565E+3	1,9512439100E-4
6,1589144153E+3	1,9481224500E-4
6,1594648913E+3	1,9446919800E-4
6,1600221346E+3	1,9421020700E-4
6,1605738643E+3	1,9409096100E-4
6,1611296106E+3	1,9365601900E-4
6,1616814538E+3	1,9349833100E-4
6,1622378246E+3	1,9306352700E-4
6,1627893694E+3	1,9281601900E-4
6,1633470189E+3	1,9252386700E-4
6,1638978508E+3	1,9222387400E-4
6,1644555953E+3	1,9185520700E-4
6,1650057275E+3	1,9143589900E-4
6,1655556475E+3	1,9134107500E-4
6,1661145866E+3	1,9093754000E-4
6,1666657590E+3	1,9056523000E-4
6,1672255791E+3	1,9037615700E-4
6,1677756403E+3	1,8998620500E-4
6,1683361021E+3	1,8956336900E-4
6,1688883738E+3	1,8943217900E-4
6,1694469563E+3	1,8904522500E-4
6,1699979436E+3	1,8865677200E-4
6,1705551663E+3	1,8840421400E-4
6,1711069916E+3	1,8797471400E-4
6,1716622247E+3	1,8785786600E-4
6,1722126631E+3	1,8766362800E-4
6,1727721510E+3	1,8739967900E-4
6,1733236266E+3	1,8679694800E-4
6,1738793155E+3	1,8662053600E-4
6,1744302629E+3	1,8635398100E-4
6,1749866787E+3	1,8605687000E-4
6,1755396746E+3	1,8564994600E-4
6,1760938915E+3	1,8565107600E-4
6,1766458595E+3	1,8516973500E-4
6,1772015768E+3	1,8494757100E-4
6,1777525889E+3	1,8451285900E-4
6,1783096178E+3	1,8415463900E-4
6,1788596110E+3	1,8404138900E-4
6,1794197540E+3	1,8347493300E-4
6,1799706642E+3	1,8344647600E-4
6,1805285763E+3	1,8329750600E-4
6,1810797048E+3	1,8268502100E-4
6,1816367173E+3	1,8254695800E-4
6,1821878658E+3	1,8207202800E-4
6,1827425871E+3	1,8171901900E-4
6,1832943924E+3	1,8137931600E-4
6,1838492384E+3	1,8101971200E-4
6,1844004596E+3	1,8073422400E-4
6,1849505011E+3	1,8043579900E-4
6,1855074352E+3	1,8037953100E-4
6,1860595637E+3	1,7998088600E-4
6,1866147935E+3	1,7970300800E-4
6,1871665808E+3	1,7950395000E-4
6,1877235378E+3	1,7916892800E-4
6,1882764546E+3	1,7915562200E-4
6,1888337377E+3	1,7861065800E-4
6,1893846573E+3	1,7832862900E-4
6,1899415237E+3	1,7802372400E-4
6,1904936269E+3	1,7771842700E-4
6,1910446826E+3	1,7750440400E-4
6,1915955425E+3	1,7711163800E-4
6,1921516528E+3	1,7689523900E-4
6,1927016706E+3	1,7645527000E-4
6,1932644011E+3	1,7625150800E-4
6,1938161419E+3	1,7614681300E-4
6,1943710476E+3	1,7594095300E-4
6,1949244369E+3	1,7554655000E-4
6,1954760527E+3	1,7506825400E-4
6,1960305640E+3	1,7490932200E-4
6,1965808947E+3	1,7468515100E-4
6,1971414222E+3	1,7441688900E-4
6,1976936250E+3	1,7391952200E-4
6,1982523610E+3	1,7357910400E-4
6,1988034473E+3	1,7324110700E-4
6,1993626010E+3	1,7311671900E-4
6,1999131262E+3	1,7294201400E-4
6,2004740510E+3	1,7259663800E-4
6,2010251303E+3	1,7226055500E-4
6,2015816699E+3	1,7213838100E-4
6,2021326035E+3	1,7172068700E-4
6,2026898806E+3	1,7147774600E-4
6,2032407178E+3	1,7133152000E-4
6,2038009324E+3	1,7096633500E-4
6,2043524770E+3	1,7089055800E-4
6,2049068506E+3	1,7049479500E-4
6,2054576157E+3	1,7033381000E-4
6,2060137255E+3	1,7007737800E-4
6,2065637653E+3	1,6974503100E-4
6,2071246137E+3	1,6952720300E-4
6,2076745608E+3	1,6923352800E-4
6,2082325355E+3	1,6907796200E-4
6,2087846262E+3	1,6868093100E-4
6,2093434510E+3	1,6834833100E-4
6,2098938142E+3	1,6798743500E-4
6,2104545665E+3	1,6796598900E-4
6,2110056996E+3	1,6765681700E-4
6,2115615018E+3	1,6744327800E-4
6,2121143999E+3	1,6704772200E-4
6,2126696496E+3	1,6696230700E-4
6,2132196300E+3	1,6660805200E-4
6,2137802374E+3	1,6630483100E-4
6,2143307292E+3	1,6607042200E-4
6,2148883264E+3	1,6569218400E-4
6,2154413943E+3	1,6536039100E-4
6,2159960720E+3	1,6514154800E-4
6,2165465367E+3	1,6480334300E-4
6,2171024257E+3	1,6438977800E-4
6,2176547659E+3	1,6421495700E-4
6,2182098801E+3	1,6392331100E-4
6,2187618497E+3	1,6371212400E-4
6,2193144372E+3	1,6314382300E-4
6,2198678340E+3	1,6285577500E-4
6,2204186025E+3	1,6263873000E-4
6,2209791125E+3	1,6201533800E-4
6,2215297635E+3	1,6170314600E-4
6,2220902174E+3	1,6141611300E-4
6,2226416034E+3	1,6113366900E-4
6,2231996178E+3	1,6097600400E-4
6,2237506378E+3	1,6082530500E-4
6,2243064586E+3	1,6027877200E-4
6,2248583252E+3	1,6000237000E-4
6,2254146418E+3	1,5983924100E-4
6,2259671889E+3	1,5948046700E-4
6,2265262966E+3	1,5924559600E-4
6,2270794185E+3	1,5884904900E-4
6,2276322706E+3	1,5862681600E-4
6,2281846733E+3	1,5836056000E-4
6,2287408384E+3	1,5814722800E-4
6,2292918085E+3	1,5803831400E-4
6,2298503130E+3	1,5763733900E-4
6,2304007553E+3	1,5735870000E-4
6,2309605284E+3	1,5731663800E-4
6,2315121154E+3	1,5698454400E-4
6,2320654769E+3	1,5682572700E-4
6,2326174093E+3	1,5649333400E-4
6,2331782353E+3	1,5619781500E-4
6,2337291499E+3	1,5593123600E-4
6,2342867876E+3	1,5555419800E-4
6,2348384228E+3	1,5560606100E-4
6,2353937158E+3	1,5548171900E-4
6,2359440144E+3	1,5523691000E-4
6,2365011549E+3	1,5506333400E-4
6,2370543788E+3	1,5491823800E-4
6,2376067579E+3	1,5470622000E-4
6,2381572965E+3	1,5431230200E-4
6,2387074684E+3	1,5424690300E-4
6,2392668076E+3	1,5407482600E-4
6,2398187968E+3	1,5355469800E-4
6,2403742345E+3	1,5352121400E-4
6,2409258800E+3	1,5331556100E-4
6,2414827978E+3	1,5302898900E-4
6,2420348037E+3	1,5289226400E-4
6,2425928674E+3	1,5273091000E-4
6,2431438975E+3	1,5269235300E-4
6,2437026556E+3	1,5231889000E-4
6,2442537111E+3	1,5215682100E-4
6,2448146718E+3	1,5191671600E-4
6,2453648087E+3	1,5170972600E-4
6,2459265309E+3	1,5148878400E-4
6,2464782719E+3	1,5139974700E-4
6,2470366067E+3	1,5099289200E-4
6,2475887540E+3	1,5071886500E-4
6,2481488413E+3	1,5077847600E-4
6,2486997474E+3	1,5043289300E-4
6,2492594008E+3	1,5014874200E-4
6,2498115876E+3	1,4991855300E-4
6,2503685614E+3	1,4959187900E-4
6,2509208688E+3	1,4950715500E-4
6,2514798755E+3	1,4938749400E-4
6,2520324578E+3	1,4911434400E-4
6,2525884730E+3	1,4890952100E-4
6,2531399173E+3	1,4879082900E-4
6,2536940609E+3	1,4857300000E-4
6,2542446819E+3	1,4835865400E-4
6,2548046370E+3	1,4801230900E-4
6,2553558207E+3	1,4789002000E-4
6,2559135455E+3	1,4777939900E-4
6,2564653781E+3	1,4744698300E-4
6,2570210407E+3	1,4715169400E-4
6,2575722153E+3	1,4709962300E-4
6,2581316182E+3	1,4679554900E-4
6,2586822417E+3	1,4671276200E-4
6,2592406737E+3	1,4633221900E-4
6,2597919502E+3	1,4607684700E-4
6,2603501120E+3	1,4596987000E-4
6,2609016462E+3	1,4570472100E-4
6,2614586271E+3	1,4547026600E-4
6,2620095228E+3	1,4519582400E-4
6,2625655771E+3	1,4496482800E-4
6,2631163115E+3	1,4496814800E-4
6,2636758575E+3	1,4451796300E-4
6,2642279680E+3	1,4455027000E-4
6,2647872939E+3	1,4420215000E-4
6,2653388467E+3	1,4410488100E-4
6,2658937580E+3	1,4393799300E-4
6,2664454472E+3	1,4363218900E-4
6,2670024833E+3	1,4344876600E-4
6,2675528026E+3	1,4345035700E-4
6,2681115201E+3	1,4322837700E-4
6,2686638152E+3	1,4301340800E-4
6,2692246103E+3	1,4287878100E-4
6,2697763782E+3	1,4273599100E-4
6,2703345621E+3	1,4252542600E-4
6,2708855642E+3	1,4219623900E-4
6,2714456472E+3	1,4210874800E-4
6,2719968167E+3	1,4197571200E-4
6,2725544503E+3	1,4164887700E-4
6,2731047699E+3	1,4127359100E-4
6,2736605874E+3	1,4115340000E-4
6,2742127824E+3	1,4097738000E-4
6,2747725602E+3	1,4081208300E-4
6,2753252456E+3	1,4062614700E-4
6,2758806001E+3	1,4029615200E-4
6,2764314431E+3	1,4027814200E-4
6,2769907348E+3	1,3989566200E-4
6,2775422429E+3	1,3955665000E-4
6,2780997580E+3	1,3948444800E-4
6,2786506504E+3	1,3923562600E-4
6,2792093674E+3	1,3914338400E-4
6,2797597440E+3	1,3893242800E-4
6,2803108091E+3	1,3838066100E-4
6,2808668417E+3	1,3828994100E-4
6,2814176362E+3	1,3804859100E-4
6,2819766377E+3	1,3774423900E-4
6,2825285810E+3	1,3777085100E-4
6,2830877755E+3	1,3741057800E-4
6,2836397257E+3	1,3714277700E-4
6,2841984569E+3	1,3700831200E-4
6,2847497679E+3	1,3666505700E-4
6,2853063628E+3	1,3651214400E-4
6,2858578008E+3	1,3618092700E-4
6,2864101051E+3	1,3605743800E-4
6,2869629426E+3	1,3589553100E-4
6,2875144434E+3	1,3554365200E-4
6,2880650763E+3	1,3512708800E-4
6,2886262413E+3	1,3512637300E-4
6,2891771166E+3	1,3495247500E-4
6,2897328026E+3	1,3474370900E-4
6,2902852040E+3	1,3443472200E-4
6,2908354255E+3	1,3414741200E-4
6,2913923555E+3	1,3386381500E-4
6,2919456693E+3	1,3353266700E-4
6,2924997671E+3	1,3326696500E-4
6,2930506146E+3	1,3332913600E-4
6,2936103700E+3	1,3313169300E-4
6,2941607737E+3	1,3296625700E-4
6,2947200736E+3	1,3263005900E-4
6,2952718070E+3	1,3246886700E-4
6,2958287607E+3	1,3201012600E-4
6,2963798030E+3	1,3197731100E-4
6,2969311894E+3	1,3169823300E-4
6,2974876510E+3	1,3146403200E-4
6,2980394364E+3	1,3141212300E-4
6,2985958859E+3	1,3121977600E-4
6,2991468219E+3	1,3094076800E-4
6,2997047161E+3	1,3088018800E-4
6,3002562603E+3	1,3064969900E-4
6,3008146424E+3	1,3033916700E-4
6,3013665764E+3	1,3009320500E-4
6,3019218320E+3	1,2997437400E-4
6,3024729859E+3	1,2967177500E-4
6,3030330522E+3	1,2958352300E-4
6,3035838812E+3	1,2932176400E-4
6,3041430460E+3	1,2921342600E-4
6,3046936416E+3	1,2898277600E-4
6,3052490823E+3	1,2894770100E-4
6,3057996046E+3	1,2894590200E-4
6,3063568038E+3	1,2853743300E-4
6,3069091036E+3	1,2835945300E-4
6,3074675863E+3	1,2814681200E-4
6,3080189293E+3	1,2786245400E-4
6,3085752243E+3	1,2781550300E-4
6,3091265159E+3	1,2766747800E-4
6,3096825884E+3	1,2750448700E-4
6,3102345072E+3	1,2719072700E-4
6,3107945820E+3	1,2704842100E-4
6,3113466031E+3	1,2685877200E-4
6,3119006125E+3	1,2662731500E-4
6,3124518678E+3	1,2654577300E-4
6,3130107719E+3	1,2625083000E-4
6,3135619150E+3	1,2600613600E-4
6,3141207317E+3	1,2568889400E-4
6,3146725293E+3	1,2532377800E-4
6,3152287957E+3	1,2530627500E-4
6,3157808977E+3	1,2509026800E-4
6,3163372062E+3	1,2494445700E-4
6,3168875465E+3	1,2475955900E-4
6,3174477669E+3	1,2457193900E-4
6,3179981348E+3	1,2433773700E-4
6,3185548346E+3	1,2430137100E-4
6,3191062558E+3	1,2406341000E-4
6,3196644138E+3	1,2369204500E-4
6,3202158651E+3	1,2347285600E-4
6,3207738402E+3	1,2333343300E-4
6,3213245676E+3	1,2308179700E-4
6,3218807707E+3	1,2303187100E-4
6,3224331487E+3	1,2277984400E-4
6,3229875734E+3	1,2274686800E-4
6,3235389732E+3	1,2270183100E-4
6,3241006349E+3	1,2234893700E-4
6,3246517526E+3	1,2220367900E-4
6,3252069472E+3	1,2202950400E-4
6,3257584262E+3	1,2165145100E-4
6,3263147095E+3	1,2147058800E-4
6,3268658806E+3	1,2124328200E-4
6,3274220412E+3	1,2122446400E-4
6,3279748914E+3	1,2109733200E-4
6,3285287481E+3	1,2084442900E-4
6,3290788099E+3	1,2065475700E-4
6,3296300602E+3	1,2059941200E-4
6,3301865925E+3	1,2039076100E-4
6,3307377408E+3	1,2010068400E-4
6,3312966042E+3	1,1994149800E-4
6,3318467689E+3	1,1962063500E-4
6,3324075991E+3	1,1950374200E-4
6,3329579875E+3	1,1941913300E-4
6,3335190667E+3	1,1911941600E-4
6,3340705749E+3	1,1905567700E-4
6,3346265010E+3	1,1889923600E-4
6,3351783353E+3	1,1877888300E-4
6,3357296225E+3	1,1871602000E-4
6,3362856684E+3	1,1844586800E-4
6,3368379891E+3	1,1824473400E-4
6,3373956704E+3	1,1785254600E-4
6,3379465236E+3	1,1778652400E-4
6,3385067704E+3	1,1761924300E-4
6,3390576196E+3	1,1746932800E-4
6,3396167655E+3	1,1720519400E-4
6,3401683380E+3	1,1709275100E-4
6,3407282601E+3	1,1693183500E-4
6,3412787868E+3	1,1692694600E-4
6,3418395610E+3	1,1666664000E-4
6,3423903856E+3	1,1630057900E-4
6,3429514579E+3	1,1634538600E-4
6,3435023372E+3	1,1594484900E-4
6,3440601248E+3	1,1579334200E-4
6,3446117472E+3	1,1577660000E-4
6,3451707197E+3	1,1521886100E-4
6,3457224358E+3	1,1527014700E-4
6,3462808147E+3	1,1517949600E-4
6,3468334948E+3	1,1507399500E-4
6,3473913910E+3	1,1486034000E-4
6,3479417070E+3	1,1457745800E-4
6,3485030831E+3	1,1448982800E-4
6,3490546925E+3	1,1420964400E-4
6,3496096550E+3	1,1396305900E-4
6,3501610510E+3	1,1377027400E-4
6,3507211217E+3	1,1360645300E-4
6,3512744407E+3	1,1335271900E-4
6,3518292783E+3	1,1352523400E-4
6,3523816765E+3	1,1350074400E-4
6,3529345086E+3	1,1312511200E-4
6,3534864837E+3	1,1272644400E-4
6,3540431908E+3	1,1272227000E-4
6,3545948539E+3	1,1235302600E-4
6,3551537268E+3	1,1203626800E-4
6,3557046516E+3	1,1214057000E-4
6,3562613036E+3	1,1187002600E-4
6,3568115672E+3	1,1156445200E-4
6,3573632546E+3	1,1169900900E-4
6,3579196378E+3	1,1140789500E-4
6,3584713094E+3	1,1132556900E-4
6,3590255834E+3	1,1120630000E-4
6,3595763816E+3	1,1092844500E-4
6,3601347837E+3	1,1083645700E-4
6,3606860973E+3	1,1046370800E-4
6,3612451826E+3	1,1038145200E-4
6,3617957941E+3	1,1010002200E-4
6,3623588882E+3	1,1014953300E-4
6,3629098340E+3	1,0995331200E-4
6,3634704150E+3	1,0995202100E-4
6,3640207946E+3	1,0969586500E-4
6,3645793499E+3	1,0934712300E-4
6,3651300205E+3	1,0940800200E-4
6,3656909566E+3	1,0927833300E-4
6,3662414177E+3	1,0922730100E-4
6,3667978393E+3	1,0893081300E-4
6,3673485214E+3	1,0874054100E-4
6,3679067834E+3	1,0862249500E-4
6,3684573567E+3	1,0861691400E-4
6,3690175510E+3	1,0833193300E-4
6,3695683825E+3	1,0842290700E-4
6,3701258461E+3	1,0804969700E-4
6,3706782617E+3	1,0782822500E-4
6,3712325800E+3	1,0772657400E-4
6,3717832387E+3	1,0749331800E-4
6,3723431473E+3	1,0732636100E-4
6,3728946708E+3	1,0738548700E-4
6,3734539475E+3	1,0708450300E-4
6,3740057264E+3	1,0679758500E-4
6,3745646320E+3	1,0687654400E-4
6,3751161965E+3	1,0646201000E-4
6,3756758668E+3	1,0661771400E-4
6,3762276221E+3	1,0623735500E-4
6,3767845767E+3	1,0618261000E-4
6,3773355427E+3	1,0613051600E-4
6,3778916308E+3	1,0597063800E-4
6,3784427785E+3	1,0581232800E-4
6,3790009370E+3	1,0565976000E-4
6,3795517400E+3	1,0535386400E-4
6,3801095810E+3	1,0506844500E-4
6,3806610868E+3	1,0510278200E-4
6,3812158810E+3	1,0468158300E-4
6,3817681638E+3	1,0466788500E-4
6,3823278485E+3	1,0445780500E-4
6,3828797953E+3	1,0438857800E-4
6,3834346788E+3	1,0416074000E-4
6,3839857760E+3	1,0406031200E-4
6,3845448823E+3	1,0385652700E-4
6,3850963517E+3	1,0360196300E-4
6,3856503535E+3	1,0332369300E-4
6,3862004687E+3	1,0315145500E-4
6,3867578544E+3	1,0298304500E-4
6,3873089617E+3	1,0277326400E-4
6,3878595922E+3	1,0282212900E-4
6,3884157138E+3	1,0254780200E-4
6,3889671222E+3	1,0231286200E-4
6,3895229830E+3	1,0232501500E-4
6,3900746848E+3	1,0221534000E-4
6,3906308777E+3	1,0208087500E-4
6,3911816192E+3	1,0189316300E-4
6,3917398285E+3	1,0164482500E-4
6,3922906158E+3	1,0138200500E-4
6,3928485571E+3	1,0116876500E-4
6,3933997791E+3	1,0095222800E-4
6,3939574539E+3	1,0091277200E-4
6,3945097723E+3	1,0077374000E-4
6,3950684884E+3	1,0065304200E-4
6,3956195008E+3	1,0062822900E-4
6,3961755556E+3	1,0032270100E-4
6,3967274391E+3	1,0029399100E-4
6,3972842677E+3	1,0000665800E-4
6,3978346061E+3	1,0010046800E-4
6,3983926852E+3	9,9770750200E-5
6,3989433960E+3	9,9654687100E-5
6,3995017376E+3	9,9449726000E-5
6,4000527505E+3	9,9530229900E-5
6,4006039214E+3	9,9399754000E-5
6,4011604009E+3	9,9183239700E-5
6,4017108093E+3	9,9033946500E-5
6,4022679538E+3	9,8646854200E-5
6,4028193759E+3	9,8605852700E-5
6,4033755624E+3	9,8463247100E-5
6,4039265259E+3	9,8301893300E-5
6,4044875511E+3	9,8237139600E-5
6,4050387250E+3	9,8217861100E-5
6,4055936996E+3	9,7788291500E-5
6,4061445938E+3	9,7829615700E-5
6,4066973848E+3	9,7452693100E-5
6,4072525256E+3	9,7379960500E-5
6,4078030353E+3	9,7353810000E-5
6,4083599583E+3	9,7020102500E-5
6,4089122115E+3	9,7049089500E-5
6,4094672622E+3	9,6851208000E-5
6,4100180851E+3	9,6662435300E-5
6,4105780120E+3	9,6450902000E-5
6,4111297768E+3	9,6295820700E-5
6,4116846585E+3	9,6118808800E-5
6,4122357920E+3	9,6052809900E-5
6,4127927393E+3	9,5990615900E-5
6,4133428796E+3	9,5617590500E-5
6,4139042569E+3	9,5452593100E-5
6,4144563589E+3	9,5255334200E-5
6,4150107373E+3	9,5097093600E-5
6,4155618096E+3	9,4973743400E-5
6,4161189379E+3	9,4758197500E-5
6,4166697262E+3	9,4821290900E-5
6,4172298751E+3	9,4435074900E-5
6,4177808680E+3	9,4456290400E-5
6,4183388987E+3	9,4390798800E-5
6,4188912786E+3	9,4098323400E-5
6,4194455521E+3	9,3951221000E-5
6,4199967691E+3	9,3861031700E-5
6,4205557233E+3	9,3548470600E-5
6,4211074742E+3	9,3717065400E-5
6,4216627033E+3	9,3390668100E-5
6,4222145758E+3	9,3127064400E-5
6,4227697866E+3	9,3168573200E-5
6,4233213889E+3	9,3097132000E-5
6,4238822979E+3	9,2861800300E-5
6,4244355631E+3	9,2901694900E-5
6,4249908827E+3	9,2734483700E-5
6,4255435804E+3	9,2332125400E-5
6,4261021609E+3	9,2278971100E-5
6,4266527185E+3	9,2066261700E-5
6,4272117219E+3	9,1960575800E-5
6,4277627447E+3	9,1972843900E-5
6,4283204939E+3	9,1771710900E-5
6,4288717006E+3	9,1673150600E-5
6,4294297618E+3	9,1579294700E-5
6,4299819262E+3	9,1488667200E-5
6,4305390606E+3	9,1287073000E-5
6,4310897903E+3	9,1045630300E-5
6,4316459365E+3	9,1084256500E-5
6,4321981311E+3	9,0881440100E-5
6,4327544555E+3	9,0755414900E-5
6,4333051924E+3	9,0597612400E-5
6,4338647353E+3	9,0385479500E-5
6,4344148039E+3	9,0420808100E-5
6,4349715846E+3	9,0017596500E-5
6,4355234861E+3	9,0126972100E-5
6,4360795071E+3	9,0063763500E-5
6,4366315674E+3	8,9972859300E-5
6,4371865044E+3	8,9681444700E-5
6,4377386707E+3	8,9561253700E-5
6,4382938279E+3	8,9599188100E-5
6,4388450794E+3	8,9544373500E-5
6,4394037576E+3	8,9257663200E-5
6,4399551270E+3	8,9107032500E-5
6,4405143220E+3	8,8807523700E-5
6,4410666194E+3	8,8741847600E-5
6,4416219370E+3	8,8488782500E-5
6,4421743577E+3	8,8505109300E-5
6,4427258691E+3	8,8449256900E-5
6,4432816363E+3	8,8196768300E-5
6,4438327760E+3	8,8224948100E-5
6,4443888813E+3	8,8212218800E-5
6,4449407673E+3	8,8017681000E-5
6,4454977007E+3	8,7905053900E-5
6,4460494088E+3	8,7836241600E-5
6,4466068117E+3	8,7783686900E-5
6,4471584651E+3	8,7502972300E-5
6,4477148272E+3	8,7195853600E-5
6,4482676209E+3	8,7205562000E-5
6,4488187661E+3	8,6961605700E-5
6,4493716144E+3	8,6948576600E-5
6,4499221615E+3	8,6780742800E-5
6,4504828902E+3	8,6593100100E-5
6,4510342349E+3	8,6875959300E-5
6,4515947582E+3	8,6441108900E-5
6,4521456786E+3	8,6361481200E-5
6,4527063493E+3	8,6413782300E-5
6,4532575611E+3	8,6113097400E-5
6,4538145475E+3	8,5892939500E-5
6,4543675403E+3	8,5969707600E-5
6,4549225269E+3	8,5576204500E-5
6,4554738670E+3	8,5715881500E-5
6,4560328904E+3	8,5709147900E-5
6,4565853816E+3	8,5348344400E-5
6,4571407581E+3	8,5485646200E-5
6,4576917434E+3	8,5068183300E-5
6,4582499595E+3	8,5025913600E-5
6,4588011323E+3	8,4904546500E-5
6,4593581268E+3	8,4582438500E-5
6,4599114606E+3	8,4520083100E-5
6,4604658646E+3	8,4466260100E-5
6,4610178756E+3	8,4252374600E-5
6,4615710251E+3	8,4322386100E-5
6,4621234296E+3	8,4166082500E-5
6,4626812925E+3	8,4112167200E-5
6,4632317134E+3	8,4034107700E-5
6,4637886434E+3	8,3872408000E-5
6,4643402674E+3	8,3669614600E-5
6,4648967934E+3	8,3515847700E-5
6,4654492025E+3	8,3144528700E-5
6,4660046244E+3	8,3195353800E-5
6,4665566581E+3	8,3181079400E-5
6,4671111965E+3	8,2880071700E-5
6,4676618946E+3	8,2947292800E-5
6,4682211419E+3	8,2944871500E-5
6,4687721994E+3	8,2718787100E-5
6,4693304545E+3	8,2723076300E-5
6,4698817323E+3	8,2502226600E-5
6,4704394595E+3	8,2229122000E-5
6,4709894891E+3	8,2123782000E-5
6,4715404832E+3	8,2186368000E-5
6,4720971846E+3	8,1845742400E-5
6,4726506916E+3	8,1846757100E-5
6,4732055826E+3	8,1916561000E-5
6,4737566254E+3	8,1512588400E-5
6,4743146595E+3	8,1533850100E-5
6,4748657333E+3	8,1220528100E-5
6,4754236742E+3	8,1025114100E-5
6,4759744339E+3	8,0910088700E-5
6,4765359157E+3	8,0911679800E-5
6,4770870890E+3	8,0709947200E-5
6,4776457467E+3	8,0615122700E-5
6,4781968835E+3	8,0639705200E-5
6,4787565886E+3	8,0528969000E-5
6,4793074448E+3	8,0555350100E-5
6,4798671404E+3	8,0364386700E-5
6,4804196752E+3	8,0079705800E-5
6,4809735801E+3	7,9947915400E-5
6,4815248937E+3	7,9780589000E-5
6,4820826640E+3	7,9694688900E-5
6,4826341484E+3	7,9757482400E-5
6,4831947910E+3	7,9487606300E-5
6,4837459128E+3	7,9550030800E-5
6,4843037805E+3	7,9664595000E-5
6,4848548629E+3	7,9347099100E-5
6,4854074314E+3	7,9161785500E-5
6,4859635518E+3	7,9225086400E-5
6,4865136515E+3	7,9011938800E-5
6,4870734549E+3	7,9046598700E-5
6,4876246518E+3	7,8967455300E-5
6,4881827655E+3	7,8870278600E-5
6,4887334793E+3	7,8884645300E-5
6,4892954486E+3	7,8664326000E-5
6,4898457986E+3	7,8578379800E-5
6,4904025055E+3	7,8508668100E-5
6,4909538677E+3	7,8335645700E-5
6,4915114975E+3	7,8246102100E-5
6,4920615281E+3	7,8033000700E-5
6,4926234339E+3	7,8111913500E-5
6,4931738631E+3	7,7982544500E-5
6,4937318520E+3	7,7766053200E-5
6,4942844779E+3	7,7815056600E-5
6,4948417372E+3	7,7736974000E-5
6,4953945850E+3	7,7673696200E-5
6,4959538352E+3	7,7423836500E-5
6,4965047898E+3	7,7496430700E-5
6,4970608250E+3	7,7319026800E-5
6,4976119073E+3	7,7310056300E-5
6,4981646959E+3	7,6786307900E-5
6,4987200712E+3	7,6776438000E-5
6,4992711968E+3	7,6745029700E-5
6,4998266514E+3	7,6543066500E-5
6,5003772483E+3	7,6543827500E-5
6,5009365609E+3	7,6444852200E-5
6,5014891695E+3	7,6252897200E-5
6,5020467764E+3	7,6343178800E-5
6,5025977349E+3	7,6128970500E-5
6,5031551531E+3	7,5933118300E-5
6,5037077949E+3	7,5727280900E-5
6,5042591140E+3	7,5678093000E-5
6,5048155930E+3	7,5652034700E-5
6,5053656333E+3	7,5278548100E-5
6,5059230180E+3	7,5196522100E-5
6,5064741148E+3	7,5332809200E-5
6,5070354264E+3	7,5229083400E-5
6,5075856870E+3	7,5228968100E-5
6,5081461689E+3	7,4941842800E-5
6,5086964900E+3	7,4773939800E-5
6,5092521484E+3	7,4806616400E-5
6,5098025285E+3	7,4363049100E-5
6,5103596567E+3	7,4454691300E-5
6,5109110903E+3	7,4256533000E-5
6,5114705468E+3	7,4038496700E-5
6,5120223821E+3	7,4009809500E-5
6,5125781765E+3	7,3951213000E-5
6,5131311226E+3	7,3975634000E-5
6,5136863169E+3	7,3891117500E-5
6,5142384319E+3	7,3806946900E-5
6,5147985074E+3	7,3546294900E-5
6,5153486767E+3	7,3451655000E-5
6,5159040896E+3	7,3423821000E-5
6,5164558480E+3	7,3308034600E-5
6,5170123927E+3	7,2960929100E-5
6,5175627876E+3	7,3010947100E-5
6,5181229957E+3	7,2773240300E-5
6,5186738421E+3	7,2731939000E-5
6,5192306681E+3	7,2851115300E-5
6,5197807612E+3	7,2739064700E-5
6,5203389230E+3	7,2532097400E-5
6,5208907574E+3	7,2479427400E-5
6,5214458403E+3	7,2273128800E-5
6,5219967084E+3	7,2246355600E-5
6,5225520636E+3	7,2348836200E-5
6,5231030797E+3	7,2153030100E-5
6,5236538600E+3	7,1931419400E-5
6,5242115543E+3	7,1767160000E-5
6,5247623693E+3	7,1912717400E-5
6,5253177194E+3	7,1765384300E-5
6,5258698375E+3	7,1725120800E-5
6,5264284698E+3	7,1591139800E-5
6,5269796002E+3	7,1480403600E-5
6,5275386151E+3	7,1324330600E-5
6,5280897664E+3	7,1008310500E-5
6,5286478053E+3	7,0837801700E-5
6,5291996801E+3	7,0667500500E-5
6,5297496954E+3	7,0783148500E-5
6,5303074100E+3	7,0476998300E-5
6,5308575708E+3	7,0465998500E-5
6,5314145277E+3	7,0295466600E-5
6,5319647759E+3	7,0110199200E-5
6,5325226656E+3	7,0194738700E-5
6,5330754281E+3	6,9830245600E-5
6,5336318232E+3	6,9798306900E-5
6,5341825650E+3	6,9868618100E-5
6,5347430240E+3	6,9427748900E-5
6,5352934303E+3	6,9536040700E-5
6,5358537222E+3	6,9579786300E-5
6,5364038840E+3	6,9498798100E-5
6,5369635760E+3	6,9341710500E-5
6,5375153259E+3	6,9153306800E-5
6,5380726656E+3	6,9025944000E-5
6,5386267683E+3	6,8808415000E-5
6,5391794558E+3	6,8734690900E-5
6,5397326342E+3	6,8604399400E-5
6,5402842557E+3	6,8444152500E-5
6,5408437422E+3	6,8376931400E-5
6,5413954863E+3	6,8392197400E-5
6,5419542814E+3	6,8438318300E-5
6,5425045675E+3	6,8176559400E-5
6,5430660860E+3	6,8265664800E-5
6,5436166255E+3	6,8341349200E-5
6,5441742835E+3	6,7922202900E-5
6,5447256343E+3	6,7853090800E-5
6,5452801865E+3	6,7804825300E-5
6,5458306691E+3	6,7690376400E-5
6,5463906601E+3	6,7575281800E-5
6,5469430028E+3	6,7492195100E-5
6,5475004326E+3	6,7367276800E-5
6,5480530158E+3	6,7373733700E-5
6,5486060039E+3	6,7328166300E-5
6,5491573078E+3	6,7170271500E-5
6,5497155243E+3	6,7093042200E-5
6,5502675328E+3	6,6760556900E-5
6,5508253332E+3	6,6725897100E-5
6,5513777787E+3	6,6490404000E-5
6,5519298281E+3	6,6600655900E-5
6,5524822946E+3	6,6460725300E-5
6,5530423839E+3	6,6276795300E-5
6,5535936951E+3	6,6472693600E-5
6,5541497171E+3	6,6240982500E-5
6,5547022144E+3	6,6181809400E-5
6,5552576416E+3	6,6175237200E-5
6,5558078714E+3	6,5771403000E-5
6,5563685429E+3	6,5849762300E-5
6,5569205530E+3	6,5839477400E-5
6,5574772079E+3	6,5698509000E-5
6,5580285391E+3	6,5639958600E-5
6,5585853609E+3	6,5529729700E-5
6,5591375107E+3	6,5463823000E-5
6,5596973168E+3	6,5438226000E-5
6,5602496862E+3	6,5261444700E-5
6,5608036133E+3	6,5168303700E-5
6,5613556062E+3	6,5065615600E-5
6,5619126809E+3	6,4901932700E-5
6,5624636565E+3	6,4652511100E-5
6,5630244110E+3	6,4528469100E-5
6,5635761779E+3	6,4711015400E-5
6,5641298459E+3	6,4448841400E-5
6,5646818692E+3	6,4261752200E-5
6,5652384325E+3	6,4315621400E-5
6,5657896604E+3	6,4132129500E-5
6,5663495380E+3	6,4212818000E-5
6,5669015710E+3	6,4268508900E-5
6,5674556830E+3	6,4127701900E-5
6,5680073630E+3	6,3705004300E-5
6,5685651536E+3	6,3619957500E-5
6,5691158884E+3	6,3456320700E-5
6,5696762611E+3	6,3483785700E-5
6,5702277813E+3	6,3320564000E-5
6,5707834177E+3	6,3362510900E-5
6,5713348571E+3	6,3348813000E-5
6,5718925448E+3	6,3249999000E-5
6,5724426331E+3	6,3323377300E-5
6,5730006129E+3	6,3303960400E-5
6,5735515118E+3	6,2904069600E-5
6,5741071625E+3	6,2931580700E-5
6,5746582754E+3	6,2709462700E-5
6,5752089592E+3	6,2838554900E-5
6,5757656258E+3	6,2715804300E-5
6,5763170939E+3	6,2643163900E-5
6,5768767325E+3	6,2555649600E-5
6,5774276264E+3	6,2345753600E-5
6,5779881705E+3	6,2244864200E-5
6,5785404173E+3	6,2076085000E-5
6,5790967474E+3	6,1955617300E-5
6,5796468983E+3	6,2237623300E-5
6,5802064673E+3	6,1942265300E-5
6,5807576768E+3	6,1936408000E-5
6,5813121253E+3	6,1771157000E-5
6,5818626675E+3	6,1580931500E-5
6,5824232775E+3	6,1374171700E-5
6,5829748134E+3	6,1504347800E-5
6,5835298029E+3	6,1416649000E-5
6,5840824117E+3	6,1389207100E-5
6,5846371309E+3	6,1173315400E-5
6,5851877855E+3	6,1164391000E-5
6,5857477010E+3	6,1133836000E-5
6,5863003379E+3	6,0904246400E-5
6,5868555434E+3	6,1067191300E-5
6,5874075733E+3	6,0831375400E-5
6,5879645081E+3	6,0720731500E-5
6,5885146139E+3	6,0351880000E-5
6,5890746963E+3	6,0435174200E-5
6,5896248542E+3	6,0279493300E-5
6,5901852220E+3	6,0244210800E-5
6,5907357254E+3	6,0232127200E-5
6,5912960361E+3	6,0058551300E-5
6,5918466065E+3	6,0077299500E-5
6,5924071572E+3	5,9816762800E-5
6,5929576617E+3	5,9776038100E-5
6,5935136347E+3	5,9742992500E-5
6,5940650236E+3	5,9503994200E-5
6,5946161594E+3	5,9582607200E-5
6,5951726705E+3	5,9492809900E-5
6,5957238172E+3	5,9386339900E-5
6,5962823887E+3	5,9381220500E-5
6,5968338179E+3	5,9333231800E-5
6,5973877657E+3	5,9313284500E-5
6,5979405772E+3	5,9239237500E-5
6,5985003001E+3	5,8900133900E-5
6,5990506675E+3	5,8811535700E-5
6,5996067176E+3	5,8737142800E-5
6,6001595480E+3	5,8727480500E-5
6,6007148679E+3	5,8592646200E-5
6,6012663521E+3	5,8377746000E-5
6,6018266348E+3	5,8451954500E-5
6,6023767957E+3	5,8466874600E-5
6,6029357785E+3	5,8249368700E-5
6,6034855682E+3	5,8164598500E-5
6,6040445681E+3	5,8037950700E-5
6,6045967434E+3	5,7966878400E-5
6,6051555834E+3	5,8002622100E-5
6,6057059694E+3	5,7972020900E-5
6,6062638363E+3	5,7719647600E-5
6,6068165166E+3	5,7618965800E-5
6,6073665883E+3	5,7464645400E-5
6,6079226360E+3	5,7408908400E-5
6,6084752755E+3	5,7085578100E-5
6,6090351210E+3	5,7219789800E-5
6,6095875940E+3	5,7140923100E-5
6,6101456149E+3	5,7060719000E-5
6,6106957798E+3	5,7070358200E-5
6,6112556406E+3	5,6867956900E-5
6,6118068185E+3	5,7063970500E-5
6,6123645401E+3	5,6821213400E-5
6,6129161496E+3	5,6817108600E-5
6,6134732124E+3	5,6641757100E-5
6,6140247840E+3	5,6413136100E-5
6,6145828369E+3	5,6404972700E-5
6,6151348908E+3	5,6171324400E-5
6,6156907150E+3	5,6016243100E-5
6,6162428528E+3	5,6315936400E-5
6,6167993929E+3	5,6110398800E-5
6,6173521520E+3	5,6014052300E-5
6,6179086200E+3	5,5992098800E-5
6,6184597450E+3	5,5666116600E-5
6,6190184114E+3	5,5721138800E-5
6,6195696322E+3	5,5677877400E-5
6,6201247561E+3	5,5510089800E-5
6,6206768883E+3	5,5598019200E-5
6,6212346854E+3	5,5647368500E-5
6,6217847636E+3	5,5424650900E-5
6,6223416911E+3	5,5481333400E-5
6,6228931054E+3	5,5428294500E-5
6,6234498998E+3	5,5399376700E-5
6,6240015467E+3	5,5203455300E-5
6,6245600340E+3	5,5243442100E-5
6,6251107259E+3	5,5204954200E-5
6,6256680601E+3	5,5407470900E-5
6,6262199352E+3	5,5126641000E-5
6,6267765676E+3	5,5327082200E-5
6,6273283311E+3	5,5353486400E-5
6,6278866255E+3	5,5239406500E-5
6,6284378046E+3	5,5057482800E-5
6,6289938171E+3	5,5030502100E-5
6,6295459322E+3	5,4951750700E-5
6,6301016347E+3	5,4745936400E-5
6,6306534049E+3	5,4736965900E-5
6,6312094684E+3	5,4730024700E-5
6,6317606930E+3	5,4394449400E-5
6,6323172827E+3	5,4340649400E-5
6,6328696029E+3	5,4357137600E-5
6,6334223665E+3	5,4399292100E-5
6,6339754185E+3	5,4399891700E-5
6,6345280616E+3	5,4242504300E-5
6,6350875620E+3	5,4313853200E-5
6,6356378503E+3	5,4292384000E-5
6,6362001072E+3	5,4134074100E-5
6,6367515678E+3	5,3980860700E-5
6,6373096913E+3	5,3932848900E-5
6,6378616149E+3	5,4068490300E-5
6,6384167565E+3	5,4016858000E-5
6,6389678392E+3	5,3730632000E-5
6,6395248530E+3	5,3790888900E-5
6,6400758777E+3	5,3712229800E-5
6,6406361925E+3	5,3731900300E-5
6,6411867217E+3	5,3719862800E-5
6,6417444702E+3	5,3709877600E-5
6,6422974506E+3	5,3647660600E-5
6,6428534469E+3	5,3541651800E-5
6,6434042454E+3	5,3703351500E-5
6,6439627073E+3	5,3837701500E-5
6,6445153836E+3	5,3499727900E-5
6,6450715422E+3	5,3572621900E-5
6,6456242222E+3	5,3588925700E-5
6,6461785606E+3	5,3440139800E-5
6,6467297504E+3	5,3534134100E-5
6,6472905709E+3	5,3435550800E-5
6,6478407252E+3	5,3463361600E-5
6,6484001040E+3	5,3463500000E-5
6,6489505858E+3	5,3369067600E-5
6,6495058139E+3	5,3262482300E-5
6,6500566942E+3	5,3193393200E-5
6,6506173704E+3	5,3191594500E-5
6,6511678204E+3	5,2933479200E-5
6,6517268603E+3	5,2773140000E-5
6,6522789202E+3	5,2845941800E-5
6,6528367721E+3	5,2652534000E-5
6,6533877078E+3	5,2749825900E-5
6,6539468956E+3	5,2839139000E-5
6,6544977000E+3	5,2706656800E-5
6,6550563607E+3	5,2528722600E-5
6,6556082375E+3	5,2537162700E-5
6,6561662068E+3	5,2414504300E-5
6,6567165730E+3	5,2075354600E-5
6,6572750547E+3	5,2293021900E-5
6,6578257560E+3	5,1972389800E-5
6,6583846794E+3	5,1927099100E-5
6,6589359831E+3	5,1910634000E-5
6,6594865981E+3	5,1691951900E-5
6,6600423215E+3	5,1582922200E-5
6,6605937651E+3	5,1707079600E-5
6,6611537813E+3	5,1701106900E-5
6,6617049632E+3	5,1842697900E-5
6,6622624551E+3	5,1680606200E-5
6,6628132326E+3	5,1420945800E-5
6,6633747635E+3	5,1412943800E-5
6,6639265310E+3	5,1316159200E-5
6,6644806820E+3	5,1291207800E-5
6,6650307858E+3	5,1434320800E-5
6,6655897491E+3	5,1527254400E-5
6,6661409000E+3	5,1365923600E-5
6,6667016497E+3	5,1356192100E-5
6,6672543177E+3	5,1261390700E-5
6,6678083264E+3	5,1262774300E-5
6,6683589379E+3	5,1218475300E-5
6,6689159392E+3	5,1102204600E-5
6,6694672481E+3	5,1043285200E-5
6,6700272535E+3	5,0957915500E-5
6,6705777195E+3	5,0829307500E-5
6,6711348683E+3	5,0636891300E-5
6,6716865924E+3	5,0790312300E-5
6,6722426022E+3	5,0769327300E-5
6,6727928039E+3	5,0690391500E-5
6,6733544137E+3	5,0942534200E-5
6,6739046939E+3	5,0641180500E-5
6,6744604863E+3	5,0742277500E-5
6,6750114197E+3	5,0651557700E-5
6,6755707132E+3	5,0520251700E-5
6,6761228866E+3	5,0657530400E-5
6,6766813842E+3	5,0407186400E-5
6,6772331722E+3	5,0413758600E-5
6,6777897549E+3	5,0538446300E-5
6,6783405660E+3	5,0260983300E-5
6,6788994684E+3	5,0111644000E-5
6,6794497947E+3	5,0083118200E-5
6,6800092615E+3	4,9834872700E-5
6,6805600269E+3	4,9882999800E-5
6,6811157839E+3	4,9730547400E-5
6,6816666858E+3	4,9643309800E-5
6,6822245488E+3	4,9841375800E-5
6,6827772222E+3	4,9772217600E-5
6,6833350516E+3	4,9790988700E-5
6,6838861313E+3	4,9866580800E-5
6,6844434148E+3	4,9568155800E-5
6,6849941919E+3	4,9670059900E-5
6,6855526589E+3	4,9547447600E-5
6,6861037311E+3	4,9376662100E-5
6,6866620529E+3	4,9435604500E-5
6,6872144958E+3	4,9354178100E-5
6,6877698908E+3	4,9239152700E-5
6,6883230714E+3	4,9279831300E-5
6,6888791300E+3	4,9025152000E-5
6,6894297327E+3	4,9255710100E-5
6,6899899457E+3	4,8983919900E-5
6,6905406948E+3	4,8958668800E-5
6,6910965572E+3	4,8980899000E-5
6,6916487789E+3	4,8706087900E-5
6,6922048083E+3	4,8662180900E-5
6,6927552907E+3	4,8632179300E-5
6,6933145282E+3	4,8304444500E-5
6,6938655977E+3	4,8228045300E-5
6,6944238123E+3	4,8150078000E-5
6,6949748094E+3	4,7920119400E-5
6,6955297583E+3	4,7987709500E-5
6,6960807205E+3	4,8175767300E-5
6,6966365779E+3	4,7976064000E-5
6,6971869214E+3	4,7765799000E-5
6,6977452794E+3	4,7583298800E-5
6,6982955809E+3	4,7544003900E-5
6,6988455536E+3	4,7409054200E-5
6,6994015400E+3	4,7494101100E-5
6,6999537503E+3	4,7171093700E-5
6,7005105185E+3	4,7137356300E-5
6,7010623705E+3	4,6924969800E-5
6,7016178083E+3	4,6833212300E-5
6,7021688806E+3	4,6808237900E-5
6,7027276266E+3	4,6746643500E-5
6,7032781311E+3	4,6545925500E-5
6,7038361239E+3	4,6665632200E-5
6,7043865516E+3	4,6511081200E-5
6,7049395783E+3	4,6562990300E-5
6,7054946486E+3	4,6416648800E-5
6,7060455847E+3	4,6369628600E-5
6,7066019828E+3	4,6399699400E-5
6,7071535972E+3	4,5987840200E-5
6,7077115264E+3	4,6167111900E-5
6,7082631361E+3	4,5768558600E-5
6,7088228005E+3	4,5638866700E-5
6,7093747634E+3	4,5777298500E-5
6,7099303228E+3	4,5573721000E-5
6,7104808645E+3	4,5484408000E-5
6,7110388114E+3	4,5598441800E-5
6,7115907641E+3	4,5410407100E-5
6,7121466568E+3	4,5344362000E-5
6,7126968070E+3	4,5216146100E-5
6,7132565926E+3	4,4950144000E-5
6,7138084604E+3	4,5160639600E-5
6,7143636601E+3	4,5043792400E-5
6,7149150518E+3	4,5158679500E-5
6,7154746321E+3	4,4976294600E-5
6,7160271300E+3	4,5077714300E-5
6,7165823093E+3	4,4686586400E-5
6,7171340154E+3	4,4563928000E-5
6,7176898317E+3	4,4647383700E-5
6,7182411286E+3	4,4557563300E-5
6,7188018103E+3	4,4511396400E-5
6,7193536339E+3	4,4409492300E-5
6,7199093628E+3	4,4301569500E-5
6,7204615246E+3	4,4243157500E-5
6,7210166915E+3	4,4304821100E-5
6,7215677827E+3	4,4167334800E-5
6,7221284556E+3	4,3920150100E-5
6,7226787955E+3	4,4067437000E-5
6,7232398568E+3	4,3848201600E-5
6,7237917070E+3	4,3903039300E-5
6,7243493177E+3	4,3840245700E-5
6,7248996780E+3	4,3667085000E-5
6,7254586757E+3	4,3346452800E-5
6,7260097453E+3	4,3531697200E-5
6,7265666259E+3	4,3414365800E-5
6,7271177125E+3	4,3329295900E-5
6,7276747955E+3	4,3474714900E-5
6,7282257431E+3	4,3328350400E-5
6,7287851321E+3	4,3006242300E-5
6,7293357935E+3	4,2949398400E-5
6,7298926354E+3	4,2769204200E-5