1,6597833153E+4	-9,6464069400E-6
1,6598383680E+4	-1,0007095100E-5
1,6598935207E+4	-9,8953673000E-6
1,6599515347E+4	-9,8342802400E-6
1,6600067629E+4	-9,6778844200E-6
1,6600625007E+4	-9,7017750300E-6
1,6601176975E+4	-9,5452869700E-6
1,6601760888E+4	-9,5505908700E-6
1,6602312358E+4	-9,7523696000E-6
1,6602871880E+4	-9,5157235100E-6
1,6603423435E+4	-9,4204378200E-6
1,6603982126E+4	-9,2507361500E-6
1,6604534283E+4	-9,3383196500E-6
1,6605092474E+4	-9,2223487600E-6
1,6605644621E+4	-9,2149463700E-6
1,6606200022E+4	-9,1755822200E-6
1,6606751285E+4	-9,0091090000E-6
1,6607302532E+4	-9,0790282100E-6
1,6607858912E+4	-9,2568702200E-6
1,6608409629E+4	-9,2161685700E-6
1,6608969902E+4	-9,0499951400E-6
1,6609520677E+4	-8,9384979700E-6
1,6610081832E+4	-9,1512995900E-6
1,6610632486E+4	-9,0212849000E-6
1,6611191143E+4	-9,0087169700E-6
1,6611742352E+4	-9,0143898400E-6
1,6612300875E+4	-9,0023984200E-6
1,6612853323E+4	-9,2715597100E-6
1,6613410838E+4	-9,0206161500E-6
1,6613963175E+4	-8,8270699900E-6
1,6614522075E+4	-8,6328550800E-6
1,6615072881E+4	-8,8327889800E-6
1,6615632372E+4	-8,6142222600E-6
1,6616183546E+4	-8,7387024400E-6
1,6616742529E+4	-8,7608173900E-6
1,6617294404E+4	-8,6883384700E-6
1,6617854228E+4	-7,7345131200E-6
1,6618406558E+4	-5,5613907800E-6
1,6618961053E+4	-2,7609326000E-6
1,6619513117E+4	1,5226799500E-7
1,6620068161E+4	3,0026289300E-6
1,6620618798E+4	5,8166466400E-6
1,6621176758E+4	8,6429786100E-6
1,6621727919E+4	1,1582583400E-5
1,6622283979E+4	1,4309225200E-5
1,6622835218E+4	1,7322508000E-5
1,6623390279E+4	2,0167518900E-5
1,6623942241E+4	2,2954763500E-5
1,6624494223E+4	2,5725266200E-5
1,6625047852E+4	2,8655946600E-5
1,6625600873E+4	3,1533980000E-5
1,6626156509E+4	3,4325882800E-5
1,6626707487E+4	3,7068205600E-5
1,6627264212E+4	3,9936738200E-5
1,6627817141E+4	4,2972551100E-5
1,6628372558E+4	4,5600701700E-5
1,6628925377E+4	4,8517384500E-5
1,6629478065E+4	5,1387669600E-5
1,6630030143E+4	5,4059981000E-5
1,6630582232E+4	5,7005350900E-5
1,6631137395E+4	5,9791257900E-5
1,6631688421E+4	6,2589802100E-5
1,6632248344E+4	6,5313791900E-5
1,6632799129E+4	6,7767859400E-5
1,6633358636E+4	7,0723122200E-5
1,6633911037E+4	7,3503310300E-5
1,6634468826E+4	7,6184476900E-5
1,6635020832E+4	7,9045491800E-5
1,6635577334E+4	8,1747873900E-5
1,6636129867E+4	8,4658353400E-5
1,6636680669E+4	8,7297204100E-5
1,6637236978E+4	9,0018887900E-5
1,6637789110E+4	9,2736559100E-5
1,6638344828E+4	9,5498714000E-5
1,6638896418E+4	9,8229114600E-5
1,6639455068E+4	1,0102646000E-4
1,6640007193E+4	1,0372851900E-4
1,6640565021E+4	1,0660558400E-4
1,6641116439E+4	1,0923963800E-4
1,6641673177E+4	1,1175391600E-4
1,6642224366E+4	1,1446513100E-4
1,6642776359E+4	1,1703092600E-4
1,6643333111E+4	1,1968813300E-4
1,6643884414E+4	1,2227765700E-4
1,6644443675E+4	1,2495342800E-4
1,6644995393E+4	1,2770515900E-4
1,6645554051E+4	1,3040306800E-4
1,6646104559E+4	1,3332782100E-4
1,6646665122E+4	1,3592719300E-4
1,6647216578E+4	1,3853066900E-4
1,6647774968E+4	1,4109872400E-4
1,6648326025E+4	1,4367814800E-4
1,6648885176E+4	1,4651578000E-4
1,6649435355E+4	1,4879018300E-4
1,6649996465E+4	1,5146600000E-4
1,6650546396E+4	1,5409193700E-4
1,6651104184E+4	1,5668268300E-4
1,6651657241E+4	1,5931320900E-4
1,6652208286E+4	1,6189809900E-4
1,6652763380E+4	1,6443218600E-4
1,6653314412E+4	1,6705807700E-4
1,6653870255E+4	1,6958266300E-4
1,6654421321E+4	1,7217513900E-4
1,6654980358E+4	1,7476733900E-4
1,6655532620E+4	1,7747917600E-4
1,6656089992E+4	1,8005830000E-4
1,6656640809E+4	1,8259031200E-4
1,6657198659E+4	1,8513396900E-4
1,6657750117E+4	1,8766120700E-4
1,6658300780E+4	1,9020777000E-4
1,6658858857E+4	1,9276851500E-4
1,6659410308E+4	1,9529612200E-4
1,6659967360E+4	1,9775537800E-4
1,6660520242E+4	2,0030574600E-4
1,6661071241E+4	2,0283372200E-4
1,6661628653E+4	2,0548414900E-4
1,6662181792E+4	2,0794771800E-4
1,6662737750E+4	2,1031224200E-4
1,6663289440E+4	2,1293810900E-4
1,6663848541E+4	2,1541701300E-4
1,6664401213E+4	2,1778538800E-4
1,6664961031E+4	2,2028589900E-4
1,6665512122E+4	2,2275767700E-4
1,6666069874E+4	2,2537282200E-4
1,6666622138E+4	2,2772998900E-4
1,6667179438E+4	2,3003121200E-4
1,6667730115E+4	2,3267926400E-4
1,6668288485E+4	2,3508619600E-4
1,6668840359E+4	2,3756521500E-4
1,6669393562E+4	2,4002022800E-4
1,6669944346E+4	2,4250040000E-4
1,6670502440E+4	2,4489142000E-4
1,6671053313E+4	2,4740765900E-4
1,6671610796E+4	2,4984016500E-4
1,6672163202E+4	2,5204096000E-4
1,6672718442E+4	2,5441881200E-4
1,6673271377E+4	2,5693864800E-4
1,6673826411E+4	2,5933229800E-4
1,6674376302E+4	2,6168485300E-4
1,6674934198E+4	2,6390232100E-4
1,6675485526E+4	2,6660880800E-4
1,6676040917E+4	2,6913138800E-4
1,6676592187E+4	2,7152623600E-4
1,6677143947E+4	2,7383156400E-4
1,6677698288E+4	2,7610712100E-4
1,6678250006E+4	2,7865578200E-4
1,6678806559E+4	2,8090175200E-4
1,6679357055E+4	2,8350073100E-4
1,6679919367E+4	2,8606120000E-4
1,6680469966E+4	2,8850871800E-4
1,6681030067E+4	2,9083486900E-4
1,6681580834E+4	2,9309675100E-4
1,6682138671E+4	2,9560291200E-4
1,6682689975E+4	2,9780098600E-4
1,6683240842E+4	3,0016772400E-4
1,6683798180E+4	3,0258231200E-4
1,6684350141E+4	3,0508971800E-4
1,6684905307E+4	3,0736451400E-4
1,6685456831E+4	3,0975465800E-4
1,6686015382E+4	3,1203734000E-4
1,6686566394E+4	3,1439024200E-4
1,6687125418E+4	3,1671378700E-4
1,6687676244E+4	3,1891220700E-4
1,6688232901E+4	3,2127207300E-4
1,6688784391E+4	3,2357682400E-4
1,6689342757E+4	3,2600268900E-4
1,6689893483E+4	3,2836647500E-4
1,6690448507E+4	3,3058431100E-4
1,6691001237E+4	3,3260664100E-4
1,6691556763E+4	3,3508628300E-4
1,6692108438E+4	3,3726415600E-4
1,6692660040E+4	3,3958682500E-4
1,6693214476E+4	3,4194526100E-4
1,6693765769E+4	3,4411116500E-4
1,6694323208E+4	3,4642797700E-4
1,6694873689E+4	3,4878099400E-4
1,6695432885E+4	3,5087239000E-4
1,6695983642E+4	3,5317698000E-4
1,6696541057E+4	3,5529259000E-4
1,6697091663E+4	3,5757993000E-4
1,6697652636E+4	3,5949244700E-4
1,6698203491E+4	3,6163120900E-4
1,6698762462E+4	3,6362141600E-4
1,6699313441E+4	3,6588562700E-4
1,6699873815E+4	3,6786275900E-4
1,6700424293E+4	3,6993822000E-4
1,6700984673E+4	3,7222007300E-4
1,6701537235E+4	3,7419840300E-4
1,6702093026E+4	3,7611131200E-4
1,6702643595E+4	3,7832578200E-4
1,6703194511E+4	3,8039344900E-4
1,6703752301E+4	3,8240653200E-4
1,6704304985E+4	3,8470985300E-4
1,6704861073E+4	3,8671691700E-4
1,6705411946E+4	3,8870700900E-4
1,6705972720E+4	3,9081819100E-4
1,6706524476E+4	3,9314146000E-4
1,6707084269E+4	3,9513229000E-4
1,6707637202E+4	3,9758050000E-4
1,6708190632E+4	3,9967173500E-4
1,6708742512E+4	4,0165871300E-4
1,6709295142E+4	4,0384177500E-4
1,6709851711E+4	4,0604233900E-4
1,6710403011E+4	4,0812762400E-4
1,6710962016E+4	4,1040096700E-4
1,6711513511E+4	4,1239657000E-4
1,6712071346E+4	4,1447127100E-4
1,6712622028E+4	4,1669584100E-4
1,6713181405E+4	4,1885943900E-4
1,6713733013E+4	4,2105919600E-4
1,6714290785E+4	4,2317565900E-4
1,6714842490E+4	4,2548940400E-4
1,6715402798E+4	4,2748101800E-4
1,6715954493E+4	4,2962471500E-4
1,6716512425E+4	4,3176472300E-4
1,6717062247E+4	4,3396826200E-4
1,6717623438E+4	4,3581558600E-4
1,6718174384E+4	4,3793156500E-4
1,6718734004E+4	4,4003744300E-4
1,6719284884E+4	4,4203784300E-4
1,6719844326E+4	4,4401552800E-4
1,6720395599E+4	4,4602732000E-4
1,6720957143E+4	4,4807091200E-4
1,6721507790E+4	4,5017323900E-4
1,6722062032E+4	4,5212428900E-4
1,6722614431E+4	4,5437258800E-4
1,6723171974E+4	4,5634033500E-4
1,6723723408E+4	4,5858902600E-4
1,6724283705E+4	4,6050002000E-4
1,6724835021E+4	4,6239254400E-4
1,6725392319E+4	4,6443495900E-4
1,6725943388E+4	4,6666790100E-4
1,6726495783E+4	4,6841989300E-4
1,6727052264E+4	4,7041185300E-4
1,6727603377E+4	4,7233762900E-4
1,6728159847E+4	4,7438724000E-4
1,6728711162E+4	4,7638385800E-4
1,6729261418E+4	4,7821245700E-4
1,6729820615E+4	4,8010006900E-4
1,6730372128E+4	4,8201927300E-4
1,6730930193E+4	4,8398302900E-4
1,6731481507E+4	4,8594026000E-4
1,6732040079E+4	4,8804454700E-4
1,6732592133E+4	4,8992473300E-4
1,6733148905E+4	4,9193295000E-4
1,6733701299E+4	4,9374056500E-4
1,6734254691E+4	4,9568638000E-4
1,6734807129E+4	4,9755392900E-4
1,6735359319E+4	4,9957088600E-4
1,6735914988E+4	5,0133385600E-4
1,6736465607E+4	5,0325698000E-4
1,6737024165E+4	5,0517821300E-4
1,6737574868E+4	5,0693555600E-4
1,6738134496E+4	5,0888019600E-4
1,6738686806E+4	5,1086000300E-4
1,6739245102E+4	5,1284675100E-4
1,6739796337E+4	5,1473069500E-4
1,6740354370E+4	5,1650867700E-4
1,6740905625E+4	5,1837403500E-4
1,6741462763E+4	5,2030797500E-4
1,6742013546E+4	5,2228406900E-4
1,6742574411E+4	5,2402593800E-4
1,6743126937E+4	5,2598028600E-4
1,6743684237E+4	5,2796634200E-4
1,6744234511E+4	5,2974017400E-4
1,6744791955E+4	5,3171264700E-4
1,6745343784E+4	5,3349503400E-4
1,6745897963E+4	5,3520187400E-4
1,6746449520E+4	5,3711840300E-4
1,6747004404E+4	5,3894439700E-4
1,6747555004E+4	5,4088919800E-4
1,6748106645E+4	5,4282101600E-4
1,6748666473E+4	5,4472227900E-4
1,6749218198E+4	5,4655722000E-4
1,6749771274E+4	5,4823364400E-4
1,6750321723E+4	5,5028795900E-4
1,6750881590E+4	5,5195396000E-4
1,6751432453E+4	5,5395519000E-4
1,6751990646E+4	5,5580615800E-4
1,6752541394E+4	5,5769453000E-4
1,6753100860E+4	5,5937307500E-4
1,6753651605E+4	5,6131052000E-4
1,6754209983E+4	5,6302529300E-4
1,6754760370E+4	5,6485716800E-4
1,6755318963E+4	5,6669868100E-4
1,6755870045E+4	5,6849312800E-4
1,6756427323E+4	5,7037884800E-4
1,6756978170E+4	5,7206726400E-4
1,6757538042E+4	5,7395379100E-4
1,6758089384E+4	5,7560985300E-4
1,6758649379E+4	5,7754194700E-4
1,6759200340E+4	5,7934250500E-4
1,6759760171E+4	5,8113199500E-4
1,6760311952E+4	5,8288640900E-4
1,6760878762E+4	5,8461453400E-4
1,6761430058E+4	5,8640413800E-4
1,6761980872E+4	5,8819376600E-4
1,6762532250E+4	5,8976083700E-4
1,6763092142E+4	5,9163687200E-4
1,6763643243E+4	5,9341137200E-4
1,6764200801E+4	5,9513601500E-4
1,6764753112E+4	5,9683815100E-4
1,6765313157E+4	5,9854609900E-4
1,6765863964E+4	6,0058521700E-4
1,6766423429E+4	6,0222156200E-4
1,6766976234E+4	6,0416638600E-4
1,6767532583E+4	6,0582134100E-4
1,6768083644E+4	6,0735914800E-4
1,6768633610E+4	6,0906928600E-4
1,6769191587E+4	6,1090830900E-4
1,6769743011E+4	6,1266899600E-4
1,6770300052E+4	6,1437851100E-4
1,6770853216E+4	6,1618953900E-4
1,6771407249E+4	6,1779103900E-4
1,6771959127E+4	6,1953789000E-4
1,6772521322E+4	6,2117935400E-4
1,6773072482E+4	6,2278166200E-4
1,6773630244E+4	6,2458309600E-4
1,6774181158E+4	6,2629906900E-4
1,6774737420E+4	6,2787612500E-4
1,6775288375E+4	6,2946902400E-4
1,6775848972E+4	6,3124684500E-4
1,6776399427E+4	6,3276655000E-4
1,6776956319E+4	6,3429684000E-4
1,6777507905E+4	6,3616611800E-4
1,6778065055E+4	6,3779824300E-4
1,6778615397E+4	6,3933192200E-4
1,6779170420E+4	6,4118798700E-4
1,6779721310E+4	6,4286427200E-4
1,6780279707E+4	6,4446254400E-4
1,6780830414E+4	6,4612132700E-4
1,6781381636E+4	6,4776991700E-4
1,6781937912E+4	6,4940185700E-4
1,6782490213E+4	6,5117518100E-4
1,6783047319E+4	6,5263456000E-4
1,6783598116E+4	6,5429544100E-4
1,6784154529E+4	6,5602153700E-4
1,6784706515E+4	6,5747037800E-4
1,6785264269E+4	6,5900666300E-4
1,6785814655E+4	6,6064420700E-4
1,6786375663E+4	6,6226630100E-4
1,6786927546E+4	6,6398866100E-4
1,6787485456E+4	6,6560754900E-4
1,6788035688E+4	6,6722007200E-4
1,6788596150E+4	6,6896999000E-4
1,6789146630E+4	6,7051372400E-4
1,6789701816E+4	6,7188033100E-4
1,6790252474E+4	6,7357737100E-4
1,6790805165E+4	6,7540922200E-4
1,6791361035E+4	6,7684676300E-4
1,6791911452E+4	6,7851760600E-4
1,6792470209E+4	6,8010017400E-4
1,6793020394E+4	6,8162612800E-4
1,6793581374E+4	6,8326577100E-4
1,6794132712E+4	6,8481879800E-4
1,6794694291E+4	6,8639414800E-4
1,6795245635E+4	6,8803577400E-4
1,6795801334E+4	6,8961091700E-4
1,6796352220E+4	6,9115008500E-4
1,6796903700E+4	6,9268574800E-4
1,6797460548E+4	6,9424749200E-4
1,6798012839E+4	6,9582129700E-4
1,6798568576E+4	6,9740863800E-4
1,6799120223E+4	6,9908102700E-4
1,6799670613E+4	7,0061131700E-4
1,6800229923E+4	7,0214220600E-4
1,6800780426E+4	7,0345639700E-4
1,6801337346E+4	7,0515910900E-4
1,6801887526E+4	7,0670844700E-4
1,6802446554E+4	7,0824881500E-4
1,6802998214E+4	7,0991693700E-4
1,6803554225E+4	7,1147508400E-4
1,6804105381E+4	7,1302204600E-4
1,6804660017E+4	7,1446251600E-4
1,6805212359E+4	7,1601213000E-4
1,6805764188E+4	7,1746890400E-4
1,6806317947E+4	7,1900410500E-4
1,6806870535E+4	7,2059709700E-4
1,6807426084E+4	7,2217470600E-4
1,6807976260E+4	7,2346911100E-4
1,6808534392E+4	7,2507162600E-4
1,6809086249E+4	7,2661038000E-4
1,6809639662E+4	7,2813109900E-4
1,6810190444E+4	7,2949350900E-4
1,6810750207E+4	7,3082580200E-4
1,6811300965E+4	7,3244842600E-4
1,6811858230E+4	7,3395747800E-4
1,6812408437E+4	7,3549108800E-4
1,6812959296E+4	7,3674534500E-4
1,6813511944E+4	7,3831661300E-4
1,6814067431E+4	7,3967224300E-4
1,6814619801E+4	7,4104440800E-4
1,6815176323E+4	7,4254107600E-4
1,6815726590E+4	7,4388187800E-4
1,6816283841E+4	7,4514766500E-4
1,6816834216E+4	7,4648669200E-4
1,6817386500E+4	7,4826880100E-4
1,6817945049E+4	7,4954584200E-4
1,6818496394E+4	7,5106877500E-4
1,6819053134E+4	7,5242000100E-4
1,6819604947E+4	7,5395165200E-4
1,6820155555E+4	7,5549082000E-4
1,6820713015E+4	7,5687227800E-4
1,6821265181E+4	7,5838670200E-4
1,6821819431E+4	7,5968378200E-4
1,6822370288E+4	7,6107116600E-4
1,6822921214E+4	7,6254744900E-4
1,6823481066E+4	7,6401247800E-4
1,6824031527E+4	7,6539026900E-4
1,6824591306E+4	7,6683908600E-4
1,6825141779E+4	7,6820115000E-4
1,6825700561E+4	7,6958459200E-4
1,6826252203E+4	7,7105282600E-4
1,6826811821E+4	7,7254543500E-4
1,6827363432E+4	7,7405988200E-4
1,6827923226E+4	7,7519512400E-4
1,6828487251E+4	7,7664006700E-4
1,6829037256E+4	7,7819632300E-4
1,6829588443E+4	7,7945514600E-4
1,6830142780E+4	7,8080724800E-4
1,6830693443E+4	7,8206715400E-4
1,6831250543E+4	7,8337873900E-4
1,6831802757E+4	7,8480613400E-4
1,6832357627E+4	7,8624847100E-4
1,6832909070E+4	7,8746603800E-4
1,6833467073E+4	7,8875585400E-4
1,6834018362E+4	7,9006446400E-4
1,6834568644E+4	7,9148055900E-4
1,6835125256E+4	7,9289690700E-4
1,6835677654E+4	7,9419680100E-4
1,6836234181E+4	7,9563828500E-4
1,6836784784E+4	7,9706104400E-4
1,6837335607E+4	7,9822847800E-4
1,6837895037E+4	7,9943310900E-4
1,6838446149E+4	8,0087936600E-4
1,6839002367E+4	8,0219971400E-4
1,6839552327E+4	8,0351265900E-4
1,6840117074E+4	8,0481679600E-4
1,6840667398E+4	8,0621241300E-4
1,6841225490E+4	8,0751352800E-4
1,6841777057E+4	8,0870768900E-4
1,6842335287E+4	8,1005829200E-4
1,6842887915E+4	8,1136321300E-4
1,6843447043E+4	8,1285699800E-4
1,6843998305E+4	8,1405817000E-4
1,6844556624E+4	8,1541670500E-4
1,6845107281E+4	8,1656179400E-4
1,6845665378E+4	8,1788543900E-4
1,6846215603E+4	8,1903615500E-4
1,6846772455E+4	8,2032154300E-4
1,6847323969E+4	8,2159164200E-4
1,6847881246E+4	8,2304242000E-4
1,6848432513E+4	8,2422687200E-4
1,6848989367E+4	8,2551002400E-4
1,6849540429E+4	8,2683452200E-4
1,6850097454E+4	8,2798648300E-4
1,6850649686E+4	8,2947404200E-4
1,6851205288E+4	8,3072760700E-4
1,6851755825E+4	8,3193350500E-4
1,6852311878E+4	8,3312121000E-4
1,6852863044E+4	8,3434774800E-4
1,6853415084E+4	8,3571327100E-4
1,6853971235E+4	8,3704847000E-4
1,6854522510E+4	8,3841279400E-4
1,6855080662E+4	8,3962325800E-4
1,6855632419E+4	8,4089649400E-4
1,6856189143E+4	8,4208578900E-4
1,6856739521E+4	8,4349653400E-4
1,6857298113E+4	8,4472074300E-4
1,6857850072E+4	8,4585420900E-4
1,6858407715E+4	8,4735518900E-4
1,6858958287E+4	8,4835377500E-4
1,6859509974E+4	8,4948306700E-4
1,6860065844E+4	8,5073628600E-4
1,6860616879E+4	8,5195445300E-4
1,6861173428E+4	8,5320907800E-4
1,6861724249E+4	8,5442586200E-4
1,6862274762E+4	8,5545730800E-4
1,6862831376E+4	8,5664625800E-4
1,6863382098E+4	8,5802778500E-4
1,6863938603E+4	8,5934875500E-4
1,6864489480E+4	8,6043893700E-4
1,6865040136E+4	8,6147721000E-4
1,6865597342E+4	8,6274039100E-4
1,6866150008E+4	8,6381650600E-4
1,6866704760E+4	8,6487069000E-4
1,6867257039E+4	8,6606192200E-4
1,6867808630E+4	8,6730820000E-4
1,6868364731E+4	8,6843714600E-4
1,6868916073E+4	8,6943165000E-4
1,6869470378E+4	8,7079369100E-4
1,6870021003E+4	8,7173356500E-4
1,6870572152E+4	8,7298297900E-4
1,6871128238E+4	8,7415255800E-4
1,6871678951E+4	8,7524460700E-4
1,6872238252E+4	8,7645099100E-4
1,6872790451E+4	8,7725967400E-4
1,6873342397E+4	8,7839274800E-4
1,6873896870E+4	8,7961139900E-4
1,6874447333E+4	8,8077620400E-4
1,6875007174E+4	8,8181500700E-4
1,6875557562E+4	8,8314937600E-4
1,6876118335E+4	8,8424885100E-4
1,6876669489E+4	8,8543803100E-4
1,6877227689E+4	8,8649516700E-4
1,6877780263E+4	8,8740098100E-4
1,6878338532E+4	8,8866485300E-4
1,6878890069E+4	8,8984663100E-4
1,6879447351E+4	8,9078306900E-4
1,6879998279E+4	8,9200845400E-4
1,6880559002E+4	8,9316832400E-4
1,6881111172E+4	8,9433045400E-4
1,6881671250E+4	8,9544906900E-4
1,6882221554E+4	8,9659547200E-4
1,6882776452E+4	8,9778490600E-4
1,6883327112E+4	8,9882956700E-4
1,6883884785E+4	8,9972159000E-4
1,6884435446E+4	9,0089024600E-4
1,6884991520E+4	9,0190873300E-4
1,6885541232E+4	9,0321268500E-4
1,6886100224E+4	9,0412776900E-4
1,6886650673E+4	9,0539572300E-4
1,6887202380E+4	9,0661227600E-4
1,6887756923E+4	9,0791313800E-4
1,6888308104E+4	9,0872297400E-4
1,6888864810E+4	9,0991958000E-4
1,6889415926E+4	9,1114155200E-4
1,6889972897E+4	9,1198323400E-4
1,6890524023E+4	9,1343039100E-4
1,6891084273E+4	9,1435269300E-4
1,6891635522E+4	9,1550529900E-4
1,6892194121E+4	9,1662126200E-4
1,6892745443E+4	9,1745090700E-4
1,6893300732E+4	9,1846556600E-4
1,6893852817E+4	9,1949200900E-4
1,6894412553E+4	9,2051351700E-4
1,6894962661E+4	9,2169787700E-4
1,6895520329E+4	9,2279301700E-4
1,6896073052E+4	9,2391200100E-4
1,6896625142E+4	9,2505911900E-4
1,6897178361E+4	9,2605758900E-4
1,6897728411E+4	9,2716451300E-4
1,6898284339E+4	9,2806882700E-4
1,6898834729E+4	9,2909702200E-4
1,6899386199E+4	9,3036375500E-4
1,6899944288E+4	9,3143961600E-4
1,6900495897E+4	9,3241237400E-4
1,6901053591E+4	9,3345442800E-4
1,6901606238E+4	9,3451301700E-4
1,6902163984E+4	9,3563892000E-4
1,6902714688E+4	9,3671275100E-4
1,6903274008E+4	9,3772727200E-4
1,6903826050E+4	9,3868414100E-4
1,6904380068E+4	9,3972128400E-4
1,6904930633E+4	9,4084690900E-4
1,6905481250E+4	9,4188732700E-4
1,6906039629E+4	9,4310381000E-4
1,6906590616E+4	9,4398988400E-4
1,6907147908E+4	9,4514839400E-4
1,6907698871E+4	9,4619065600E-4
1,6908259071E+4	9,4722111100E-4
1,6908810170E+4	9,4812314300E-4
1,6909370725E+4	9,4903144700E-4
1,6909922049E+4	9,5021481600E-4
1,6910479254E+4	9,5122324800E-4
1,6911031748E+4	9,5217296900E-4
1,6911586510E+4	9,5321961300E-4
1,6912136668E+4	9,5418483000E-4
1,6912698481E+4	9,5519317000E-4
1,6913250297E+4	9,5608408600E-4
1,6913807915E+4	9,5697195900E-4
1,6914359839E+4	9,5802021700E-4
1,6914913234E+4	9,5895776200E-4
1,6915464300E+4	9,5980034300E-4
1,6916020720E+4	9,6083596400E-4
1,6916571560E+4	9,6189372300E-4
1,6917129724E+4	9,6274914900E-4
1,6917680825E+4	9,6345655100E-4
1,6918231473E+4	9,6309660100E-4
1,6918788161E+4	9,6167345000E-4
1,6919338470E+4	9,6016087000E-4
1,6919893268E+4	9,5834649900E-4
1,6920444513E+4	9,5672099200E-4
1,6920994411E+4	9,5466863700E-4
1,6921554304E+4	9,5305516900E-4
1,6922105732E+4	9,5111212000E-4
1,6922664599E+4	9,4925764700E-4
1,6923217379E+4	9,4716758800E-4
1,6923774438E+4	9,4542839400E-4
1,6924326015E+4	9,4362873500E-4
1,6924886378E+4	9,4181946000E-4
1,6925436762E+4	9,3952467100E-4
1,6925993910E+4	9,3696964500E-4
1,6926544832E+4	9,3522383200E-4
1,6927102020E+4	9,3380121100E-4
1,6927654274E+4	9,3226969900E-4
1,6928210974E+4	9,3050892000E-4
1,6928763137E+4	9,2859485900E-4
1,6929316695E+4	9,2669926800E-4
1,6929867952E+4	9,2480925900E-4
1,6930418525E+4	9,2305971000E-4
1,6930977220E+4	9,2105486000E-4
1,6931527828E+4	9,1917852500E-4
1,6932086683E+4	9,1763594400E-4
1,6932638500E+4	9,1580393200E-4
1,6933198370E+4	9,1408083400E-4
1,6933748681E+4	9,1220223900E-4
1,6934310158E+4	9,1038775200E-4
1,6934861243E+4	9,0849347700E-4
1,6935420132E+4	9,0673016100E-4
1,6935970638E+4	9,0492123200E-4
1,6936530707E+4	9,0309189400E-4
1,6937081407E+4	9,0108413800E-4
1,6937640891E+4	8,9929859300E-4
1,6938191411E+4	8,9730854700E-4
1,6938750563E+4	8,9549472900E-4
1,6939302266E+4	8,9388400400E-4
1,6939863065E+4	8,9200257300E-4
1,6940414374E+4	8,9013504800E-4
1,6940970614E+4	8,8829434100E-4
1,6941521576E+4	8,8660016100E-4
1,6942081899E+4	8,8481440800E-4
1,6942632938E+4	8,8303340500E-4
1,6943194112E+4	8,8139440800E-4
1,6943744491E+4	8,7958630900E-4
1,6944302179E+4	8,7787764700E-4
1,6944854928E+4	8,7617394300E-4
1,6945408574E+4	8,7432299700E-4
1,6945958963E+4	8,7274003700E-4
1,6946515335E+4	8,7096491500E-4
1,6947065627E+4	8,6939535300E-4
1,6947616471E+4	8,6771570100E-4
1,6948176092E+4	8,6601875300E-4
1,6948727358E+4	8,6425968100E-4
1,6949287678E+4	8,6271463200E-4
1,6949839308E+4	8,6090030700E-4
1,6950394524E+4	8,5918472700E-4
1,6950945573E+4	8,5745394900E-4
1,6951496966E+4	8,5585295600E-4
1,6952054234E+4	8,5409063200E-4
1,6952605110E+4	8,5215424800E-4
1,6953160420E+4	8,5061494200E-4
1,6953711064E+4	8,4894903300E-4
1,6954261711E+4	8,4725180900E-4
1,6954817311E+4	8,4558919800E-4
1,6955370275E+4	8,4411432300E-4
1,6955927032E+4	8,4234090700E-4
1,6956477626E+4	8,4064202200E-4
1,6957028474E+4	8,3909439100E-4
1,6957584430E+4	8,3731343400E-4
1,6958134776E+4	8,3592517300E-4
1,6958696171E+4	8,3399215600E-4
1,6959246671E+4	8,3255936500E-4
1,6959805982E+4	8,3090185100E-4
1,6960356294E+4	8,2927415400E-4
1,6960917653E+4	8,2756549200E-4
1,6961469011E+4	8,2597342300E-4
1,6962025547E+4	8,2432937600E-4
1,6962577764E+4	8,2276617900E-4
1,6963137128E+4	8,2125309200E-4
1,6963689261E+4	8,1968078600E-4
1,6964247441E+4	8,1800906600E-4
1,6964800142E+4	8,1635655600E-4
1,6965355285E+4	8,1491159000E-4
1,6965906848E+4	8,1336545700E-4
1,6966464274E+4	8,1194078400E-4
1,6967016359E+4	8,1019527100E-4
1,6967574665E+4	8,0878157500E-4
1,6968125559E+4	8,0717859900E-4
1,6968684053E+4	8,0574567000E-4
1,6969235114E+4	8,0425972500E-4
1,6969794432E+4	8,0259266400E-4
1,6970345704E+4	8,0099847300E-4
1,6970905829E+4	7,9948614800E-4
1,6971458123E+4	7,9780986200E-4
1,6972016605E+4	7,9619528600E-4
1,6972569081E+4	7,9475643100E-4
1,6973123584E+4	7,9314088700E-4
1,6973674718E+4	7,9168033100E-4
1,6974233638E+4	7,9024528100E-4
1,6974784679E+4	7,8894017600E-4
1,6975339595E+4	7,8733251900E-4
1,6975891169E+4	7,8585114000E-4
1,6976448167E+4	7,8442759700E-4
1,6977000598E+4	7,8278936100E-4
1,6977551925E+4	7,8134137400E-4
1,6978107141E+4	7,7982109200E-4
1,6978658813E+4	7,7830795900E-4
1,6979210542E+4	7,7675285600E-4
1,6979767098E+4	7,7524479600E-4
1,6980318515E+4	7,7374402400E-4
1,6980874474E+4	7,7233129600E-4
1,6981425840E+4	7,7080873100E-4
1,6981977492E+4	7,6956563600E-4
1,6982533254E+4	7,6808464900E-4
1,6983083414E+4	7,6646483900E-4
1,6983640135E+4	7,6511783300E-4
1,6984193193E+4	7,6372682800E-4
1,6984748378E+4	7,6214206900E-4
1,6985299724E+4	7,6072890300E-4
1,6985860043E+4	7,5909006800E-4
1,6986410458E+4	7,5770049300E-4
1,6986968224E+4	7,5626507400E-4
1,6987519273E+4	7,5486775000E-4
1,6988070015E+4	7,5324985400E-4
1,6988627406E+4	7,5189330100E-4
1,6989178277E+4	7,5055914000E-4
1,6989735669E+4	7,4911832500E-4
1,6990287390E+4	7,4750416400E-4
1,6990847492E+4	7,4636673100E-4
1,6991398456E+4	7,4497874700E-4
1,6991959301E+4	7,4364901400E-4
1,6992510477E+4	7,4220028900E-4
1,6993064688E+4	7,4068003000E-4
1,6993615450E+4	7,3937617100E-4
1,6994165608E+4	7,3807687700E-4
1,6994726977E+4	7,3666864600E-4
1,6995278350E+4	7,3512717200E-4
1,6995835681E+4	7,3383281300E-4
1,6996386710E+4	7,3257793400E-4
1,6996946221E+4	7,3122221100E-4
1,6997497529E+4	7,2974738200E-4
1,6998057235E+4	7,2842770300E-4
1,6998609750E+4	7,2690142500E-4
1,6999165221E+4	7,2542627300E-4
1,6999717368E+4	7,2421945100E-4
1,7000269983E+4	7,2276470700E-4
1,7000825845E+4	7,2148688300E-4
1,7001377276E+4	7,2002983300E-4
1,7001936192E+4	7,1857020000E-4
1,7002488631E+4	7,1719695200E-4
1,7003043358E+4	7,1586823300E-4
1,7003595266E+4	7,1455000700E-4
1,7004149190E+4	7,1308094200E-4
1,7004700122E+4	7,1187087000E-4
1,7005257100E+4	7,1056122200E-4
1,7005807403E+4	7,0917353800E-4
1,7006358199E+4	7,0779519300E-4
1,7006917309E+4	7,0643806400E-4
1,7007467480E+4	7,0511704700E-4
1,7008025675E+4	7,0378191800E-4
1,7008577989E+4	7,0248359300E-4
1,7009137061E+4	7,0107344700E-4
1,7009687363E+4	6,9979131100E-4
1,7010247231E+4	6,9854270400E-4
1,7010797467E+4	6,9711390300E-4
1,7011358334E+4	6,9587788700E-4
1,7011909174E+4	6,9434390800E-4
1,7012468488E+4	6,9310030500E-4
1,7013021327E+4	6,9163878100E-4
1,7013577352E+4	6,9051829800E-4
1,7014128320E+4	6,8923683000E-4
1,7014688121E+4	6,8789459800E-4
1,7015240162E+4	6,8664315500E-4
1,7015793952E+4	6,8520745900E-4
1,7016344238E+4	6,8387505000E-4
1,7016904238E+4	6,8246797200E-4
1,7017455221E+4	6,8117340600E-4
1,7018011441E+4	6,8002960900E-4
1,7018563190E+4	6,7862917200E-4
1,7019120203E+4	6,7731558100E-4
1,7019670899E+4	6,7601335900E-4
1,7020231158E+4	6,7462627400E-4
1,7020783237E+4	6,7353883700E-4
1,7021339439E+4	6,7242564100E-4
1,7021890364E+4	6,7103964000E-4
1,7022442191E+4	6,6985424200E-4
1,7022999289E+4	6,6850347700E-4
1,7023550388E+4	6,6736486900E-4
1,7024106415E+4	6,6596242600E-4
1,7024659321E+4	6,6462256900E-4
1,7025210006E+4	6,6355770800E-4
1,7025766358E+4	6,6229731700E-4
1,7026317215E+4	6,6113493300E-4
1,7026870941E+4	6,5984013600E-4
1,7027421847E+4	6,5879257000E-4
1,7027981095E+4	6,5746000000E-4
1,7028531290E+4	6,5615847000E-4
1,7029088060E+4	6,5475473600E-4
1,7029639559E+4	6,5367834400E-4
1,7030194372E+4	6,5220450600E-4
1,7030744831E+4	6,5097462400E-4
1,7031295386E+4	6,4987787100E-4
1,7031854799E+4	6,4864084000E-4
1,7032405556E+4	6,4749250000E-4
1,7032964748E+4	6,4627311100E-4
1,7033515506E+4	6,4507611300E-4
1,7034075430E+4	6,4390512800E-4
1,7034626474E+4	6,4272355800E-4
1,7035186359E+4	6,4153460800E-4
1,7035738740E+4	6,4020612000E-4
1,7036295373E+4	6,3906068600E-4
1,7036846571E+4	6,3777310700E-4
1,7037402988E+4	6,3661314400E-4
1,7037953994E+4	6,3534657300E-4
1,7038513409E+4	6,3412022000E-4
1,7039064369E+4	6,3290212200E-4
1,7039621964E+4	6,3153620700E-4
1,7040172502E+4	6,3031970000E-4
1,7040730084E+4	6,2910974300E-4
1,7041282077E+4	6,2797016500E-4
1,7041838132E+4	6,2667304000E-4
1,7042388481E+4	6,2540928200E-4
1,7042946384E+4	6,2423029500E-4
1,7043497527E+4	6,2317142900E-4
1,7044053528E+4	6,2189955400E-4
1,7044604477E+4	6,2082846700E-4
1,7045163851E+4	6,1958608600E-4
1,7045715448E+4	6,1842642300E-4
1,7046272540E+4	6,1714181900E-4
1,7046823137E+4	6,1604278200E-4
1,7047381512E+4	6,1464935600E-4
1,7047932295E+4	6,1332089100E-4
1,7048488871E+4	6,1215071300E-4
1,7049039796E+4	6,1103594900E-4
1,7049596417E+4	6,0978058500E-4
1,7050148941E+4	6,0875536500E-4
1,7050704027E+4	6,0746744000E-4
1,7051254904E+4	6,0644000600E-4
1,7051812576E+4	6,0514915200E-4
1,7052365171E+4	6,0423517500E-4
1,7052918455E+4	6,0293230700E-4
1,7053469322E+4	6,0203622500E-4
1,7054020001E+4	6,0083936600E-4
1,7054576832E+4	5,9968383100E-4
1,7055128487E+4	5,9881611300E-4
1,7055685624E+4	5,9752145500E-4
1,7056236953E+4	5,9642952100E-4
1,7056792835E+4	5,9531408800E-4
1,7057343323E+4	5,9425344600E-4
1,7057903982E+4	5,9314931300E-4
1,7058454521E+4	5,9204684000E-4
1,7059015041E+4	5,9087440200E-4
1,7059567048E+4	5,8967546800E-4
1,7060126333E+4	5,8872369500E-4
1,7060677280E+4	5,8767868800E-4
1,7061238041E+4	5,8663792500E-4
1,7061788306E+4	5,8543998200E-4
1,7062349432E+4	5,8436052300E-4
1,7062901105E+4	5,8326100200E-4
1,7063457500E+4	5,8242593800E-4
1,7064008845E+4	5,8120124500E-4
1,7064568456E+4	5,8009921000E-4
1,7065118501E+4	5,7908505900E-4
1,7065680198E+4	5,7814444700E-4
1,7066231905E+4	5,7698446200E-4
1,7066789433E+4	5,7584327000E-4
1,7067339708E+4	5,7477474200E-4
1,7067897421E+4	5,7365562000E-4
1,7068448804E+4	5,7262168200E-4
1,7069005358E+4	5,7159593200E-4
1,7069555942E+4	5,7041396900E-4
1,7070112613E+4	5,6951786400E-4
1,7070664482E+4	5,6839327700E-4
1,7071218725E+4	5,6733960000E-4
1,7071769501E+4	5,6644169600E-4
1,7072319419E+4	5,6534540300E-4
1,7072879036E+4	5,6442190200E-4
1,7073429942E+4	5,6312491500E-4
1,7073986597E+4	5,6222779500E-4
1,7074538686E+4	5,6113247100E-4
1,7075097521E+4	5,6010173900E-4
1,7075648418E+4	5,5914085700E-4
1,7076208932E+4	5,5827129400E-4
1,7076776915E+4	5,5708056900E-4
1,7077327822E+4	5,5596409900E-4
1,7077920629E+4	5,5491538000E-4
1,7078472043E+4	5,5406320500E-4
1,7079029701E+4	5,5287868300E-4
1,7079581803E+4	5,5198861900E-4
1,7080140621E+4	5,5114578400E-4
1,7080691600E+4	5,5007388900E-4
1,7081249633E+4	5,4898689000E-4
1,7081802189E+4	5,4809687300E-4
1,7082361162E+4	5,4713838900E-4
1,7082912419E+4	5,4602828300E-4
1,7083472348E+4	5,4487473100E-4
1,7084023287E+4	5,4400025700E-4
1,7084581040E+4	5,4293041500E-4
1,7085133146E+4	5,4192403500E-4
1,7085691798E+4	5,4103385600E-4
1,7086244397E+4	5,3998728200E-4
1,7086801426E+4	5,3901987400E-4
1,7087353381E+4	5,3804658500E-4
1,7087909833E+4	5,3707237500E-4
1,7088462175E+4	5,3623943200E-4
1,7089019340E+4	5,3513202400E-4
1,7089571786E+4	5,3417522400E-4
1,7090130389E+4	5,3306710100E-4
1,7090681753E+4	5,3231263300E-4
1,7091238463E+4	5,3141253900E-4
1,7091788276E+4	5,3051786300E-4
1,7092346553E+4	5,2936841600E-4
1,7092897694E+4	5,2854361400E-4
1,7093454676E+4	5,2746092700E-4
1,7094007387E+4	5,2664099100E-4
1,7094563895E+4	5,2561035100E-4
1,7095114648E+4	5,2473004200E-4
1,7095670240E+4	5,2364057500E-4
1,7096222250E+4	5,2261779900E-4
1,7096778506E+4	5,2176011300E-4
1,7097329317E+4	5,2095053000E-4
1,7097884859E+4	5,1995148400E-4
1,7098435891E+4	5,1905215000E-4
1,7098987006E+4	5,1803366300E-4
1,7099545207E+4	5,1716638400E-4
1,7100096052E+4	5,1612052400E-4
1,7100654273E+4	5,1535268100E-4
1,7101206006E+4	5,1438442000E-4
1,7101765404E+4	5,1350556400E-4
1,7102315549E+4	5,1253919400E-4
1,7102873477E+4	5,1168293700E-4
1,7103423350E+4	5,1077645500E-4
1,7103983893E+4	5,0989130300E-4
1,7104534672E+4	5,0895982400E-4
1,7105094258E+4	5,0800687400E-4
1,7105644921E+4	5,0717003500E-4
1,7106204735E+4	5,0630395400E-4
1,7106755706E+4	5,0545689900E-4
1,7107314218E+4	5,0454428200E-4
1,7107866329E+4	5,0358856600E-4
1,7108422179E+4	5,0280700200E-4
1,7108974298E+4	5,0198803400E-4
1,7109532696E+4	5,0119736100E-4
1,7110083363E+4	5,0031308600E-4
1,7110643481E+4	4,9941303800E-4
1,7111194736E+4	4,9864881500E-4
1,7111753903E+4	4,9764056700E-4
1,7112304595E+4	4,9693390300E-4
1,7112863350E+4	4,9600193900E-4
1,7113414019E+4	4,9522328100E-4
1,7113974277E+4	4,9423777000E-4
1,7114525638E+4	4,9335707000E-4
1,7115083484E+4	4,9255781800E-4
1,7115636760E+4	4,9180233600E-4
1,7116191431E+4	4,9095419600E-4
1,7116742276E+4	4,8982834000E-4
1,7117301425E+4	4,8909951500E-4
1,7117853916E+4	4,8825257500E-4
1,7118410815E+4	4,8727308400E-4
1,7118962022E+4	4,8643991000E-4
1,7119518616E+4	4,8548647700E-4
1,7120069568E+4	4,8459258600E-4
1,7120626181E+4	4,8381030700E-4
1,7121176587E+4	4,8294448000E-4
1,7121729128E+4	4,8210524200E-4
1,7122284984E+4	4,8133094200E-4
1,7122835991E+4	4,8036039800E-4
1,7123391279E+4	4,7936038200E-4
1,7123942070E+4	4,7866614800E-4
1,7124492387E+4	4,7770944000E-4
1,7125053090E+4	4,7690186400E-4
1,7125605210E+4	4,7604191800E-4
1,7126160202E+4	4,7531087900E-4
1,7126711415E+4	4,7454412000E-4
1,7127263115E+4	4,7364248000E-4
1,7127819267E+4	4,7279344200E-4
1,7128369543E+4	4,7222571700E-4
1,7128926974E+4	4,7123504100E-4
1,7129479118E+4	4,7021809900E-4
1,7130034846E+4	4,6945431500E-4
1,7130587201E+4	4,6866544100E-4
1,7131144832E+4	4,6785761100E-4
1,7131696803E+4	4,6685293700E-4
1,7132252414E+4	4,6617482300E-4
1,7132803199E+4	4,6525581800E-4
1,7133353424E+4	4,6432081000E-4
1,7133913316E+4	4,6355841000E-4
1,7134465111E+4	4,6276559200E-4
1,7135019800E+4	4,6183362800E-4
1,7135570993E+4	4,6098786400E-4
1,7136128667E+4	4,6003030300E-4
1,7136680323E+4	4,5958311500E-4
1,7137238960E+4	4,5865209600E-4
1,7137789386E+4	4,5774257000E-4
1,7138349538E+4	4,5704540700E-4
1,7138900503E+4	4,5624950000E-4
1,7139463319E+4	4,5562912800E-4
1,7140015218E+4	4,5463909800E-4
1,7140570884E+4	4,5387010200E-4
1,7141121686E+4	4,5319284000E-4
1,7141682212E+4	4,5227554200E-4
1,7142232586E+4	4,5159595200E-4
1,7142792405E+4	4,5089417700E-4
1,7143343058E+4	4,5009790000E-4
1,7143900839E+4	4,4941863200E-4
1,7144451880E+4	4,4862846700E-4
1,7145008905E+4	4,4796838500E-4
1,7145560036E+4	4,4702881100E-4
1,7146119817E+4	4,4625444200E-4
1,7146670856E+4	4,4543448200E-4
1,7147229241E+4	4,4482875400E-4
1,7147780641E+4	4,4396052900E-4
1,7148332465E+4	4,4332786600E-4
1,7148887406E+4	4,4248807500E-4
1,7149439925E+4	4,4179739200E-4
1,7149998131E+4	4,4079585500E-4
1,7150548350E+4	4,4005515400E-4
1,7151106128E+4	4,3923362600E-4
1,7151656962E+4	4,3860393800E-4
1,7152216759E+4	4,3787147000E-4
1,7152767838E+4	4,3713086100E-4
1,7153325388E+4	4,3650405500E-4
1,7153876600E+4	4,3566574000E-4
1,7154435008E+4	4,3500503600E-4
1,7154985504E+4	4,3424978400E-4
1,7155541283E+4	4,3340056000E-4
1,7156091638E+4	4,3272597400E-4
1,7156650339E+4	4,3193350200E-4
1,7157200896E+4	4,3109391800E-4
1,7157751836E+4	4,3036986700E-4
1,7158310131E+4	4,2944246900E-4
1,7158860717E+4	4,2881344900E-4
1,7159419176E+4	4,2830277600E-4
1,7159971035E+4	4,2738725400E-4
1,7160528988E+4	4,2659734200E-4
1,7161080075E+4	4,2592314800E-4
1,7161640070E+4	4,2508780700E-4
1,7162190725E+4	4,2413661000E-4
1,7162750157E+4	4,2338470200E-4
1,7163302278E+4	4,2270033800E-4
1,7163857243E+4	4,2203663600E-4
1,7164407447E+4	4,2123687700E-4
1,7164965339E+4	4,2046919500E-4
1,7165515739E+4	4,1992623800E-4
1,7166073157E+4	4,1925158200E-4
1,7166623824E+4	4,1865835200E-4
1,7167174545E+4	4,1778101800E-4
1,7167731965E+4	4,1720769000E-4
1,7168282513E+4	4,1646475200E-4
1,7168839781E+4	4,1601101500E-4
1,7169391198E+4	4,1504828900E-4
1,7169950373E+4	4,1454727800E-4
1,7170502146E+4	4,1379751400E-4
1,7171061116E+4	4,1317303800E-4
1,7171612013E+4	4,1243010000E-4
1,7172168388E+4	4,1182278100E-4
1,7172718676E+4	4,1115580400E-4
1,7173277529E+4	4,1055639400E-4
1,7173828559E+4	4,0984073700E-4
1,7174387421E+4	4,0912609400E-4
1,7174938163E+4	4,0831701900E-4
1,7175492884E+4	4,0773919400E-4
1,7176045046E+4	4,0695391800E-4
1,7176596490E+4	4,0641762400E-4
1,7177152209E+4	4,0573867900E-4
1,7177703019E+4	4,0499569500E-4
1,7178261955E+4	4,0429136100E-4
1,7178813374E+4	4,0360337600E-4
1,7179372869E+4	4,0306565300E-4
1,7179923428E+4	4,0239454800E-4
1,7180483454E+4	4,0182295000E-4
1,7181033691E+4	4,0126405700E-4
1,7181590875E+4	4,0076438400E-4
1,7182142284E+4	4,0006426900E-4
1,7182698328E+4	3,9944516600E-4
1,7183250045E+4	3,9883249700E-4
1,7183802271E+4	3,9806647500E-4
1,7184358435E+4	3,9757925500E-4
1,7184909355E+4	3,9688589700E-4
1,7185469290E+4	3,9628588800E-4
1,7186020842E+4	3,9557076100E-4
1,7186581638E+4	3,9506527600E-4
1,7187133251E+4	3,9433193100E-4
1,7187690193E+4	3,9368826900E-4
1,7188242432E+4	3,9301543500E-4
1,7188793279E+4	3,9230106900E-4
1,7189349940E+4	3,9172790200E-4
1,7189900755E+4	3,9094555400E-4
1,7190457433E+4	3,9045510500E-4
1,7191008553E+4	3,8982327200E-4
1,7191560149E+4	3,8921754400E-4
1,7192116865E+4	3,8848253900E-4
1,7192670179E+4	3,8788080000E-4
1,7193225329E+4	3,8751642200E-4
1,7193776144E+4	3,8681204200E-4
1,7194337410E+4	3,8629318200E-4
1,7194887296E+4	3,8549960400E-4
1,7195449463E+4	3,8506258600E-4
1,7196001307E+4	3,8450064900E-4
1,7196555358E+4	3,8371032200E-4
1,7197106138E+4	3,8315599600E-4
1,7197657371E+4	3,8253666200E-4
1,7198214055E+4	3,8186666400E-4
1,7198765118E+4	3,8133376100E-4
1,7199319441E+4	3,8067487800E-4
1,7199870218E+4	3,7989790300E-4
1,7200420438E+4	3,7951770600E-4
1,7200978251E+4	3,7889535100E-4
1,7201529862E+4	3,7823930500E-4
1,7202084567E+4	3,7776292300E-4
1,7202636383E+4	3,7700024500E-4
1,7203188382E+4	3,7641520200E-4
1,7203744440E+4	3,7586290500E-4
1,7204296232E+4	3,7520905000E-4
1,7204851961E+4	3,7434292300E-4
1,7205402716E+4	3,7376560500E-4
1,7205959414E+4	3,7328952300E-4
1,7206510199E+4	3,7257467300E-4
1,7207066850E+4	3,7217395200E-4
1,7207618680E+4	3,7134880400E-4
1,7208173856E+4	3,7080379300E-4
1,7208725515E+4	3,7019220800E-4
1,7209283141E+4	3,6961611200E-4
1,7209834079E+4	3,6901402800E-4
1,7210389415E+4	3,6839243400E-4
1,7210939772E+4	3,6779101800E-4
1,7211496499E+4	3,6725089700E-4
1,7212047192E+4	3,6658477300E-4
1,7212605170E+4	3,6593518400E-4
1,7213157391E+4	3,6523022700E-4
1,7213716822E+4	3,6444358900E-4
1,7214268391E+4	3,6387833200E-4
1,7214823417E+4	3,6334838100E-4
1,7215374210E+4	3,6276898700E-4
1,7215932334E+4	3,6195709900E-4
1,7216484518E+4	3,6136317800E-4
1,7217038579E+4	3,6071031400E-4
1,7217591128E+4	3,6020759700E-4
1,7218146602E+4	3,5959031500E-4
1,7218697544E+4	3,5881283300E-4
1,7219248538E+4	3,5818646600E-4
1,7219805849E+4	3,5759051500E-4
1,7220358442E+4	3,5690997900E-4
1,7220914539E+4	3,5634248500E-4
1,7221467048E+4	3,5580123300E-4
1,7222026090E+4	3,5510393200E-4
1,7222576808E+4	3,5443033700E-4
1,7223136940E+4	3,5371410300E-4
1,7223690217E+4	3,5321369200E-4
1,7224246284E+4	3,5256493300E-4
1,7224796797E+4	3,5197055100E-4
1,7225355570E+4	3,5145325900E-4
1,7225906394E+4	3,5074200600E-4
1,7226466269E+4	3,5010738300E-4
1,7227018288E+4	3,4954786800E-4
1,7227578308E+4	3,4889687200E-4
1,7228128430E+4	3,4821956500E-4
1,7228687412E+4	3,4786300400E-4
1,7229240208E+4	3,4710337100E-4
1,7229791551E+4	3,4643653300E-4
1,7230345771E+4	3,4600511800E-4
1,7230896553E+4	3,4545526500E-4
1,7231456948E+4	3,4483247200E-4
1,7232009384E+4	3,4426361800E-4
1,7232567411E+4	3,4366658300E-4
1,7233119912E+4	3,4309595300E-4
1,7233678028E+4	3,4246495100E-4
1,7234229327E+4	3,4196645300E-4
1,7234788256E+4	3,4134965600E-4
1,7235339799E+4	3,4103557300E-4
1,7235895511E+4	3,4031793300E-4
1,7236446221E+4	3,3973441200E-4
1,7236998413E+4	3,3904841000E-4
1,7237552654E+4	3,3860237500E-4
1,7238104022E+4	3,3812142700E-4
1,7238662153E+4	3,3743346500E-4
1,7239212526E+4	3,3706159300E-4
1,7239764777E+4	3,3627557800E-4
1,7240320971E+4	3,3578462200E-4
1,7240873220E+4	3,3516657900E-4
1,7241430575E+4	3,3471323400E-4
1,7241980292E+4	3,3422868900E-4
1,7242540630E+4	3,3376724900E-4
1,7243092299E+4	3,3330172900E-4
1,7243651758E+4	3,3278524400E-4
1,7244204318E+4	3,3202563400E-4
1,7244760188E+4	3,3143341900E-4
1,7245312370E+4	3,3099672400E-4
1,7245863284E+4	3,3032704900E-4
1,7246420805E+4	3,3003339700E-4
1,7246972505E+4	3,2936609800E-4
1,7247532195E+4	3,2866944200E-4
1,7248083346E+4	3,2818628000E-4
1,7248642123E+4	3,2767122600E-4
1,7249193618E+4	3,2699285700E-4
1,7249753671E+4	3,2655715300E-4
1,7250304635E+4	3,2591335200E-4
1,7250860441E+4	3,2538962700E-4
1,7251410435E+4	3,2494089400E-4
1,7251961225E+4	3,2442687700E-4
1,7252519648E+4	3,2372620900E-4
1,7253071347E+4	3,2333828700E-4
1,7253628011E+4	3,2291383700E-4
1,7254178301E+4	3,2226097300E-4
1,7254736013E+4	3,2181733600E-4
1,7255288007E+4	3,2130534900E-4
1,7255844332E+4	3,2080115600E-4
1,7256395854E+4	3,2035860300E-4
1,7256949706E+4	3,2001463400E-4
1,7257501837E+4	3,1944912300E-4
1,7258052451E+4	3,1908100900E-4
1,7258611095E+4	3,1837962600E-4
1,7259163502E+4	3,1803337400E-4
1,7259720196E+4	3,1760514200E-4
1,7260272271E+4	3,1699507800E-4
1,7260830027E+4	3,1646455000E-4
1,7261381466E+4	3,1595482300E-4
1,7261942123E+4	3,1560873200E-4
1,7262492338E+4	3,1498384000E-4
1,7263050428E+4	3,1457152000E-4
1,7263602102E+4	3,1404221400E-4
1,7264160857E+4	3,1341985900E-4
1,7264711620E+4	3,1290194500E-4
1,7265272195E+4	3,1252047900E-4
1,7265825419E+4	3,1201776200E-4
1,7266381826E+4	3,1144662500E-4
1,7266932758E+4	3,1119498900E-4
1,7267489801E+4	3,1067207100E-4
1,7268041340E+4	3,1017136000E-4
1,7268597399E+4	3,0965928000E-4
1,7269148589E+4	3,0895547600E-4
1,7269704397E+4	3,0848838700E-4
1,7270256159E+4	3,0777637300E-4
1,7270813562E+4	3,0735406800E-4
1,7271364665E+4	3,0691329100E-4
1,7271916017E+4	3,0652656700E-4
1,7272471135E+4	3,0593656600E-4
1,7273024298E+4	3,0533842500E-4
1,7273580105E+4	3,0482606800E-4
1,7274131535E+4	3,0429307300E-4
1,7274682387E+4	3,0387298100E-4
1,7275235534E+4	3,0334734200E-4
1,7275787141E+4	3,0296822800E-4
1,7276342390E+4	3,0249696500E-4
1,7276894147E+4	3,0202115900E-4
1,7277445453E+4	3,0161508800E-4
1,7277996951E+4	3,0114015900E-4
1,7278552028E+4	3,0083223300E-4
1,7279102337E+4	3,0042341800E-4
1,7279662377E+4	2,9964044700E-4
1,7280214253E+4	2,9909506800E-4
1,7280772361E+4	2,9876553500E-4
1,7281322938E+4	2,9819225200E-4
1,7281880486E+4	2,9775011500E-4
1,7282430668E+4	2,9723063300E-4
1,7282983002E+4	2,9676428200E-4
1,7283541489E+4	2,9626251000E-4
1,7284092943E+4	2,9591558900E-4
1,7284647901E+4	2,9545375800E-4
1,7285199989E+4	2,9488183600E-4
1,7285756912E+4	2,9418476500E-4
1,7286308012E+4	2,9376875500E-4
1,7286863971E+4	2,9346272000E-4
1,7287415887E+4	2,9285814500E-4
1,7287972212E+4	2,9236289900E-4
1,7288524427E+4	2,9181482200E-4
1,7289077127E+4	2,9155871300E-4
1,7289631308E+4	2,9114669300E-4
1,7290182050E+4	2,9073079800E-4
1,7290739567E+4	2,9036316800E-4
1,7291290432E+4	2,8987659300E-4
1,7291847742E+4	2,8941713700E-4
1,7292399706E+4	2,8893510500E-4
1,7292959910E+4	2,8849280600E-4
1,7293512061E+4	2,8799728400E-4
1,7294066692E+4	2,8759363400E-4
1,7294617858E+4	2,8706866400E-4
1,7295169205E+4	2,8676057600E-4
1,7295726223E+4	2,8627845200E-4
1,7296277436E+4	2,8590291300E-4
1,7296834376E+4	2,8541126500E-4
1,7297385373E+4	2,8496260100E-4
1,7297944293E+4	2,8466320800E-4
1,7298494280E+4	2,8402291200E-4
1,7299050391E+4	2,8367027200E-4
1,7299602142E+4	2,8320512000E-4
1,7300156201E+4	2,8284646100E-4
1,7300706806E+4	2,8234752600E-4
1,7301264590E+4	2,8194341500E-4
1,7301817432E+4	2,8170628400E-4
1,7302372250E+4	2,8130189700E-4
1,7302924261E+4	2,8097381600E-4
1,7303479331E+4	2,8053615200E-4
1,7304031336E+4	2,8008518200E-4
1,7304581373E+4	2,7950927100E-4
1,7305138874E+4	2,7929225000E-4
1,7305690585E+4	2,7887024400E-4
1,7306247092E+4	2,7834894000E-4
1,7306798440E+4	2,7810383100E-4
1,7307350343E+4	2,7756267200E-4
1,7307906460E+4	2,7720908600E-4
1,7308457571E+4	2,7696656000E-4
1,7309017567E+4	2,7618017600E-4
1,7309568022E+4	2,7578385900E-4
1,7310127976E+4	2,7526387000E-4
1,7310678438E+4	2,7457980500E-4
1,7311240097E+4	2,7417428800E-4
1,7311792011E+4	2,7350350600E-4
1,7312347260E+4	2,7312563800E-4
1,7312898708E+4	2,7273095900E-4
1,7313451289E+4	2,7191775600E-4
1,7314008277E+4	2,7148205200E-4
1,7314559436E+4	2,7085640000E-4
1,7315118447E+4	2,7055518400E-4
1,7315668635E+4	2,6997104100E-4
1,7316228905E+4	2,6929126600E-4
1,7316779792E+4	2,6881472200E-4
1,7317335373E+4	2,6852049400E-4
1,7317885345E+4	2,6798742900E-4
1,7318443175E+4	2,6750399000E-4
1,7318993532E+4	2,6729928300E-4
1,7319545531E+4	2,6688096700E-4
1,7320101838E+4	2,6643115000E-4
1,7320654332E+4	2,6599945900E-4
1,7321212213E+4	2,6551846500E-4
1,7321764361E+4	2,6526717500E-4
1,7322324069E+4	2,6474342700E-4
1,7322875022E+4	2,6432764700E-4
1,7323435658E+4	2,6397030300E-4
1,7323987664E+4	2,6351681900E-4
1,7324544070E+4	2,6302415700E-4
1,7325095217E+4	2,6268272400E-4
1,7325653073E+4	2,6239901100E-4
1,7326204140E+4	2,6195521400E-4
1,7326762792E+4	2,6173844600E-4
1,7327315119E+4	2,6137881800E-4
1,7327872006E+4	2,6092927800E-4
1,7328422983E+4	2,6057366300E-4
1,7328982054E+4	2,6025863500E-4
1,7329533359E+4	2,5977000800E-4
1,7330093097E+4	2,5939234700E-4
1,7330643460E+4	2,5889585600E-4
1,7331202461E+4	2,5874799200E-4
1,7331754430E+4	2,5836724200E-4
1,7332312412E+4	2,5789358100E-4
1,7332862654E+4	2,5768068700E-4
1,7333424108E+4	2,5731232000E-4
1,7333975141E+4	2,5693216800E-4
1,7334532741E+4	2,5653543700E-4
1,7335083646E+4	2,5616001300E-4
1,7335645404E+4	2,5586304100E-4
1,7336196510E+4	2,5535033800E-4
1,7336755874E+4	2,5508982500E-4
1,7337307006E+4	2,5456388600E-4
1,7337866413E+4	2,5430747700E-4
1,7338417666E+4	2,5399053400E-4
1,7338977354E+4	2,5366561300E-4
1,7339530166E+4	2,5331998300E-4
1,7340087443E+4	2,5303954500E-4
1,7340638368E+4	2,5266338400E-4
1,7341195771E+4	2,5225918000E-4
1,7341748078E+4	2,5187130400E-4
1,7342299628E+4	2,5143121900E-4
1,7342857370E+4	2,5095520600E-4
1,7343408030E+4	2,5055833600E-4
1,7343964299E+4	2,5019967700E-4
1,7344516353E+4	2,4970053400E-4
1,7345071526E+4	2,4935739500E-4
1,7345623364E+4	2,4899437800E-4
1,7346184357E+4	2,4858281800E-4
1,7346735759E+4	2,4819337400E-4
1,7347294419E+4	2,4775594000E-4
1,7347846617E+4	2,4726996500E-4
1,7348405858E+4	2,4699981200E-4
1,7348956946E+4	2,4665466700E-4
1,7349517399E+4	2,4601266400E-4
1,7350069250E+4	2,4575639400E-4
1,7350627227E+4	2,4522607300E-4
1,7351177277E+4	2,4485032700E-4
1,7351734562E+4	2,4461672500E-4
1,7352286108E+4	2,4402351800E-4
1,7352837241E+4	2,4365413600E-4
1,7353393271E+4	2,4340983400E-4
1,7353944337E+4	2,4288479400E-4
1,7354502167E+4	2,4273291800E-4
1,7355053231E+4	2,4224788800E-4
1,7355610276E+4	2,4202387900E-4
1,7356162233E+4	2,4166307600E-4
1,7356720597E+4	2,4121233700E-4
1,7357271429E+4	2,4082812700E-4
1,7357828767E+4	2,4039728900E-4
1,7358380396E+4	2,4017535600E-4
1,7358932090E+4	2,3973033500E-4
1,7359488557E+4	2,3926428400E-4
1,7360039485E+4	2,3881894100E-4
1,7360597713E+4	2,3858091200E-4
1,7361148540E+4	2,3814020400E-4
1,7361708318E+4	2,3780490500E-4
1,7362260552E+4	2,3736791000E-4
1,7362820115E+4	2,3679930900E-4
1,7363372371E+4	2,3645190400E-4
1,7363927349E+4	2,3613083400E-4
1,7364478727E+4	2,3593214500E-4
1,7365030272E+4	2,3548846200E-4
1,7365588512E+4	2,3518856100E-4
1,7366138753E+4	2,3487726900E-4
1,7366697276E+4	2,3428180200E-4
1,7367249754E+4	2,3407322100E-4
1,7367807658E+4	2,3358763700E-4
1,7368358414E+4	2,3335502700E-4
1,7368917547E+4	2,3311554400E-4
1,7369468191E+4	2,3256938100E-4
1,7370025370E+4	2,3224808000E-4
1,7370577000E+4	2,3176685500E-4
1,7371133499E+4	2,3137971700E-4
1,7371684228E+4	2,3105002200E-4
1,7372242375E+4	2,3067967200E-4
1,7372794102E+4	2,3044544700E-4
1,7373348482E+4	2,2996528300E-4
1,7373898744E+4	2,2971710600E-4
1,7374449529E+4	2,2928223300E-4
1,7375007125E+4	2,2873777600E-4
1,7375558376E+4	2,2843485400E-4
1,7376115539E+4	2,2803798400E-4
1,7376667283E+4	2,2768444500E-4
1,7377224657E+4	2,2726624400E-4
1,7377775979E+4	2,2689769200E-4
1,7378332494E+4	2,2650495000E-4
1,7378882353E+4	2,2605398100E-4
1,7379438720E+4	2,2584304700E-4
1,7379991207E+4	2,2552889500E-4
1,7380541892E+4	2,2506812400E-4
1,7381096291E+4	2,2483210100E-4
1,7381647427E+4	2,2427491500E-4
1,7382203712E+4	2,2395022400E-4
1,7382755467E+4	2,2348862300E-4
1,7383307234E+4	2,2315853700E-4
1,7383861845E+4	2,2292110600E-4
1,7384412424E+4	2,2230359400E-4
1,7384971162E+4	2,2211260800E-4
1,7385521965E+4	2,2184307800E-4
1,7386078544E+4	2,2156370100E-4
1,7386629485E+4	2,2108337500E-4
1,7387186293E+4	2,2079945500E-4
1,7387736924E+4	2,2054685100E-4
1,7388292645E+4	2,1991999900E-4
1,7388845370E+4	2,1969225500E-4
1,7389397403E+4	2,1939809600E-4
1,7389953407E+4	2,1901483200E-4
1,7390504727E+4	2,1862596400E-4
1,7391062777E+4	2,1836206000E-4
1,7391615382E+4	2,1805787000E-4
1,7392174183E+4	2,1767027000E-4
1,7392724446E+4	2,1735053800E-4
1,7393283485E+4	2,1692525700E-4
1,7393835332E+4	2,1688206500E-4
1,7394394450E+4	2,1648392700E-4
1,7394945745E+4	2,1624153900E-4
1,7395502164E+4	2,1582481400E-4
1,7396053153E+4	2,1575793800E-4
1,7396607852E+4	2,1538793400E-4
1,7397159029E+4	2,1505793900E-4
1,7397715401E+4	2,1470947300E-4
1,7398265440E+4	2,1444372500E-4
1,7398827533E+4	2,1418738500E-4
1,7399379038E+4	2,1395463600E-4
1,7399935759E+4	2,1346453300E-4
1,7400488005E+4	2,1320644100E-4
1,7401043491E+4	2,1277813900E-4
1,7401594398E+4	2,1249913100E-4
1,7402145114E+4	2,1221687200E-4
1,7402704171E+4	2,1185138700E-4
1,7403254947E+4	2,1150269000E-4
1,7403814501E+4	2,1122416600E-4
1,7404366733E+4	2,1099598300E-4
1,7404925170E+4	2,1055977200E-4
1,7405475504E+4	2,1015081900E-4
1,7406026727E+4	2,0969426800E-4
1,7406584434E+4	2,0924309100E-4
1,7407135452E+4	2,0913030300E-4
1,7407693657E+4	2,0869579800E-4
1,7408244511E+4	2,0831403300E-4
1,7408804393E+4	2,0775631600E-4
1,7409356070E+4	2,0755200100E-4
1,7409914397E+4	2,0702645400E-4
1,7410465555E+4	2,0670026400E-4
1,7411024193E+4	2,0649797800E-4
1,7411575180E+4	2,0602113500E-4
1,7412126606E+4	2,0572496900E-4
1,7412679279E+4	2,0550674900E-4
1,7413233550E+4	2,0534147500E-4
1,7413785565E+4	2,0484408400E-4
1,7414344009E+4	2,0452119200E-4
1,7414894767E+4	2,0421354300E-4
1,7415453336E+4	2,0395621200E-4
1,7416004319E+4	2,0375593200E-4
1,7416559425E+4	2,0350568000E-4
1,7417110327E+4	2,0311727300E-4
1,7417668097E+4	2,0288339500E-4
1,7418219378E+4	2,0244185700E-4
1,7418777378E+4	2,0235565700E-4
1,7419329253E+4	2,0197363800E-4
1,7419885500E+4	2,0160510900E-4
1,7420437315E+4	2,0132884500E-4
1,7420995438E+4	2,0100074100E-4
1,7421546226E+4	2,0067077000E-4
1,7422105918E+4	2,0049700900E-4
1,7422656361E+4	2,0019637100E-4
1,7423216170E+4	1,9995322100E-4
1,7423768202E+4	1,9971214800E-4
1,7424326595E+4	1,9942576000E-4
1,7424878199E+4	1,9917802200E-4
1,7425438069E+4	1,9885531500E-4
1,7425990034E+4	1,9858087200E-4
1,7426544348E+4	1,9823805600E-4
1,7427095938E+4	1,9790907600E-4
1,7427653983E+4	1,9777313500E-4
1,7428205157E+4	1,9746066600E-4
1,7428766044E+4	1,9732919900E-4
1,7429316384E+4	1,9701239400E-4
1,7429873550E+4	1,9683937200E-4
1,7430424921E+4	1,9661049700E-4
1,7430984984E+4	1,9623904000E-4
1,7431536730E+4	1,9603121900E-4
1,7432096171E+4	1,9579893200E-4
1,7432647252E+4	1,9533733100E-4
1,7433204482E+4	1,9514915800E-4
1,7433757173E+4	1,9478597900E-4
1,7434313129E+4	1,9439937100E-4
1,7434865235E+4	1,9430353200E-4
1,7435422919E+4	1,9391929900E-4
1,7435973905E+4	1,9364919300E-4
1,7436530903E+4	1,9349724800E-4
1,7437081860E+4	1,9308465000E-4
1,7437638423E+4	1,9289324900E-4
1,7438188418E+4	1,9253032400E-4
1,7438750321E+4	1,9219124300E-4
1,7439302637E+4	1,9182135400E-4
1,7439858433E+4	1,9176861500E-4
1,7440408374E+4	1,9158108700E-4
1,7440959214E+4	1,9124772600E-4
1,7441520072E+4	1,9083628200E-4
1,7442070755E+4	1,9061637800E-4
1,7442629401E+4	1,9038579600E-4
1,7443181749E+4	1,9048258100E-4
1,7443739300E+4	1,9001491600E-4
1,7444290988E+4	1,8973542300E-4
1,7444851056E+4	1,8956888100E-4
1,7445402407E+4	1,8933066700E-4
1,7445960976E+4	1,8901556900E-4
1,7446513222E+4	1,8868061600E-4
1,7447071747E+4	1,8843031800E-4
1,7447623636E+4	1,8829133300E-4
1,7448180347E+4	1,8802279500E-4
1,7448730462E+4	1,8768299900E-4
1,7449282407E+4	1,8737191400E-4
1,7449837553E+4	1,8733208900E-4
1,7450387387E+4	1,8687516900E-4
1,7450947305E+4	1,8674171900E-4
1,7451498358E+4	1,8641903400E-4
1,7452058252E+4	1,8592648600E-4
1,7452608400E+4	1,8574615400E-4
1,7453169033E+4	1,8548681600E-4
1,7453719288E+4	1,8531757600E-4
1,7454277263E+4	1,8497658100E-4
1,7454828673E+4	1,8480171400E-4
1,7455386160E+4	1,8455819600E-4
1,7455937792E+4	1,8418457100E-4
1,7456496312E+4	1,8389474800E-4
1,7457048369E+4	1,8354582000E-4
1,7457603603E+4	1,8352679500E-4
1,7458155595E+4	1,8321006000E-4
1,7458706404E+4	1,8298515200E-4
1,7459263837E+4	1,8252440500E-4
1,7459814979E+4	1,8221338900E-4
1,7460373089E+4	1,8186351600E-4
1,7460925148E+4	1,8156064000E-4
1,7461483277E+4	1,8133008200E-4
1,7462034040E+4	1,8100218600E-4
1,7462595349E+4	1,8101279400E-4
1,7463145755E+4	1,8068805700E-4
1,7463705050E+4	1,8028323100E-4
1,7464255609E+4	1,8005366500E-4
1,7464814751E+4	1,7987886700E-4
1,7465366879E+4	1,7954880300E-4
1,7465924510E+4	1,7918357200E-4
1,7466477390E+4	1,7922360500E-4
1,7467035844E+4	1,7891325700E-4
1,7467586821E+4	1,7859108000E-4
1,7468145203E+4	1,7828580600E-4
1,7468698275E+4	1,7798565200E-4
1,7469254192E+4	1,7781943200E-4
1,7469804900E+4	1,7756500600E-4
1,7470358472E+4	1,7708479600E-4
1,7470909794E+4	1,7711987100E-4
1,7471467749E+4	1,7690831500E-4
1,7472019263E+4	1,7662446400E-4
1,7472576910E+4	1,7614962700E-4
1,7473128458E+4	1,7598412200E-4
1,7473684603E+4	1,7564926200E-4
1,7474235943E+4	1,7546371700E-4
1,7474791745E+4	1,7515025700E-4
1,7475344553E+4	1,7498680500E-4
1,7475895721E+4	1,7450650200E-4
1,7476450541E+4	1,7430179500E-4
1,7477001297E+4	1,7402940500E-4
1,7477560748E+4	1,7360091900E-4
1,7478111858E+4	1,7339259100E-4
1,7478672280E+4	1,7306351900E-4
1,7479225333E+4	1,7291860700E-4
1,7479782122E+4	1,7268392100E-4
1,7480334405E+4	1,7239384400E-4
1,7480891302E+4	1,7211225300E-4
1,7481443489E+4	1,7169891800E-4
1,7481998283E+4	1,7154065500E-4
1,7482550374E+4	1,7139871800E-4
1,7483106282E+4	1,7103214900E-4
1,7483657683E+4	1,7076137400E-4
1,7484212597E+4	1,7061701500E-4
1,7484763422E+4	1,7047438700E-4
1,7485313503E+4	1,7001483800E-4
1,7485870831E+4	1,7002369400E-4
1,7486422603E+4	1,6966376600E-4
1,7486978772E+4	1,6940712700E-4
1,7487530303E+4	1,6926376000E-4
1,7488086909E+4	1,6890784600E-4
1,7488638229E+4	1,6868994800E-4
1,7489195134E+4	1,6852778700E-4
1,7489745954E+4	1,6811408300E-4
1,7490300360E+4	1,6798637400E-4
1,7490852362E+4	1,6784164700E-4
1,7491407365E+4	1,6746940500E-4
1,7491960284E+4	1,6723977000E-4
1,7492516002E+4	1,6704080400E-4
1,7493067745E+4	1,6676853000E-4
1,7493624474E+4	1,6651023000E-4
1,7494175300E+4	1,6637954700E-4
1,7494726697E+4	1,6613187800E-4
1,7495284352E+4	1,6571886500E-4
1,7495835352E+4	1,6547283400E-4
1,7496389835E+4	1,6533573900E-4
1,7496940562E+4	1,6493042900E-4
1,7497500302E+4	1,6461205700E-4
1,7498052246E+4	1,6434012900E-4
1,7498609810E+4	1,6411473600E-4
1,7499162541E+4	1,6382378300E-4
1,7499719336E+4	1,6374948200E-4
1,7500272296E+4	1,6351537200E-4
1,7500823530E+4	1,6314511400E-4
1,7501379151E+4	1,6290895200E-4
1,7501929988E+4	1,6253758700E-4
1,7502486401E+4	1,6223856300E-4
1,7503037374E+4	1,6216433100E-4
1,7503595050E+4	1,6194214400E-4
1,7504147097E+4	1,6182898700E-4
1,7504701997E+4	1,6155064700E-4
1,7505252650E+4	1,6124258300E-4
1,7505808021E+4	1,6104739900E-4
1,7506358601E+4	1,6089201800E-4
1,7506916967E+4	1,6057489100E-4
1,7507467394E+4	1,6053181400E-4
1,7508023444E+4	1,6025806400E-4
1,7508575315E+4	1,5991630900E-4
1,7509131958E+4	1,5970966400E-4
1,7509682604E+4	1,5966654100E-4
1,7510233689E+4	1,5932015000E-4
1,7510790264E+4	1,5922230500E-4
1,7511341932E+4	1,5881561100E-4
1,7511897831E+4	1,5858625200E-4
1,7512450257E+4	1,5828429900E-4
1,7513001010E+4	1,5822413500E-4
1,7513559291E+4	1,5805288800E-4
1,7514111619E+4	1,5777106600E-4
1,7514670278E+4	1,5749823800E-4
1,7515221589E+4	1,5729175500E-4
1,7515780153E+4	1,5702937400E-4
1,7516330468E+4	1,5697119200E-4
1,7516889657E+4	1,5680379700E-4
1,7517440705E+4	1,5630057200E-4
1,7517997586E+4	1,5610317500E-4
1,7518548587E+4	1,5582089200E-4
1,7519107069E+4	1,5577057400E-4
1,7519658422E+4	1,5553021600E-4
1,7520214415E+4	1,5528881900E-4
1,7520766020E+4	1,5517506200E-4
1,7521320277E+4	1,5480856300E-4
1,7521871692E+4	1,5460636900E-4
1,7522424023E+4	1,5437532600E-4
1,7522980171E+4	1,5409288200E-4
1,7523531165E+4	1,5402307800E-4
1,7524088434E+4	1,5387256300E-4
1,7524640358E+4	1,5358725900E-4
1,7525201119E+4	1,5341435200E-4
1,7525752399E+4	1,5320978300E-4
1,7526309475E+4	1,5281833200E-4
1,7526861581E+4	1,5268276000E-4
1,7527420436E+4	1,5241668900E-4
1,7527971685E+4	1,5224650300E-4
1,7528531012E+4	1,5202745200E-4
1,7529081762E+4	1,5167356700E-4
1,7529642198E+4	1,5133670000E-4
1,7530192545E+4	1,5129526000E-4
1,7530748942E+4	1,5109957000E-4
1,7531301229E+4	1,5083467500E-4
1,7531858045E+4	1,5067788700E-4
1,7532409198E+4	1,5039267500E-4
1,7532964019E+4	1,5018151100E-4
1,7533515169E+4	1,4997977800E-4
1,7534072664E+4	1,4975071900E-4
1,7534624749E+4	1,4961978200E-4
1,7535176811E+4	1,4924657200E-4
1,7535732465E+4	1,4916062600E-4
1,7536283450E+4	1,4889501600E-4
1,7536843512E+4	1,4892446400E-4
1,7537395230E+4	1,4866727100E-4
1,7537954577E+4	1,4846498500E-4
1,7538505140E+4	1,4832593100E-4
1,7539065096E+4	1,4799778100E-4
1,7539615905E+4	1,4777700000E-4
1,7540172981E+4	1,4760314800E-4
1,7540725370E+4	1,4732960500E-4
1,7541277383E+4	1,4689738300E-4
1,7541832204E+4	1,4686221600E-4
1,7542383910E+4	1,4662171900E-4
1,7542939489E+4	1,4650231200E-4
1,7543490577E+4	1,4607507200E-4
1,7544049697E+4	1,4592813100E-4
1,7544602088E+4	1,4572208600E-4
1,7545160185E+4	1,4558330800E-4
1,7545712065E+4	1,4538464300E-4
1,7546268070E+4	1,4508635600E-4
1,7546820069E+4	1,4477121200E-4
1,7547373247E+4	1,4466102900E-4
1,7547925237E+4	1,4449434900E-4
1,7548481164E+4	1,4428795800E-4
1,7549033222E+4	1,4414590600E-4
1,7549592031E+4	1,4402193300E-4
1,7550143034E+4	1,4374587600E-4
1,7550700614E+4	1,4358604500E-4
1,7551251963E+4	1,4328579800E-4
1,7551802947E+4	1,4316717500E-4
1,7552360363E+4	1,4281651800E-4
1,7552910653E+4	1,4259057200E-4
1,7553465786E+4	1,4225070800E-4
1,7554017991E+4	1,4204380900E-4
1,7554575047E+4	1,4188612200E-4
1,7555126900E+4	1,4170987100E-4
1,7555684529E+4	1,4151199000E-4
1,7556235196E+4	1,4136348100E-4
1,7556792445E+4	1,4116546100E-4
1,7557343846E+4	1,4076983600E-4
1,7557894507E+4	1,4069927100E-4
1,7558453080E+4	1,4054135300E-4
1,7559004730E+4	1,4025969300E-4