2,8418825153E+4	-7,4622963100E-5
2,8419376272E+4	-7,4705104300E-5
2,8419926525E+4	-7,4823704100E-5
2,8420507259E+4	-7,4791396400E-5
2,8421058749E+4	-7,4694219800E-5
2,8421613776E+4	-7,4690760700E-5
2,8422165798E+4	-7,4746820600E-5
2,8422750979E+4	-7,4428333100E-5
2,8423301595E+4	-7,4038289000E-5
2,8423863484E+4	-7,3181986200E-5
2,8424413532E+4	-7,2529860400E-5
2,8424973069E+4	-7,1732892100E-5
2,8425524871E+4	-7,1153337500E-5
2,8426082267E+4	-7,0390406300E-5
2,8426634297E+4	-6,9556172300E-5
2,8427189024E+4	-6,8779589400E-5
2,8427740825E+4	-6,8058559100E-5
2,8428301597E+4	-6,7302292400E-5
2,8428851921E+4	-6,6593437900E-5
2,8429409756E+4	-6,5833919700E-5
2,8429961468E+4	-6,4988178600E-5
2,8430518295E+4	-6,4235324900E-5
2,8431069674E+4	-6,3634923600E-5
2,8431630484E+4	-6,2956693400E-5
2,8432182446E+4	-6,2230682000E-5
2,8432736419E+4	-6,1598388200E-5
2,8433288643E+4	-6,1000615800E-5
2,8433846536E+4	-6,0191886700E-5
2,8434397383E+4	-5,9545226200E-5
2,8434956884E+4	-5,8773555100E-5
2,8435507632E+4	-5,8016066200E-5
2,8436064562E+4	-5,7466213400E-5
2,8436616574E+4	-5,6778390100E-5
2,8437171582E+4	-5,5975310800E-5
2,8437721833E+4	-5,5328511900E-5
2,8438284228E+4	-5,4764015700E-5
2,8438835683E+4	-5,4231043200E-5
2,8439391691E+4	-5,3468504100E-5
2,8439944426E+4	-5,2808975900E-5
2,8440499903E+4	-5,1842490300E-5
2,8441050554E+4	-5,1367330300E-5
2,8441611569E+4	-5,0517046200E-5
2,8442161791E+4	-5,0082910600E-5
2,8442724486E+4	-4,9432814100E-5
2,8443275937E+4	-4,8602661900E-5
2,8443833759E+4	-4,7839592400E-5
2,8444384554E+4	-4,6899741600E-5
2,8444944658E+4	-4,6310916700E-5
2,8445495558E+4	-4,5554834500E-5
2,8446052601E+4	-4,4818745700E-5
2,8446603165E+4	-4,4211172600E-5
2,8447155144E+4	-4,3712375600E-5
2,8447712402E+4	-4,2966393900E-5
2,8448263185E+4	-4,2350611300E-5
2,8448818798E+4	-4,1735820400E-5
2,8449372209E+4	-4,0747865600E-5
2,8449927702E+4	-4,0206683500E-5
2,8450479375E+4	-3,9445066800E-5
2,8451037460E+4	-3,8868879000E-5
2,8451589660E+4	-3,8120153100E-5
2,8452146672E+4	-3,7342763000E-5
2,8452699387E+4	-3,6939735900E-5
2,8453250857E+4	-3,6135572800E-5
2,8453807799E+4	-3,5419085300E-5
2,8454360751E+4	-3,4806508200E-5
2,8454913264E+4	-3,4188581000E-5
2,8455463790E+4	-3,3401920600E-5
2,8456022821E+4	-3,2872453300E-5
2,8456573919E+4	-3,2125825800E-5
2,8457133440E+4	-3,1477989300E-5
2,8457685526E+4	-3,0737888000E-5
2,8458240629E+4	-3,0180471300E-5
2,8458790455E+4	-2,9422936300E-5
2,8459342443E+4	-2,8793963200E-5
2,8459899587E+4	-2,8183184700E-5
2,8460451063E+4	-2,7430976700E-5
2,8461007857E+4	-2,6764115300E-5
2,8461559877E+4	-2,5952134600E-5
2,8462115803E+4	-2,5354823500E-5
2,8462667842E+4	-2,4501495400E-5
2,8463226834E+4	-2,3788351800E-5
2,8463779626E+4	-2,3084801200E-5
2,8464334439E+4	-2,2453060800E-5
2,8464884789E+4	-2,1669997900E-5
2,8465435696E+4	-2,1014436100E-5
2,8465992534E+4	-2,0385163200E-5
2,8466543540E+4	-1,9437933100E-5
2,8467101808E+4	-1,8657937300E-5
2,8467653086E+4	-1,7967531200E-5
2,8468214264E+4	-1,7189103400E-5
2,8468765737E+4	-1,6481263600E-5
2,8469323421E+4	-1,5911947800E-5
2,8469875497E+4	-1,5129945700E-5
2,8470431796E+4	-1,4361111100E-5
2,8470984494E+4	-1,3605905200E-5
2,8471539608E+4	-1,3102772800E-5
2,8472089753E+4	-1,2345791300E-5
2,8472652543E+4	-1,1664355700E-5
2,8473203555E+4	-1,0854196800E-5
2,8473762777E+4	-1,0107292600E-5
2,8474314494E+4	-9,4822167100E-6
2,8474873775E+4	-8,7316920700E-6
2,8475424426E+4	-8,1755668300E-6
2,8475984504E+4	-7,4092458000E-6
2,8476535217E+4	-6,8289762900E-6
2,8477095748E+4	-6,0712337400E-6
2,8477646762E+4	-5,5540806200E-6
2,8478205605E+4	-4,8946216100E-6
2,8478756129E+4	-4,2326951300E-6
2,8479317370E+4	-3,4923632100E-6
2,8479868029E+4	-2,7800497000E-6
2,8480428210E+4	-2,1342655200E-6
2,8480978851E+4	-1,4321216600E-6
2,8481540559E+4	-6,2274681300E-7
2,8482091012E+4	9,7891509800E-8
2,8482651603E+4	9,3249446000E-7
2,8483202819E+4	1,5667714900E-6
2,8483763146E+4	2,3489580900E-6
2,8484313547E+4	3,1223586700E-6
2,8484873238E+4	3,7731930800E-6
2,8485423722E+4	4,3026604700E-6
2,8485981866E+4	4,9519728900E-6
2,8486534417E+4	5,7259961000E-6
2,8487088625E+4	6,2615283800E-6
2,8487639616E+4	7,1638136900E-6
2,8488199446E+4	7,8046168100E-6
2,8488752152E+4	8,6123774300E-6
2,8489306838E+4	9,3752163300E-6
2,8489856497E+4	1,0009331900E-5
2,8490415598E+4	1,0843842600E-5
2,8490966925E+4	1,1361664500E-5
2,8491526684E+4	1,2304236400E-5
2,8492077015E+4	1,2935192700E-5
2,8492635663E+4	1,3680413400E-5
2,8493186710E+4	1,4306158100E-5
2,8493742574E+4	1,5130522200E-5
2,8494294009E+4	1,5891147300E-5
2,8494853890E+4	1,6672365400E-5
2,8495405746E+4	1,7450539500E-5
2,8495960630E+4	1,7930888200E-5
2,8496511616E+4	1,8855057800E-5
2,8497071369E+4	1,9734743900E-5
2,8497622780E+4	2,0272720600E-5
2,8498181917E+4	2,1017526200E-5
2,8498733261E+4	2,1740101600E-5
2,8499289491E+4	2,2456335400E-5
2,8499840580E+4	2,3234555600E-5
2,8500397025E+4	2,3921433500E-5
2,8500950284E+4	2,4611309200E-5
2,8501509458E+4	2,5182700400E-5
2,8502060573E+4	2,5779412000E-5
2,8502614675E+4	2,6515247200E-5
2,8503166144E+4	2,7046790000E-5
2,8503724818E+4	2,7913746700E-5
2,8504276553E+4	2,8424489100E-5
2,8504836000E+4	2,9076222800E-5
2,8505387537E+4	2,9749679500E-5
2,8505942644E+4	3,0471563100E-5
2,8506493438E+4	3,1142091100E-5
2,8507052563E+4	3,1855580700E-5
2,8507604919E+4	3,2661865500E-5
2,8508159412E+4	3,3210196300E-5
2,8508710701E+4	3,3810989600E-5
2,8509266825E+4	3,4631940700E-5
2,8509819365E+4	3,5215507900E-5
2,8510369735E+4	3,5778874100E-5
2,8510928671E+4	3,6415088200E-5
2,8511480477E+4	3,7057482500E-5
2,8512036352E+4	3,7841767600E-5
2,8512587100E+4	3,8469495500E-5
2,8513144338E+4	3,9309563800E-5
2,8513695772E+4	4,0032623400E-5
2,8514252486E+4	4,0682420100E-5
2,8514802633E+4	4,1599371800E-5
2,8515363884E+4	4,2039595400E-5
2,8515915350E+4	4,2859993100E-5
2,8516475827E+4	4,3583467900E-5
2,8517027808E+4	4,4250559900E-5
2,8517588473E+4	4,4966609200E-5
2,8518139132E+4	4,5683211900E-5
2,8518693598E+4	4,6284120500E-5
2,8519244816E+4	4,7252681500E-5
2,8519802167E+4	4,7728487300E-5
2,8520352635E+4	4,8497967600E-5
2,8520910134E+4	4,9093503100E-5
2,8521461787E+4	4,9983220500E-5
2,8522016187E+4	5,0603499800E-5
2,8522566616E+4	5,1222695300E-5
2,8523117799E+4	5,1972966300E-5
2,8523674783E+4	5,2680391000E-5
2,8524228132E+4	5,3249476200E-5
2,8524784508E+4	5,3896736200E-5
2,8525336758E+4	5,4472462800E-5
2,8525892678E+4	5,5112366600E-5
2,8526445571E+4	5,5906567700E-5
2,8527003174E+4	5,6407002000E-5
2,8527554102E+4	5,7322547100E-5
2,8528116480E+4	5,7835987400E-5
2,8528666731E+4	5,8560753600E-5
2,8529225753E+4	5,9238568700E-5
2,8529777449E+4	5,9808668600E-5
2,8530336719E+4	6,0472163100E-5
2,8530889790E+4	6,1332916600E-5
2,8531449883E+4	6,1835726200E-5
2,8532001309E+4	6,2494539500E-5
2,8532561499E+4	6,3231204800E-5
2,8533112608E+4	6,4005666200E-5
2,8533672774E+4	6,4704673800E-5
2,8534223669E+4	6,5308880000E-5
2,8534783308E+4	6,5910319000E-5
2,8535333855E+4	6,6649959100E-5
2,8535892394E+4	6,7166189800E-5
2,8536442692E+4	6,7982874800E-5
2,8536994933E+4	6,8556433800E-5
2,8537552621E+4	6,9367076900E-5
2,8538102445E+4	6,9860985100E-5
2,8538659534E+4	7,0513410700E-5
2,8539210749E+4	7,1147803100E-5
2,8539766966E+4	7,1780212200E-5
2,8540319803E+4	7,2489435600E-5
2,8540878342E+4	7,3065485100E-5
2,8541428786E+4	7,3930550800E-5
2,8541987389E+4	7,4517438700E-5
2,8542539672E+4	7,5267548200E-5
2,8543090372E+4	7,5748288900E-5
2,8543645843E+4	7,6675664000E-5
2,8544198306E+4	7,7282406900E-5
2,8544754417E+4	7,8160248100E-5
2,8545307376E+4	7,8956478500E-5
2,8545862731E+4	7,9627467700E-5
2,8546412631E+4	8,0511835100E-5
2,8546972841E+4	8,1262198300E-5
2,8547524744E+4	8,1752716600E-5
2,8548080876E+4	8,2627629200E-5
2,8548633190E+4	8,3126749100E-5
2,8549184707E+4	8,3830668600E-5
2,8549739645E+4	8,4470549300E-5
2,8550292401E+4	8,5239845100E-5
2,8550846648E+4	8,5978032400E-5
2,8551397612E+4	8,6794440700E-5
2,8551956753E+4	8,7598373300E-5
2,8552508281E+4	8,8097147300E-5
2,8553067407E+4	8,8760111500E-5
2,8553619047E+4	8,9426926800E-5
2,8554175069E+4	9,0003944700E-5
2,8554728259E+4	9,0844866200E-5
2,8555283587E+4	9,1551922000E-5
2,8555835553E+4	9,2308672900E-5
2,8556396333E+4	9,2923902000E-5
2,8556946882E+4	9,3607297800E-5
2,8557503512E+4	9,4330749500E-5
2,8558053734E+4	9,4835357700E-5
2,8558611087E+4	9,5633202400E-5
2,8559161740E+4	9,6268148100E-5
2,8559722668E+4	9,6993928900E-5
2,8560274313E+4	9,7795993600E-5
2,8560829614E+4	9,8279801400E-5
2,8561380799E+4	9,9105618300E-5
2,8561937553E+4	9,9876159400E-5
2,8562489251E+4	1,0046203300E-4
2,8563045572E+4	1,0094863100E-4
2,8563597012E+4	1,0173333100E-4
2,8564153927E+4	1,0227792600E-4
2,8564706600E+4	1,0291628500E-4
2,8565262492E+4	1,0360770500E-4
2,8565813655E+4	1,0445549900E-4
2,8566373555E+4	1,0501974100E-4
2,8566924609E+4	1,0576007300E-4
2,8567479801E+4	1,0644245400E-4
2,8568030644E+4	1,0706414000E-4
2,8568583184E+4	1,0760774400E-4
2,8569138854E+4	1,0836758500E-4
2,8569690542E+4	1,0924196700E-4
2,8570247581E+4	1,0976211800E-4
2,8570797689E+4	1,1056602800E-4
2,8571356966E+4	1,1120860600E-4
2,8571908408E+4	1,1176002700E-4
2,8572467051E+4	1,1242114700E-4
2,8573018712E+4	1,1313735700E-4
2,8573577006E+4	1,1366375800E-4
2,8574128110E+4	1,1463065800E-4
2,8574684737E+4	1,1525096100E-4
2,8575234862E+4	1,1581310500E-4
2,8575796549E+4	1,1664554000E-4
2,8576347191E+4	1,1722947600E-4
2,8576904355E+4	1,1801433800E-4
2,8577455018E+4	1,1862857500E-4
2,8578007639E+4	1,1949444800E-4
2,8578561457E+4	1,2005949800E-4
2,8579111621E+4	1,2069562000E-4
2,8579671811E+4	1,2150679300E-4
2,8580223109E+4	1,2215483700E-4
2,8580783864E+4	1,2299059300E-4
2,8581334835E+4	1,2343127800E-4
2,8581895885E+4	1,2422017500E-4
2,8582447497E+4	1,2489271000E-4
2,8583003564E+4	1,2549689300E-4
2,8583556374E+4	1,2627068500E-4
2,8584113411E+4	1,2696291300E-4
2,8584664743E+4	1,2757454500E-4
2,8585222941E+4	1,2833316400E-4
2,8585773955E+4	1,2892178100E-4
2,8586329668E+4	1,2944790500E-4
2,8586880721E+4	1,3036100500E-4
2,8587437778E+4	1,3097957800E-4
2,8587990525E+4	1,3181457300E-4
2,8588548391E+4	1,3254641900E-4
2,8589098591E+4	1,3302930400E-4
2,8589655761E+4	1,3377498600E-4
2,8590208405E+4	1,3441385200E-4
2,8590764577E+4	1,3496538800E-4
2,8591316335E+4	1,3573157100E-4
2,8591874837E+4	1,3641374500E-4
2,8592425912E+4	1,3689882100E-4
2,8592981767E+4	1,3761297900E-4
2,8593533791E+4	1,3822629400E-4
2,8594090463E+4	1,3901452300E-4
2,8594642365E+4	1,3971809600E-4
2,8595200803E+4	1,4051637900E-4
2,8595752330E+4	1,4104365600E-4
2,8596308762E+4	1,4193593300E-4
2,8596859620E+4	1,4234447100E-4
2,8597416900E+4	1,4322173600E-4
2,8597967955E+4	1,4393326500E-4
2,8598527653E+4	1,4453417400E-4
2,8599078458E+4	1,4499337600E-4
2,8599636576E+4	1,4572044900E-4
2,8600187771E+4	1,4642911800E-4
2,8600742590E+4	1,4685449100E-4
2,8601294605E+4	1,4777153500E-4
2,8601851546E+4	1,4843971100E-4
2,8602402805E+4	1,4913830300E-4
2,8602957177E+4	1,4950828500E-4
2,8603507631E+4	1,5008262800E-4
2,8604058936E+4	1,5092073600E-4
2,8604617023E+4	1,5143253900E-4
2,8605168528E+4	1,5205952900E-4
2,8605727426E+4	1,5273554600E-4
2,8606278825E+4	1,5325034600E-4
2,8606838612E+4	1,5390726900E-4
2,8607390006E+4	1,5453557300E-4
2,8607951970E+4	1,5526755700E-4
2,8608504529E+4	1,5579112100E-4
2,8609062817E+4	1,5633147300E-4
2,8609613529E+4	1,5706205000E-4
2,8610172690E+4	1,5764153600E-4
2,8610724909E+4	1,5821447200E-4
2,8611284002E+4	1,5874366300E-4
2,8611835631E+4	1,5938116800E-4
2,8612390834E+4	1,6007537900E-4
2,8612942693E+4	1,6069572800E-4
2,8613500805E+4	1,6146264900E-4
2,8614052844E+4	1,6208449600E-4
2,8614614254E+4	1,6251743300E-4
2,8615167369E+4	1,6320414900E-4
2,8615719646E+4	1,6399717400E-4
2,8616270778E+4	1,6455463700E-4
2,8616827842E+4	1,6518780700E-4
2,8617378324E+4	1,6593551800E-4
2,8617939365E+4	1,6652178300E-4
2,8618489672E+4	1,6715732900E-4
2,8619049672E+4	1,6781757200E-4
2,8619601673E+4	1,6854764200E-4
2,8620158592E+4	1,6931165700E-4
2,8620709204E+4	1,6979528000E-4
2,8621270174E+4	1,7037903200E-4
2,8621822520E+4	1,7096928600E-4
2,8622380420E+4	1,7166691000E-4
2,8622930518E+4	1,7236388900E-4
2,8623492148E+4	1,7297136900E-4
2,8624043701E+4	1,7369198500E-4
2,8624604607E+4	1,7444290100E-4
2,8625155910E+4	1,7502328600E-4
2,8625715425E+4	1,7557300100E-4
2,8626267794E+4	1,7619482500E-4
2,8626827290E+4	1,7692662500E-4
2,8627378096E+4	1,7738873300E-4
2,8627933407E+4	1,7814845800E-4
2,8628484798E+4	1,7889469400E-4
2,8629042461E+4	1,7944973500E-4
2,8629592718E+4	1,7997145400E-4
2,8630152821E+4	1,8074497000E-4
2,8630703424E+4	1,8126251500E-4
2,8631259878E+4	1,8182500500E-4
2,8631812277E+4	1,8255189300E-4
2,8632369857E+4	1,8334918400E-4
2,8632920581E+4	1,8394670300E-4
2,8633480562E+4	1,8464137500E-4
2,8634030760E+4	1,8541120100E-4
2,8634589787E+4	1,8584556700E-4
2,8635141568E+4	1,8646190300E-4
2,8635698194E+4	1,8728377700E-4
2,8636249844E+4	1,8770792700E-4
2,8636808668E+4	1,8842107100E-4
2,8637359849E+4	1,8911622800E-4
2,8637918264E+4	1,8958380100E-4
2,8638469708E+4	1,9040493700E-4
2,8639024413E+4	1,9103563900E-4
2,8639576593E+4	1,9163698600E-4
2,8640132676E+4	1,9234989900E-4
2,8640683688E+4	1,9300423900E-4
2,8641240309E+4	1,9376265000E-4
2,8641790785E+4	1,9442360800E-4
2,8642342629E+4	1,9507557200E-4
2,8642899731E+4	1,9575876000E-4
2,8643452360E+4	1,9660314100E-4
2,8644007251E+4	1,9716249500E-4
2,8644557732E+4	1,9797728900E-4
2,8645113694E+4	1,9862477900E-4
2,8645664434E+4	1,9952399800E-4
2,8646227727E+4	2,0003799200E-4
2,8646778929E+4	2,0085795100E-4
2,8647335666E+4	2,0143706800E-4
2,8647886228E+4	2,0215839800E-4
2,8648444069E+4	2,0270167800E-4
2,8648994685E+4	2,0328612200E-4
2,8649553020E+4	2,0416154200E-4
2,8650105615E+4	2,0455077900E-4
2,8650661236E+4	2,0510771100E-4
2,8651213837E+4	2,0583644400E-4
2,8651772360E+4	2,0653704200E-4
2,8652324317E+4	2,0708103800E-4
2,8652881858E+4	2,0772832100E-4
2,8653432603E+4	2,0849978400E-4
2,8653988812E+4	2,0905930000E-4
2,8654540811E+4	2,0984077100E-4
2,8655097349E+4	2,1035391200E-4
2,8655647707E+4	2,1098664400E-4
2,8656204027E+4	2,1165419700E-4
2,8656754923E+4	2,1237605800E-4
2,8657311764E+4	2,1313601400E-4
2,8657862424E+4	2,1363296600E-4
2,8658412536E+4	2,1432780000E-4
2,8658970492E+4	2,1508768700E-4
2,8659522263E+4	2,1584379200E-4
2,8660077885E+4	2,1649877800E-4
2,8660630442E+4	2,1700935900E-4
2,8661186888E+4	2,1764603400E-4
2,8661737615E+4	2,1826891900E-4
2,8662297807E+4	2,1895718100E-4
2,8662848745E+4	2,1960866100E-4
2,8663409225E+4	2,2028202500E-4
2,8663959775E+4	2,2084652100E-4
2,8664519910E+4	2,2144816800E-4
2,8665070556E+4	2,2222133800E-4
2,8665631496E+4	2,2272813700E-4
2,8666184459E+4	2,2348903900E-4
2,8666737986E+4	2,2417706900E-4
2,8667289215E+4	2,2486629900E-4
2,8667839623E+4	2,2550452000E-4
2,8668396426E+4	2,2593549600E-4
2,8668949450E+4	2,2657634500E-4
2,8669503074E+4	2,2725732000E-4
2,8670054506E+4	2,2792671800E-4
2,8670610775E+4	2,2872811400E-4
2,8671161592E+4	2,2927976500E-4
2,8671720646E+4	2,2989100500E-4
2,8672270991E+4	2,3053524400E-4
2,8672828297E+4	2,3121437400E-4
2,8673380462E+4	2,3190791600E-4
2,8673936994E+4	2,3257254100E-4
2,8674488766E+4	2,3305247400E-4
2,8675047687E+4	2,3373335600E-4
2,8675598462E+4	2,3444963600E-4
2,8676154726E+4	2,3519997600E-4
2,8676706660E+4	2,3577171400E-4
2,8677257782E+4	2,3668382300E-4
2,8677814877E+4	2,3719099100E-4
2,8678366280E+4	2,3785520000E-4
2,8678922194E+4	2,3838217700E-4
2,8679472908E+4	2,3926082500E-4
2,8680030454E+4	2,3986477800E-4
2,8680581765E+4	2,4041672900E-4
2,8681139261E+4	2,4093745700E-4
2,8681689789E+4	2,4159776900E-4
2,8682248664E+4	2,4242277900E-4
2,8682800498E+4	2,4307769500E-4
2,8683350943E+4	2,4338340700E-4
2,8683906686E+4	2,4411204700E-4
2,8684458316E+4	2,4476394200E-4
2,8685013467E+4	2,4535152200E-4
2,8685565883E+4	2,4610331500E-4
2,8686123658E+4	2,4665019300E-4
2,8686674635E+4	2,4727939700E-4
2,8687234543E+4	2,4811086300E-4
2,8687786765E+4	2,4867199300E-4
2,8688341936E+4	2,4919156700E-4
2,8688894402E+4	2,5007743400E-4
2,8689445550E+4	2,5046051300E-4
2,8690000465E+4	2,5113300200E-4
2,8690551787E+4	2,5180080800E-4
2,8691112637E+4	2,5242076500E-4
2,8691664505E+4	2,5317594800E-4
2,8692222821E+4	2,5382579100E-4
2,8692773501E+4	2,5451997900E-4
2,8693335245E+4	2,5514055800E-4
2,8693887822E+4	2,5568360800E-4
2,8694445493E+4	2,5623987100E-4
2,8694995721E+4	2,5693242200E-4
2,8695552788E+4	2,5764683400E-4
2,8696104824E+4	2,5832506400E-4
2,8696660765E+4	2,5880386800E-4
2,8697213322E+4	2,5964877900E-4
2,8697771488E+4	2,6028759900E-4
2,8698324543E+4	2,6089305000E-4
2,8698882206E+4	2,6159789200E-4
2,8699433262E+4	2,6230983700E-4
2,8699988728E+4	2,6262422000E-4
2,8700539706E+4	2,6335754100E-4
2,8701095671E+4	2,6404107500E-4
2,8701647784E+4	2,6453244700E-4
2,8702204540E+4	2,6527008100E-4
2,8702755302E+4	2,6593890200E-4
2,8703312755E+4	2,6654935800E-4
2,8703863459E+4	2,6737388300E-4
2,8704421609E+4	2,6790099900E-4
2,8704972790E+4	2,6848664100E-4
2,8705530985E+4	2,6927309400E-4
2,8706081702E+4	2,7000521600E-4
2,8706633319E+4	2,7023074700E-4
2,8707191535E+4	2,7117359600E-4
2,8707743435E+4	2,7169072600E-4
2,8708296519E+4	2,7215749200E-4
2,8708846633E+4	2,7294436000E-4
2,8709405974E+4	2,7353682800E-4
2,8709957781E+4	2,7412046500E-4
2,8710515916E+4	2,7469335500E-4
2,8711066714E+4	2,7527507700E-4
2,8711624423E+4	2,7599373200E-4
2,8712174823E+4	2,7665275300E-4
2,8712727127E+4	2,7725423800E-4
2,8713283735E+4	2,7786734600E-4
2,8713835448E+4	2,7864528900E-4
2,8714390607E+4	2,7918640200E-4
2,8714941146E+4	2,7973835400E-4
2,8715500824E+4	2,8031636300E-4
2,8716052752E+4	2,8112151800E-4
2,8716611171E+4	2,8169620700E-4
2,8717162205E+4	2,8226628400E-4
2,8717719018E+4	2,8293339900E-4
2,8718269902E+4	2,8353340800E-4
2,8718828314E+4	2,8406312900E-4
2,8719378879E+4	2,8490342800E-4
2,8719938433E+4	2,8537162400E-4
2,8720488442E+4	2,8608700400E-4
2,8721044691E+4	2,8662256000E-4
2,8721596486E+4	2,8747810200E-4
2,8722154814E+4	2,8796587600E-4
2,8722705692E+4	2,8850461300E-4
2,8723266970E+4	2,8903004500E-4
2,8723819245E+4	2,8973313500E-4
2,8724374814E+4	2,9018760900E-4
2,8724925898E+4	2,9089231300E-4
2,8725478497E+4	2,9165780400E-4
2,8726033591E+4	2,9223832700E-4
2,8726584662E+4	2,9286956000E-4
2,8727142169E+4	2,9352295400E-4
2,8727692894E+4	2,9417632500E-4
2,8728251534E+4	2,9487874600E-4
2,8728802932E+4	2,9527739100E-4
2,8729359815E+4	2,9582016500E-4
2,8729911379E+4	2,9652788900E-4
2,8730467414E+4	2,9657583200E-4
2,8731018754E+4	2,9671454000E-4
2,8731569784E+4	2,9660657100E-4
2,8732120680E+4	2,9668264800E-4
2,8732678829E+4	2,9651718900E-4
2,8733229746E+4	2,9647692600E-4
2,8733789231E+4	2,9665363800E-4
2,8734340304E+4	2,9639898100E-4
2,8734895766E+4	2,9617833900E-4
2,8735448448E+4	2,9631013000E-4
2,8735999751E+4	2,9607941000E-4
2,8736555548E+4	2,9600008200E-4
2,8737105773E+4	2,9580815000E-4
2,8737662661E+4	2,9571865300E-4
2,8738212660E+4	2,9564183800E-4
2,8738769554E+4	2,9546367400E-4
2,8739319805E+4	2,9539165600E-4
2,8739881973E+4	2,9550253000E-4
2,8740432590E+4	2,9522891800E-4
2,8740989477E+4	2,9516434900E-4
2,8741539623E+4	2,9504916200E-4
2,8742089791E+4	2,9492452100E-4
2,8742648661E+4	2,9488345000E-4
2,8743199745E+4	2,9483322500E-4
2,8743755818E+4	2,9450240000E-4
2,8744307756E+4	2,9461440400E-4
2,8744857741E+4	2,9441908200E-4
2,8745414259E+4	2,9420116100E-4
2,8745966183E+4	2,9390543400E-4
2,8746525837E+4	2,9409261600E-4
2,8747077878E+4	2,9388816200E-4
2,8747635511E+4	2,9405878600E-4
2,8748186619E+4	2,9396576000E-4
2,8748739924E+4	2,9390898600E-4
2,8749291296E+4	2,9362047700E-4
2,8749847732E+4	2,9364148500E-4
2,8750398511E+4	2,9334884800E-4
2,8750956165E+4	2,9349645800E-4
2,8751508704E+4	2,9315744600E-4
2,8752064753E+4	2,9333752500E-4
2,8752615606E+4	2,9303098300E-4
2,8753166294E+4	2,9309772000E-4
2,8753722572E+4	2,9292778800E-4
2,8754272641E+4	2,9273740100E-4
2,8754832456E+4	2,9241068100E-4
2,8755385028E+4	2,9252819700E-4
2,8755940785E+4	2,9222801900E-4
2,8756492078E+4	2,9207992500E-4
2,8757049652E+4	2,9195044100E-4
2,8757600652E+4	2,9174737100E-4
2,8758158555E+4	2,9168658300E-4
2,8758708633E+4	2,9159920700E-4
2,8759260674E+4	2,9143771500E-4
2,8759819129E+4	2,9132852400E-4
2,8760369791E+4	2,9122668900E-4
2,8760927029E+4	2,9105311300E-4
2,8761479458E+4	2,9104079900E-4
2,8762035810E+4	2,9092469000E-4
2,8762586711E+4	2,9082903500E-4
2,8763144617E+4	2,9076578000E-4
2,8763696504E+4	2,9079737300E-4
2,8764256151E+4	2,9055383200E-4
2,8764808371E+4	2,9029343400E-4
2,8765367807E+4	2,9040253300E-4
2,8765919101E+4	2,9023061700E-4
2,8766479758E+4	2,9044180400E-4
2,8767031487E+4	2,9004758600E-4
2,8767587502E+4	2,9002478000E-4
2,8768137578E+4	2,9002743200E-4
2,8768689622E+4	2,9001735400E-4
2,8769246969E+4	2,8992366000E-4
2,8769799411E+4	2,8988888500E-4
2,8770357687E+4	2,8992990900E-4
2,8770907973E+4	2,8965572100E-4
2,8771469811E+4	2,8939509200E-4
2,8772020691E+4	2,8946953100E-4
2,8772579788E+4	2,8922670400E-4
2,8773131958E+4	2,8929987500E-4
2,8773689514E+4	2,8935794100E-4
2,8774239455E+4	2,8940733700E-4
2,8774794916E+4	2,8922015500E-4
2,8775345430E+4	2,8912996600E-4
2,8775905622E+4	2,8899365600E-4
2,8776456005E+4	2,8898397000E-4
2,8777013997E+4	2,8887381100E-4
2,8777564972E+4	2,8879386000E-4
2,8778115644E+4	2,8873434100E-4
2,8778670778E+4	2,8857919100E-4
2,8779222645E+4	2,8865171600E-4
2,8779780778E+4	2,8854545300E-4
2,8780331595E+4	2,8854803600E-4
2,8780890591E+4	2,8848902400E-4
2,8781442049E+4	2,8826381600E-4
2,8781992828E+4	2,8823976400E-4
2,8782550599E+4	2,8814964400E-4
2,8783101854E+4	2,8797108700E-4
2,8783656590E+4	2,8777415100E-4
2,8784207299E+4	2,8785615400E-4
2,8784764908E+4	2,8768859700E-4
2,8785315898E+4	2,8748363600E-4
2,8785875160E+4	2,8722171600E-4
2,8786427169E+4	2,8715371100E-4
2,8786984351E+4	2,8713719900E-4
2,8787535640E+4	2,8716374200E-4
2,8788091493E+4	2,8690848600E-4
2,8788641442E+4	2,8707233000E-4
2,8789205202E+4	2,8669342400E-4
2,8789755536E+4	2,8675308200E-4
2,8790312406E+4	2,8674367300E-4
2,8790862548E+4	2,8655164900E-4
2,8791420938E+4	2,8643886000E-4
2,8791971649E+4	2,8628004300E-4
2,8792529770E+4	2,8608845700E-4
2,8793080781E+4	2,8612915900E-4
2,8793639681E+4	2,8593817200E-4
2,8794190608E+4	2,8597555300E-4
2,8794747339E+4	2,8566250800E-4
2,8795299801E+4	2,8562252100E-4
2,8795852606E+4	2,8567078700E-4
2,8796402462E+4	2,8563997800E-4
2,8796960622E+4	2,8557068100E-4
2,8797511104E+4	2,8555606100E-4
2,8798063405E+4	2,8544564800E-4
2,8798619337E+4	2,8551614300E-4
2,8799170553E+4	2,8525097200E-4
2,8799725781E+4	2,8509582100E-4
2,8800276834E+4	2,8503973800E-4
2,8800836786E+4	2,8490912400E-4
2,8801388242E+4	2,8491468100E-4
2,8801945750E+4	2,8483832800E-4
2,8802495779E+4	2,8480327700E-4
2,8803056589E+4	2,8450854100E-4
2,8803607627E+4	2,8451684300E-4
2,8804162753E+4	2,8458544800E-4
2,8804713245E+4	2,8428630800E-4
2,8805272775E+4	2,8433127600E-4
2,8805825400E+4	2,8432816300E-4
2,8806380752E+4	2,8438120200E-4
2,8806932918E+4	2,8412652200E-4
2,8807485112E+4	2,8408879500E-4
2,8808041867E+4	2,8409227700E-4
2,8808594325E+4	2,8409165500E-4
2,8809148838E+4	2,8427311700E-4
2,8809700169E+4	2,8398133400E-4
2,8810256852E+4	2,8400455600E-4
2,8810808028E+4	2,8396530700E-4
2,8811367695E+4	2,8388337300E-4
2,8811919528E+4	2,8368355400E-4
2,8812475826E+4	2,8356857500E-4
2,8813028442E+4	2,8344550200E-4
2,8813580334E+4	2,8345659400E-4
2,8814134821E+4	2,8345306600E-4
2,8814687688E+4	2,8345232800E-4
2,8815242742E+4	2,8331899200E-4
2,8815793621E+4	2,8325232400E-4
2,8816349743E+4	2,8335561200E-4
2,8816900394E+4	2,8325682100E-4
2,8817460537E+4	2,8303025300E-4
2,8818012131E+4	2,8305603400E-4
2,8818569770E+4	2,8291898600E-4
2,8819120131E+4	2,8274434900E-4
2,8819670640E+4	2,8279699600E-4
2,8820226630E+4	2,8267016400E-4
2,8820779236E+4	2,8273037500E-4
2,8821334757E+4	2,8243962900E-4
2,8821885777E+4	2,8253224000E-4
2,8822444427E+4	2,8260732400E-4
2,8822997294E+4	2,8260552600E-4
2,8823554477E+4	2,8247322800E-4
2,8824104479E+4	2,8248538100E-4
2,8824661160E+4	2,8236657400E-4
2,8825213079E+4	2,8229047400E-4
2,8825764545E+4	2,8214616200E-4
2,8826322555E+4	2,8197201000E-4
2,8826872791E+4	2,8202265000E-4
2,8827429093E+4	2,8194844200E-4
2,8827979551E+4	2,8180341500E-4
2,8828538822E+4	2,8176248300E-4
2,8829089616E+4	2,8170141900E-4
2,8829650785E+4	2,8164743400E-4
2,8830201543E+4	2,8161150600E-4
2,8830758571E+4	2,8128045000E-4
2,8831309640E+4	2,8125586800E-4
2,8831871543E+4	2,8105579600E-4
2,8832422204E+4	2,8095407600E-4
2,8832982282E+4	2,8068025700E-4
2,8833533627E+4	2,8068973500E-4
2,8834091460E+4	2,8047234400E-4
2,8834641727E+4	2,8043228800E-4
2,8835202217E+4	2,8020424300E-4
2,8835755526E+4	2,8008788100E-4
2,8836309575E+4	2,8005997700E-4
2,8836861028E+4	2,7981901900E-4
2,8837420535E+4	2,7964625000E-4
2,8837970783E+4	2,7957651600E-4
2,8838530548E+4	2,7951455200E-4
2,8839082222E+4	2,7913479300E-4
2,8839639503E+4	2,7911214800E-4
2,8840190970E+4	2,7892042300E-4
2,8840746555E+4	2,7889883900E-4
2,8841298024E+4	2,7872074300E-4
2,8841858575E+4	2,7851656600E-4
2,8842409129E+4	2,7856098100E-4
2,8842966544E+4	2,7847549600E-4
2,8843516691E+4	2,7841837500E-4
2,8844075646E+4	2,7811372400E-4
2,8844625604E+4	2,7785417800E-4
2,8845185022E+4	2,7782124800E-4
2,8845736549E+4	2,7781490700E-4
2,8846293483E+4	2,7759860000E-4
2,8846844816E+4	2,7749891000E-4
2,8847400910E+4	2,7745617900E-4
2,8847952843E+4	2,7735402100E-4
2,8848514635E+4	2,7726632200E-4
2,8849065721E+4	2,7714458600E-4
2,8849619777E+4	2,7693263800E-4
2,8850171342E+4	2,7695221600E-4
2,8850728844E+4	2,7699492400E-4
2,8851280554E+4	2,7683546100E-4
2,8851839796E+4	2,7664486700E-4
2,8852390447E+4	2,7646746300E-4
2,8852946777E+4	2,7629808400E-4
2,8853499753E+4	2,7633477300E-4
2,8854055187E+4	2,7635250700E-4
2,8854605956E+4	2,7623201600E-4
2,8855164619E+4	2,7598787500E-4
2,8855716717E+4	2,7592611900E-4
2,8856272633E+4	2,7605080700E-4
2,8856823760E+4	2,7587400300E-4
2,8857380554E+4	2,7595978700E-4
2,8857931298E+4	2,7583159500E-4
2,8858490880E+4	2,7572586200E-4
2,8859042778E+4	2,7603579500E-4
2,8859598724E+4	2,7580615900E-4
2,8860149688E+4	2,7572692300E-4
2,8860705443E+4	2,7553953400E-4
2,8861256897E+4	2,7543783800E-4
2,8861818580E+4	2,7530906800E-4
2,8862369736E+4	2,7543959000E-4
2,8862929890E+4	2,7540278600E-4
2,8863480721E+4	2,7535106100E-4
2,8864040790E+4	2,7516307300E-4
2,8864592772E+4	2,7522291500E-4
2,8865152466E+4	2,7507569700E-4
2,8865702829E+4	2,7488754700E-4
2,8866262730E+4	2,7497121000E-4
2,8866813755E+4	2,7485971300E-4
2,8867373920E+4	2,7463298300E-4
2,8867926008E+4	2,7480614400E-4
2,8868484591E+4	2,7471636900E-4
2,8869035920E+4	2,7485369400E-4
2,8869592546E+4	2,7481670500E-4
2,8870144389E+4	2,7466250000E-4
2,8870699973E+4	2,7426046500E-4
2,8871251953E+4	2,7421953200E-4
2,8871811053E+4	2,7425956500E-4
2,8872361817E+4	2,7411772100E-4
2,8872920148E+4	2,7415083500E-4
2,8873470733E+4	2,7403348100E-4
2,8874022345E+4	2,7399623800E-4
2,8874572751E+4	2,7377953900E-4
2,8875127840E+4	2,7380718900E-4
2,8875678521E+4	2,7367419900E-4
2,8876238803E+4	2,7344823000E-4
2,8876789568E+4	2,7358887600E-4
2,8877347784E+4	2,7349432800E-4
2,8877898572E+4	2,7346151300E-4
2,8878453984E+4	2,7322599700E-4
2,8879004961E+4	2,7328830600E-4
2,8879562884E+4	2,7300288700E-4
2,8880114555E+4	2,7291777100E-4
2,8880667429E+4	2,7278535800E-4
2,8881222490E+4	2,7279730400E-4
2,8881774456E+4	2,7281840400E-4
2,8882333732E+4	2,7285617700E-4
2,8882885838E+4	2,7280140800E-4
2,8883445116E+4	2,7281072500E-4
2,8883996328E+4	2,7251234600E-4
2,8884557045E+4	2,7231852300E-4
2,8885108031E+4	2,7229087400E-4
2,8885668567E+4	2,7222990200E-4
2,8886219739E+4	2,7208978700E-4
2,8886779421E+4	2,7223516000E-4
2,8887329797E+4	2,7195292300E-4
2,8887888570E+4	2,7192739500E-4
2,8888439807E+4	2,7215131200E-4
2,8888994598E+4	2,7203409600E-4
2,8889545538E+4	2,7168447700E-4
2,8890106524E+4	2,7173391800E-4
2,8890659520E+4	2,7153705100E-4
2,8891214179E+4	2,7144882200E-4
2,8891764544E+4	2,7118676300E-4
2,8892314633E+4	2,7113377100E-4
2,8892871874E+4	2,7090775500E-4
2,8893422721E+4	2,7090819300E-4
2,8893980555E+4	2,7073445600E-4
2,8894531465E+4	2,7054443800E-4
2,8895088738E+4	2,7038592100E-4
2,8895640725E+4	2,7030940600E-4
2,8896196200E+4	2,7021831800E-4
2,8896747937E+4	2,7003623300E-4
2,8897300166E+4	2,6994572000E-4
2,8897854563E+4	2,6990232100E-4
2,8898405766E+4	2,6963417400E-4
2,8898962348E+4	2,6960401100E-4
2,8899514549E+4	2,6938606700E-4
2,8900072680E+4	2,6932006800E-4
2,8900622589E+4	2,6933480400E-4
2,8901183697E+4	2,6932534900E-4
2,8901736571E+4	2,6912437700E-4
2,8902289630E+4	2,6906259800E-4
2,8902841828E+4	2,6870564600E-4
2,8903399240E+4	2,6898264800E-4
2,8903949918E+4	2,6885401700E-4
2,8904510710E+4	2,6894508200E-4
2,8905061640E+4	2,6880632800E-4
2,8905619070E+4	2,6877893200E-4
2,8906170838E+4	2,6873571700E-4
2,8906721572E+4	2,6864603500E-4
2,8907277704E+4	2,6863381300E-4
2,8907829248E+4	2,6856592300E-4
2,8908384487E+4	2,6853765100E-4
2,8908934783E+4	2,6845687000E-4
2,8909485790E+4	2,6854092500E-4
2,8910046415E+4	2,6826207900E-4
2,8910598540E+4	2,6853179300E-4
2,8911152258E+4	2,6838582100E-4
2,8911703019E+4	2,6826018800E-4
2,8912262412E+4	2,6827439300E-4
2,8912813709E+4	2,6817212000E-4
2,8913370602E+4	2,6799856700E-4
2,8913920850E+4	2,6813651500E-4
2,8914480734E+4	2,6819501900E-4
2,8915031241E+4	2,6825456100E-4
2,8915582664E+4	2,6824840400E-4
2,8916139244E+4	2,6823987200E-4
2,8916690697E+4	2,6801752300E-4
2,8917246578E+4	2,6798800600E-4
2,8917798458E+4	2,6787226500E-4
2,8918355727E+4	2,6788045200E-4
2,8918908340E+4	2,6764140700E-4
2,8919464500E+4	2,6759851500E-4
2,8920014840E+4	2,6745328000E-4
2,8920571552E+4	2,6760658600E-4
2,8921122843E+4	2,6734434300E-4
2,8921674811E+4	2,6736168400E-4
2,8922233568E+4	2,6718414200E-4
2,8922784790E+4	2,6720478100E-4
2,8923340473E+4	2,6732974600E-4
2,8923890698E+4	2,6729849900E-4
2,8924448380E+4	2,6734404300E-4
2,8924999651E+4	2,6716800000E-4
2,8925558325E+4	2,6730691600E-4
2,8926108874E+4	2,6721665700E-4
2,8926667305E+4	2,6705908500E-4
2,8927217583E+4	2,6724965700E-4
2,8927767576E+4	2,6713022700E-4
2,8928318594E+4	2,6702237300E-4
2,8928875726E+4	2,6718681700E-4
2,8929428336E+4	2,6714251800E-4
2,8929986110E+4	2,6709289200E-4
2,8930538552E+4	2,6707006200E-4
2,8931094570E+4	2,6693412100E-4
2,8931645974E+4	2,6694359900E-4
2,8932196901E+4	2,6686851400E-4
2,8932752724E+4	2,6684725200E-4
2,8933303787E+4	2,6682167800E-4
2,8933864126E+4	2,6666023200E-4
2,8934414825E+4	2,6646728600E-4
2,8934973602E+4	2,6650651200E-4
2,8935523917E+4	2,6640430800E-4
2,8936083782E+4	2,6638134000E-4
2,8936635485E+4	2,6641189500E-4
2,8937192060E+4	2,6644819200E-4
2,8937742720E+4	2,6631808500E-4
2,8938299962E+4	2,6616217300E-4
2,8938852463E+4	2,6600003500E-4
2,8939412412E+4	2,6600151100E-4
2,8939962688E+4	2,6594455200E-4
2,8940520367E+4	2,6600201900E-4
2,8941073552E+4	2,6602468700E-4
2,8941630633E+4	2,6596583700E-4
2,8942181879E+4	2,6579500500E-4
2,8942739367E+4	2,6572635400E-4
2,8943289563E+4	2,6572868300E-4
2,8943847971E+4	2,6564776400E-4
2,8944401264E+4	2,6541630700E-4
2,8944957195E+4	2,6538849600E-4
2,8945508049E+4	2,6522891800E-4
2,8946067152E+4	2,6524139300E-4
2,8946619754E+4	2,6512549200E-4
2,8947174580E+4	2,6511774300E-4
2,8947726183E+4	2,6510842700E-4
2,8948281869E+4	2,6499284800E-4
2,8948834160E+4	2,6492512000E-4
2,8949394547E+4	2,6470653000E-4
2,8949944703E+4	2,6461816200E-4
2,8950500848E+4	2,6440404600E-4
2,8951052484E+4	2,6437273000E-4
2,8951603963E+4	2,6459397200E-4
2,8952158755E+4	2,6444329500E-4
2,8952709564E+4	2,6437865700E-4
2,8953265410E+4	2,6425883500E-4
2,8953817593E+4	2,6413232500E-4
2,8954373572E+4	2,6390589500E-4
2,8954925438E+4	2,6382082500E-4
2,8955484800E+4	2,6364552000E-4
2,8956035470E+4	2,6362679500E-4
2,8956592803E+4	2,6360424200E-4
2,8957145042E+4	2,6335198400E-4
2,8957702559E+4	2,6310281600E-4
2,8958253225E+4	2,6312882800E-4
2,8958813649E+4	2,6319697100E-4
2,8959363462E+4	2,6292718700E-4
2,8959924603E+4	2,6271051200E-4
2,8960475598E+4	2,6263106900E-4
2,8961034155E+4	2,6239237000E-4
2,8961584953E+4	2,6232187400E-4
2,8962144417E+4	2,6230561700E-4
2,8962695900E+4	2,6219439600E-4
2,8963255634E+4	2,6199725300E-4
2,8963807267E+4	2,6198491500E-4
2,8964364818E+4	2,6189555600E-4
2,8964917403E+4	2,6139865000E-4
2,8965471107E+4	2,6142680700E-4
2,8966023005E+4	2,6130700800E-4
2,8966578914E+4	2,6137563600E-4
2,8967131474E+4	2,6113227900E-4
2,8967685773E+4	2,6093322200E-4
2,8968238684E+4	2,6095934900E-4
2,8968789784E+4	2,6103399600E-4
2,8969346617E+4	2,6089634800E-4
2,8969898651E+4	2,6088495600E-4
2,8970454749E+4	2,6079651900E-4
2,8971005581E+4	2,6106438900E-4
2,8971562686E+4	2,6074650100E-4
2,8972113689E+4	2,6066306900E-4
2,8972672286E+4	2,6036434400E-4
2,8973224355E+4	2,6042418600E-4
2,8973780575E+4	2,6033551800E-4
2,8974333711E+4	2,6038080900E-4
2,8974888056E+4	2,6015949800E-4
2,8975438800E+4	2,6018587900E-4
2,8975998476E+4	2,6001703100E-4
2,8976550512E+4	2,6013143400E-4
2,8977107762E+4	2,5981601300E-4
2,8977657709E+4	2,5979984800E-4
2,8978210576E+4	2,5974012100E-4
2,8978764665E+4	2,5974535600E-4
2,8979314583E+4	2,5963187600E-4
2,8979873500E+4	2,5945447200E-4
2,8980423957E+4	2,5943962100E-4
2,8980974619E+4	2,5923364500E-4
2,8981531497E+4	2,5932192000E-4
2,8982082726E+4	2,5934922400E-4
2,8982640374E+4	2,5936626600E-4
2,8983190878E+4	2,5926484600E-4
2,8983748180E+4	2,5935842500E-4
2,8984299798E+4	2,5900260300E-4
2,8984859666E+4	2,5913204100E-4
2,8985409896E+4	2,5897592200E-4
2,8985967658E+4	2,5899916700E-4
2,8986517605E+4	2,5903253500E-4
2,8987069133E+4	2,5891893900E-4
2,8987626767E+4	2,5892297500E-4
2,8988178306E+4	2,5907646500E-4
2,8988734651E+4	2,5912964300E-4
2,8989285332E+4	2,5911924200E-4
2,8989847312E+4	2,5906947800E-4
2,8990399134E+4	2,5905471900E-4
2,8990957731E+4	2,5902511000E-4
2,8991508140E+4	2,5869912700E-4
2,8992064758E+4	2,5893528900E-4
2,8992617432E+4	2,5882616700E-4
2,8993172994E+4	2,5867004800E-4
2,8993724918E+4	2,5884927400E-4
2,8994284702E+4	2,5865510500E-4
2,8994835689E+4	2,5845443300E-4
2,8995396510E+4	2,5858760700E-4
2,8995948281E+4	2,5843414000E-4
2,8996504698E+4	2,5848182900E-4
2,8997055904E+4	2,5836083100E-4
2,8997616308E+4	2,5828826000E-4
2,8998168103E+4	2,5835790200E-4
2,8998723453E+4	2,5844110400E-4
2,8999274640E+4	2,5808740300E-4
2,8999833073E+4	2,5812974200E-4
2,9000385258E+4	2,5804935400E-4
2,9000942772E+4	2,5805219000E-4
2,9001493776E+4	2,5813174900E-4
2,9002050838E+4	2,5805742500E-4
2,9002601784E+4	2,5788691600E-4
2,9003154575E+4	2,5773610100E-4
2,9003710282E+4	2,5770665300E-4
2,9004260689E+4	2,5779015500E-4
2,9004818543E+4	2,5766673500E-4
2,9005370042E+4	2,5731321900E-4
2,9005925779E+4	2,5721034600E-4
2,9006476046E+4	2,5711492200E-4
2,9007036309E+4	2,5702803100E-4
2,9007587617E+4	2,5708766500E-4
2,9008145687E+4	2,5710669000E-4
2,9008697329E+4	2,5689640200E-4
2,9009248886E+4	2,5663625700E-4
2,9009804639E+4	2,5682957300E-4
2,9010355868E+4	2,5653963400E-4
2,9010912937E+4	2,5651701200E-4
2,9011466041E+4	2,5660579400E-4
2,9012018608E+4	2,5641741400E-4
2,9012573501E+4	2,5633026800E-4
2,9013123610E+4	2,5606887800E-4
2,9013675690E+4	2,5606719500E-4
2,9014232194E+4	2,5603594800E-4
2,9014782733E+4	2,5585469300E-4
2,9015339788E+4	2,5563698000E-4
2,9015890622E+4	2,5561168200E-4
2,9016441401E+4	2,5569004200E-4
2,9016996983E+4	2,5553918000E-4
2,9017548616E+4	2,5559438700E-4
2,9018105208E+4	2,5537268400E-4
2,9018655853E+4	2,5548226700E-4
2,9019213596E+4	2,5541029600E-4
2,9019765888E+4	2,5527947400E-4
2,9020319810E+4	2,5533698600E-4
2,9020870879E+4	2,5537625800E-4
2,9021423393E+4	2,5516982100E-4
2,9021974587E+4	2,5525447600E-4
2,9022529498E+4	2,5511597500E-4
2,9023080008E+4	2,5491348200E-4
2,9023640395E+4	2,5484526900E-4
2,9024190441E+4	2,5456752900E-4
2,9024749547E+4	2,5461602500E-4
2,9025302408E+4	2,5456646800E-4
2,9025854882E+4	2,5444477900E-4
2,9026406255E+4	2,5439992600E-4
2,9026966645E+4	2,5419814700E-4
2,9027516701E+4	2,5398407700E-4
2,9028074086E+4	2,5398539200E-4
2,9028626058E+4	2,5372759900E-4
2,9029182435E+4	2,5365456700E-4
2,9029734271E+4	2,5352185400E-4
2,9030292813E+4	2,5345631600E-4
2,9030843961E+4	2,5341109500E-4
2,9031401738E+4	2,5345338800E-4
2,9031952779E+4	2,5339753500E-4
2,9032509461E+4	2,5324386100E-4
2,9033060561E+4	2,5308285300E-4
2,9033620162E+4	2,5299236400E-4
2,9034170979E+4	2,5324190100E-4
2,9034727463E+4	2,5291958500E-4
2,9035278715E+4	2,5274333400E-4
2,9035836956E+4	2,5278424300E-4
2,9036388680E+4	2,5272029700E-4
2,9036946571E+4	2,5268736600E-4
2,9037497466E+4	2,5240231700E-4
2,9038055550E+4	2,5252979500E-4
2,9038607206E+4	2,5263513500E-4
2,9039161991E+4	2,5249748700E-4
2,9039713503E+4	2,5236821000E-4
2,9040269130E+4	2,5241426200E-4
2,9040820554E+4	2,5216239600E-4
2,9041375338E+4	2,5202041300E-4
2,9041926649E+4	2,5205387400E-4
2,9042483574E+4	2,5194463600E-4
2,9043034838E+4	2,5204783200E-4
2,9043596441E+4	2,5188659300E-4
2,9044148061E+4	2,5197062500E-4
2,9044702580E+4	2,5195655900E-4
2,9045254205E+4	2,5198448500E-4
2,9045810487E+4	2,5189623200E-4
2,9046363291E+4	2,5184639900E-4
2,9046922195E+4	2,5181137000E-4
2,9047473513E+4	2,5186939000E-4
2,9048028484E+4	2,5173575500E-4
2,9048580796E+4	2,5184822100E-4
2,9049138818E+4	2,5175222000E-4
2,9049691306E+4	2,5163970800E-4
2,9050248761E+4	2,5152196200E-4
2,9050799832E+4	2,5154977300E-4
2,9051357877E+4	2,5133242800E-4
2,9051909586E+4	2,5154712100E-4
2,9052464843E+4	2,5147939200E-4
2,9053016021E+4	2,5140071000E-4
2,9053571973E+4	2,5137575900E-4
2,9054124528E+4	2,5141678300E-4
2,9054680465E+4	2,5137672700E-4
2,9055233572E+4	2,5142388600E-4
2,9055784840E+4	2,5140631400E-4
2,9056341623E+4	2,5128178700E-4
2,9056891460E+4	2,5142985800E-4
2,9057446417E+4	2,5110078600E-4
2,9057997756E+4	2,5114051900E-4
2,9058556304E+4	2,5132329600E-4
2,9059107071E+4	2,5107505100E-4
2,9059666509E+4	2,5080093100E-4
2,9060218531E+4	2,5072863700E-4
2,9060774550E+4	2,5059703100E-4
2,9061324836E+4	2,5039921900E-4
2,9061875664E+4	2,5051929400E-4
2,9062433585E+4	2,5034673300E-4
2,9062984657E+4	2,5030610100E-4
2,9063545549E+4	2,5023389900E-4
2,9064097094E+4	2,5007835600E-4
2,9064656274E+4	2,4987833000E-4
2,9065206645E+4	2,4972361700E-4
2,9065768267E+4	2,4972105800E-4
2,9066319867E+4	2,4961869200E-4
2,9066878445E+4	2,4944433300E-4
2,9067429173E+4	2,4942320900E-4
2,9067985831E+4	2,4929543100E-4
2,9068536622E+4	2,4911500700E-4
2,9069095528E+4	2,4913659100E-4
2,9069647561E+4	2,4918660900E-4
2,9070202442E+4	2,4902048200E-4
2,9070754746E+4	2,4883413100E-4
2,9071309788E+4	2,4891249000E-4
2,9071862318E+4	2,4889648600E-4
2,9072412748E+4	2,4869443100E-4
2,9072969289E+4	2,4859497100E-4
2,9073520104E+4	2,4860359600E-4
2,9074076776E+4	2,4870829000E-4
2,9074627587E+4	2,4855627600E-4
2,9075184232E+4	2,4844344100E-4
2,9075735261E+4	2,4852359900E-4
2,9076294764E+4	2,4841290900E-4
2,9076844836E+4	2,4834006100E-4
2,9077401886E+4	2,4839471400E-4
2,9077952695E+4	2,4814912100E-4
2,9078505816E+4	2,4811277700E-4
2,9079061686E+4	2,4814637600E-4
2,9079613530E+4	2,4823409800E-4
2,9080168806E+4	2,4822238400E-4
2,9080720019E+4	2,4804290400E-4
2,9081278790E+4	2,4800838300E-4
2,9081829756E+4	2,4786370200E-4
2,9082389018E+4	2,4785039600E-4
2,9082940079E+4	2,4784456200E-4
2,9083497730E+4	2,4786460100E-4
2,9084049560E+4	2,4791923100E-4
2,9084600633E+4	2,4798246300E-4
2,9085156737E+4	2,4791671800E-4
2,9085707944E+4	2,4780268400E-4
2,9086264016E+4	2,4779101500E-4
2,9086817182E+4	2,4766904900E-4
2,9087372729E+4	2,4768735900E-4
2,9087924279E+4	2,4754226300E-4
2,9088481699E+4	2,4740332300E-4
2,9089032790E+4	2,4733105200E-4
2,9089592655E+4	2,4723110800E-4
2,9090144540E+4	2,4733490300E-4
2,9090699245E+4	2,4716091200E-4
2,9091249630E+4	2,4695934100E-4
2,9091807820E+4	2,4729429400E-4
2,9092359895E+4	2,4708398300E-4
2,9092918412E+4	2,4709901800E-4
2,9093468792E+4	2,4710012500E-4
2,9094028531E+4	2,4694033900E-4
2,9094579267E+4	2,4696220100E-4
2,9095139773E+4	2,4691965400E-4
2,9095690835E+4	2,4687588500E-4
2,9096246641E+4	2,4696985700E-4
2,9096798756E+4	2,4716663100E-4
2,9097355805E+4	2,4700500100E-4
2,9097905542E+4	2,4700006600E-4
2,9098465781E+4	2,4690962300E-4
2,9099016211E+4	2,4691386600E-4
2,9099574207E+4	2,4664539600E-4
2,9100125818E+4	2,4658590000E-4
2,9100683736E+4	2,4666751100E-4
2,9101236410E+4	2,4668741200E-4
2,9101793601E+4	2,4668632900E-4
2,9102343677E+4	2,4662830900E-4
2,9102901565E+4	2,4660414100E-4
2,9103453255E+4	2,4669119400E-4
2,9104010201E+4	2,4682489900E-4
2,9104562522E+4	2,4668766600E-4
2,9105119727E+4	2,4664189100E-4
2,9105670317E+4	2,4652050100E-4
2,9106227865E+4	2,4657529300E-4
2,9106779653E+4	2,4666596600E-4
2,9107335418E+4	2,4660926100E-4
2,9107887757E+4	2,4662969200E-4
2,9108442806E+4	2,4648842400E-4
2,9108993631E+4	2,4663799400E-4
2,9109550786E+4	2,4660554800E-4
2,9110103628E+4	2,4643806000E-4
2,9110654441E+4	2,4625304600E-4
2,9111210560E+4	2,4627573800E-4
2,9111760737E+4	2,4611027900E-4
2,9112317651E+4	2,4621222900E-4
2,9112869056E+4	2,4622373700E-4
2,9113426988E+4	2,4603542500E-4
2,9113979313E+4	2,4610020200E-4
2,9114536554E+4	2,4602119700E-4
2,9115086613E+4	2,4579465100E-4
2,9115644596E+4	2,4594917900E-4
2,9116194719E+4	2,4560212000E-4
2,9116744779E+4	2,4553453000E-4
2,9117304754E+4	2,4558436300E-4
2,9117855477E+4	2,4540991100E-4
2,9118411946E+4	2,4543746800E-4
2,9118962591E+4	2,4523015500E-4
2,9119522480E+4	2,4507993900E-4
2,9120075240E+4	2,4521076100E-4
2,9120632593E+4	2,4522561200E-4
2,9121184167E+4	2,4508351400E-4
2,9121741305E+4	2,4490783900E-4
2,9122291729E+4	2,4499823600E-4
2,9122847812E+4	2,4508169200E-4
2,9123401220E+4	2,4495098500E-4
2,9123959839E+4	2,4469079500E-4
2,9124510809E+4	2,4463828600E-4
2,9125067609E+4	2,4461513300E-4
2,9125619097E+4	2,4457491600E-4
2,9126169616E+4	2,4464409700E-4
2,9126726585E+4	2,4453785800E-4
2,9127277954E+4	2,4462221300E-4
2,9127839404E+4	2,4443161900E-4
2,9128390915E+4	2,4438900300E-4
2,9128949998E+4	2,4413160200E-4
2,9129500750E+4	2,4401618500E-4
2,9130059793E+4	2,4424289200E-4
2,9130610223E+4	2,4416377200E-4
2,9131170383E+4	2,4391435000E-4
2,9131720818E+4	2,4388409500E-4
2,9132282585E+4	2,4388893800E-4
2,9132833860E+4	2,4380080100E-4
2,9133392728E+4	2,4373957500E-4
2,9133943833E+4	2,4387108900E-4
2,9134500729E+4	2,4374792300E-4
2,9135052971E+4	2,4381881100E-4
2,9135609254E+4	2,4376994600E-4
2,9136160759E+4	2,4361103600E-4
2,9136719569E+4	2,4366612800E-4
2,9137270699E+4	2,4379881700E-4
2,9137826662E+4	2,4347200500E-4
2,9138377510E+4	2,4354132500E-4
2,9138928018E+4	2,4344885200E-4
2,9139487966E+4	2,4343554600E-4
2,9140040123E+4	2,4321829400E-4
2,9140592762E+4	2,4318993000E-4
2,9141144568E+4	2,4312137100E-4
2,9141702526E+4	2,4303136600E-4
2,9142252519E+4	2,4291938500E-4
2,9142812778E+4	2,4270123300E-4
2,9143364722E+4	2,4264210600E-4
2,9143922386E+4	2,4273303400E-4
2,9144473868E+4	2,4244166500E-4
2,9145031816E+4	2,4237421300E-4
2,9145585152E+4	2,4252871800E-4
2,9146141624E+4	2,4258464000E-4
2,9146692755E+4	2,4241260900E-4
2,9147251194E+4	2,4236900200E-4
2,9147802200E+4	2,4210438300E-4
2,9148361598E+4	2,4195073200E-4
2,9148912199E+4	2,4190219000E-4
2,9149472714E+4	2,4189091300E-4
2,9150025224E+4	2,4200872900E-4
2,9150580797E+4	2,4196918000E-4
2,9151132341E+4	2,4189833800E-4
2,9151688226E+4	2,4186879800E-4
2,9152238522E+4	2,4155194800E-4
2,9152798742E+4	2,4162401200E-4
2,9153349332E+4	2,4176101400E-4
2,9153907239E+4	2,4168793500E-4
2,9154458692E+4	2,4134631800E-4
2,9155014773E+4	2,4126722100E-4
2,9155565524E+4	2,4109562800E-4
2,9156123626E+4	2,4093337500E-4
2,9156674569E+4	2,4092339000E-4
2,9157230188E+4	2,4079994700E-4
2,9157782466E+4	2,4079849400E-4
2,9158332523E+4	2,4049342800E-4
2,9158890623E+4	2,4037023900E-4
2,9159442243E+4	2,4043859000E-4
2,9159998513E+4	2,4054964900E-4
2,9160549758E+4	2,4036306700E-4
2,9161110880E+4	2,4026160200E-4
2,9161662670E+4	2,3994701100E-4
2,9162219733E+4	2,3990444200E-4
2,9162770464E+4	2,3983537600E-4
2,9163327727E+4	2,3964231400E-4
2,9163878179E+4	2,3955399200E-4
2,9164437541E+4	2,3936863300E-4
2,9164988023E+4	2,3909149300E-4
2,9165545575E+4	2,3924032400E-4
2,9166097562E+4	2,3907606500E-4
2,9166652561E+4	2,3900660700E-4
2,9167205010E+4	2,3876308900E-4
2,9167755733E+4	2,3856626800E-4
2,9168312733E+4	2,3860715400E-4
2,9168864493E+4	2,3839845800E-4
2,9169419148E+4	2,3821909400E-4
2,9169970736E+4	2,3807328200E-4
2,9170527823E+4	2,3791693300E-4
2,9171079816E+4	2,3769981900E-4
2,9171638154E+4	2,3785796700E-4
2,9172189035E+4	2,3765971700E-4
2,9172747031E+4	2,3759155000E-4
2,9173297792E+4	2,3749361200E-4
2,9173849237E+4	2,3753293100E-4
2,9174405777E+4	2,3760517900E-4
2,9174956591E+4	2,3721423500E-4
2,9175513375E+4	2,3724054700E-4
2,9176063386E+4	2,3716149600E-4
2,9176620590E+4	2,3709881800E-4
2,9177172789E+4	2,3724034000E-4
2,9177732763E+4	2,3706699500E-4
2,9178285496E+4	2,3697662100E-4
2,9178839633E+4	2,3719246600E-4
2,9179392415E+4	2,3700429300E-4
2,9179944711E+4	2,3700101900E-4
2,9180499659E+4	2,3688772300E-4
2,9181049774E+4	2,3692660300E-4
2,9181606276E+4	2,3691984600E-4
2,9182158626E+4	2,3708108500E-4
2,9182717741E+4	2,3698508400E-4
2,9183268638E+4	2,3682580600E-4
2,9183827783E+4	2,3689496400E-4
2,9184380223E+4	2,3674152000E-4
2,9184933673E+4	2,3656326300E-4
2,9185484985E+4	2,3669945800E-4
2,9186043645E+4	2,3659250300E-4
2,9186596446E+4	2,3655401500E-4
2,9187155508E+4	2,3637924000E-4
2,9187706760E+4	2,3604578700E-4
2,9188261479E+4	2,3636425100E-4
2,9188814185E+4	2,3616452500E-4
2,9189366486E+4	2,3602634700E-4
2,9189920985E+4	2,3615550800E-4
2,9190472812E+4	2,3614234100E-4
2,9191027581E+4	2,3579968600E-4
2,9191578093E+4	2,3589155900E-4
2,9192138753E+4	2,3584617600E-4
2,9192690694E+4	2,3572418600E-4
2,9193246907E+4	2,3564956200E-4
2,9193797765E+4	2,3567737300E-4
2,9194356891E+4	2,3554157000E-4
2,9194909283E+4	2,3548910800E-4
2,9195461595E+4	2,3544022000E-4
2,9196014770E+4	2,3536312900E-4
2,9196565942E+4	2,3524118500E-4
2,9197123024E+4	2,3527231700E-4
2,9197674499E+4	2,3515182600E-4
2,9198227411E+4	2,3511223100E-4
2,9198784374E+4	2,3508425900E-4
2,9199334612E+4	2,3495380600E-4
2,9199892576E+4	2,3487413300E-4
2,9200443939E+4	2,3492085300E-4
2,9201004580E+4	2,3487060400E-4
2,9201555615E+4	2,3481502900E-4
2,9202114384E+4	2,3470104100E-4
2,9202665798E+4	2,3468722800E-4
2,9203222708E+4	2,3460900700E-4
2,9203775084E+4	2,3448164400E-4
2,9204327562E+4	2,3449446600E-4
2,9204882749E+4	2,3451213000E-4
2,9205434836E+4	2,3421868600E-4
2,9205992030E+4	2,3426007900E-4
2,9206544552E+4	2,3409814900E-4
2,9207095715E+4	2,3383828100E-4
2,9207651053E+4	2,3391754000E-4
2,9208203106E+4	2,3396287700E-4
2,9208758773E+4	2,3373312600E-4
2,9209309825E+4	2,3348707100E-4
2,9209871019E+4	2,3356153300E-4
2,9210421734E+4	2,3338069300E-4
2,9210980857E+4	2,3327224000E-4
2,9211533469E+4	2,3317285000E-4
2,9212092635E+4	2,3320441900E-4
2,9212643052E+4	2,3315716800E-4
2,9213201576E+4	2,3298167900E-4
2,9213753969E+4	2,3297805800E-4
2,9214310612E+4	2,3307595000E-4
2,9214861580E+4	2,3285383200E-4
2,9215412120E+4	2,3285996600E-4
2,9215968579E+4	2,3279011600E-4
2,9216519850E+4	2,3282938800E-4
2,9217077717E+4	2,3270430800E-4
2,9217628409E+4	2,3268505200E-4
2,9218185805E+4	2,3266568200E-4
2,9218737851E+4	2,3255639800E-4
2,9219295977E+4	2,3256643000E-4
2,9219848324E+4	2,3280452800E-4
2,9220403817E+4	2,3259624700E-4
2,9220955879E+4	2,3249330500E-4
2,9221507784E+4	2,3245767700E-4
2,9222062563E+4	2,3238960200E-4
2,9222613849E+4	2,3228184100E-4
2,9223169833E+4	2,3230776100E-4
2,9223721307E+4	2,3220931600E-4
2,9224279750E+4	2,3205930800E-4
2,9224830729E+4	2,3193944000E-4
2,9225390471E+4	2,3184793600E-4
2,9225941032E+4	2,3184676000E-4
2,9226500191E+4	2,3171928200E-4
2,9227050682E+4	2,3170510000E-4
2,9227610744E+4	2,3162116000E-4
2,9228161761E+4	2,3161783900E-4
2,9228721989E+4	2,3157985800E-4
2,9229272901E+4	2,3129370200E-4
2,9229830313E+4	2,3123563500E-4
2,9230382431E+4	2,3127327000E-4
2,9230937598E+4	2,3109854100E-4
2,9231489423E+4	2,3094791000E-4
2,9232051559E+4	2,3095964800E-4
2,9232602256E+4	2,3078222100E-4
2,9233160799E+4	2,3072703800E-4
2,9233711061E+4	2,3052048500E-4
2,9234271167E+4	2,3034589500E-4
2,9234823392E+4	2,3031052000E-4
2,9235382506E+4	2,2999913500E-4
2,9235933354E+4	2,3012414600E-4
2,9236488570E+4	2,3000197200E-4
2,9237038623E+4	2,3006043000E-4
2,9237589766E+4	2,2991219800E-4
2,9238149787E+4	2,2985307100E-4
2,9238702342E+4	2,2962334300E-4
2,9239258046E+4	2,2963051400E-4
2,9239808221E+4	2,2969118600E-4
2,9240359434E+4	2,2986716000E-4
2,9240917913E+4	2,2968611300E-4
2,9241469703E+4	2,2977415800E-4
2,9242024622E+4	2,2962933800E-4
2,9242576772E+4	2,2954634400E-4
2,9243132691E+4	2,2938692700E-4
2,9243684823E+4	2,2956041100E-4
2,9244241493E+4	2,2949399700E-4
2,9244793133E+4	2,2942276300E-4
2,9245348839E+4	2,2936259800E-4
2,9245899689E+4	2,2934825500E-4
2,9246450545E+4	2,2947889200E-4
2,9247006683E+4	2,2932194300E-4
2,9247559276E+4	2,2934528000E-4
2,9248113780E+4	2,2933983800E-4
2,9248664798E+4	2,2927543000E-4
2,9249224323E+4	2,2927517600E-4
2,9249774622E+4	2,2904083600E-4
2,9250335539E+4	2,2911848100E-4
2,9250886820E+4	2,2904738500E-4
2,9251442828E+4	2,2886995800E-4
2,9251994804E+4	2,2877282800E-4
2,9252545708E+4	2,2865939400E-4
2,9253100603E+4	2,2859385600E-4
2,9253652798E+4	2,2850857900E-4
2,9254208165E+4	2,2848890800E-4
2,9254758835E+4	2,2861237400E-4
2,9255319810E+4	2,2837201500E-4
2,9255871187E+4	2,2832709300E-4
2,9256427636E+4	2,2828952800E-4
2,9256977588E+4	2,2827949600E-4
2,9257535640E+4	2,2826526800E-4
2,9258088149E+4	2,2805445000E-4
2,9258638660E+4	2,2789632400E-4
2,9259196054E+4	2,2792355900E-4
2,9259746761E+4	2,2796924100E-4
2,9260306982E+4	2,2789987600E-4
2,9260857792E+4	2,2793345100E-4
2,9261417765E+4	2,2776921500E-4
2,9261968217E+4	2,2756711400E-4
2,9262529629E+4	2,2759863700E-4
2,9263080706E+4	2,2769618300E-4
2,9263635800E+4	2,2766440600E-4
2,9264188870E+4	2,2741602200E-4
2,9264744844E+4	2,2731356400E-4
2,9265295925E+4	2,2733558700E-4
2,9265854635E+4	2,2738721900E-4
2,9266404632E+4	2,2729875900E-4
2,9266961776E+4	2,2716468600E-4
2,9267513492E+4	2,2710574400E-4
2,9268069896E+4	2,2691199000E-4
2,9268620739E+4	2,2684193200E-4
2,9269180713E+4	2,2677521900E-4
2,9269730800E+4	2,2671516900E-4
2,9270289534E+4	2,2679993900E-4
2,9270842679E+4	2,2655510700E-4
2,9271400698E+4	2,2656280900E-4
2,9271952387E+4	2,2645165800E-4
2,9272511506E+4	2,2640998700E-4
2,9273064443E+4	2,2657171000E-4
2,9273618762E+4	2,2655549900E-4
2,9274169678E+4	2,2635127600E-4
2,9274726814E+4	2,2630575400E-4
2,9275278892E+4	2,2637862500E-4
2,9275835835E+4	2,2632067400E-4
2,9276387807E+4	2,2604339600E-4
2,9276940366E+4	2,2617896800E-4
2,9277494774E+4	2,2607658000E-4
2,9278046321E+4	2,2589899100E-4
2,9278605873E+4	2,2595696500E-4
2,9279157948E+4	2,2603128900E-4
2,9279712872E+4	2,2594668000E-4
2,9280263410E+4	2,2586733000E-4
2,9280816046E+4	2,2583292300E-4
2,9281374468E+4	2,2569785800E-4
2,9281924750E+4	2,2554526800E-4
2,9282478738E+4	2,2546326500E-4
2,9283029601E+4	2,2546285000E-4
2,9283589796E+4	2,2539615900E-4
2,9284140858E+4	2,2542911200E-4
2,9284698745E+4	2,2524617400E-4
2,9285250790E+4	2,2511775000E-4
2,9285806666E+4	2,2505996100E-4
2,9286358184E+4	2,2506003000E-4
2,9286909743E+4	2,2488311100E-4
2,9287467607E+4	2,2487916700E-4
2,9288020018E+4	2,2501840600E-4
2,9288574764E+4	2,2493098400E-4
2,9289125632E+4	2,2488426400E-4
2,9289676742E+4	2,2488055100E-4
2,9290233405E+4	2,2482188500E-4
2,9290783842E+4	2,2488331800E-4
2,9291340521E+4	2,2481780300E-4
2,9291891661E+4	2,2458835200E-4
2,9292450499E+4	2,2442923500E-4
2,9293000888E+4	2,2455060200E-4
2,9293560512E+4	2,2437965500E-4
2,9294113574E+4	2,2432594800E-4
2,9294668740E+4	2,2441890400E-4
2,9295218733E+4	2,2425934900E-4
2,9295768859E+4	2,2446002100E-4
2,9296329486E+4	2,2448471900E-4
2,9296880944E+4	2,2416533200E-4
2,9297436631E+4	2,2444037300E-4
2,9297987661E+4	2,2438751900E-4
2,9298544800E+4	2,2414238700E-4
2,9299096913E+4	2,2419445700E-4
2,9299655643E+4	2,2409153800E-4
2,9300208105E+4	2,2407837100E-4
2,9300765954E+4	2,2411406800E-4
2,9301317289E+4	2,2398725900E-4
2,9301875543E+4	2,2400822100E-4
2,9302425938E+4	2,2375501800E-4
2,9302986780E+4	2,2381006300E-4
2,9303536744E+4	2,2372782900E-4
2,9304094413E+4	2,2372400100E-4
2,9304646166E+4	2,2358088800E-4
2,9305201787E+4	2,2354270000E-4
2,9305752921E+4	2,2348820800E-4
2,9306312523E+4	2,2346314200E-4
2,9306864273E+4	2,2329943600E-4
2,9307419674E+4	2,2320523400E-4
2,9307971577E+4	2,2332247300E-4
2,9308526832E+4	2,2351311400E-4
2,9309079408E+4	2,2331410200E-4
2,9309639507E+4	2,2342446900E-4
2,9310190637E+4	2,2314216400E-4
2,9310744686E+4	2,2323784100E-4
2,9311294806E+4	2,2318526400E-4
2,9311855871E+4	2,2295433600E-4
2,9312408535E+4	2,2315090400E-4
2,9312965607E+4	2,2289638600E-4
2,9313517722E+4	2,2284521500E-4
2,9314074607E+4	2,2287217200E-4
2,9314625975E+4	2,2266592000E-4
2,9315183271E+4	2,2262544900E-4
2,9315733846E+4	2,2237169200E-4
2,9316289466E+4	2,2231005100E-4
2,9316839789E+4	2,2217565500E-4
2,9317396885E+4	2,2201591500E-4
2,9317947609E+4	2,2207877800E-4
2,9318504721E+4	2,2203604700E-4
2,9319054711E+4	2,2197302300E-4
2,9319616034E+4	2,2168721200E-4
2,9320166555E+4	2,2171098700E-4
2,9320724361E+4	2,2155786600E-4
2,9321275799E+4	2,2169272400E-4
2,9321832900E+4	2,2161752400E-4
2,9322383751E+4	2,2149170600E-4
2,9322939824E+4	2,2145075100E-4
2,9323493077E+4	2,2137541200E-4
2,9324045642E+4	2,2121525700E-4
2,9324600512E+4	2,2131351800E-4
2,9325150710E+4	2,2105676300E-4
2,9325705892E+4	2,2103863800E-4
2,9326257716E+4	2,2096532900E-4
2,9326815545E+4	2,2089278000E-4
2,9327366623E+4	2,2083104800E-4
2,9327924835E+4	2,2077853900E-4
2,9328476659E+4	2,2067573600E-4
2,9329032851E+4	2,2061748500E-4
2,9329586034E+4	2,2048403400E-4
2,9330142306E+4	2,2040459100E-4
2,9330694581E+4	2,2008951700E-4
2,9331251861E+4	2,2010208500E-4
2,9331803836E+4	2,2009346000E-4
2,9332361743E+4	2,2003110500E-4
2,9332914502E+4	2,1979328200E-4
2,9333470010E+4	2,1978435800E-4
2,9334020867E+4	2,1951558900E-4
2,9334580813E+4	2,1952944800E-4
2,9335133034E+4	2,1945088100E-4
2,9335689257E+4	2,1921951600E-4
2,9336240658E+4	2,1927875800E-4
2,9336795570E+4	2,1904709300E-4
2,9337347472E+4	2,1902092000E-4
2,9337905731E+4	2,1896792700E-4
2,9338456627E+4	2,1901937400E-4
2,9339016278E+4	2,1891122100E-4
2,9339568594E+4	2,1860687000E-4
2,9340125646E+4	2,1842872800E-4
2,9340675632E+4	2,1835986900E-4
2,9341237796E+4	2,1825868000E-4
2,9341788248E+4	2,1825346900E-4
2,9342347806E+4	2,1830666900E-4
2,9342899521E+4	2,1825480600E-4
2,9343455011E+4	2,1807498100E-4
2,9344005592E+4	2,1823204500E-4
2,9344563235E+4	2,1812898800E-4
2,9345114423E+4	2,1779772500E-4
2,9345670766E+4	2,1786098000E-4
2,9346224573E+4	2,1779758700E-4
2,9346779172E+4	2,1775504000E-4
2,9347330391E+4	2,1780552000E-4